0.000000000000000000e+00 1.774939999999747897e+01
6.000000000000000125e-03 1.730449999999747845e+01
1.200000000000000025e-02 1.606369999999747833e+01
1.799999999999999864e-02 1.426109999999747835e+01
2.400000000000000050e-02 1.217719999999747671e+01
2.999999999999999889e-02 1.006369999999747833e+01
3.599999999999999728e-02 8.107899999997478346e+00
4.200000000000000261e-02 6.423909999997478693e+00
4.800000000000000100e-02 5.058219999997478844e+00
5.399999999999999939e-02 4.004119999997478807e+00
5.999999999999999778e-02 3.221029999997478299e+00
6.600000000000000311e-02 2.653669999997478435e+00
7.199999999999999456e-02 2.246519999997478312e+00
7.799999999999999989e-02 1.951929999997478182e+00
8.400000000000000522e-02 1.733069999997478350e+00
8.999999999999999667e-02 1.563719999997478238e+00
9.600000000000000200e-02 1.431859999997478150e+00
1.079999999999999988e-01 1.212939999997478147e+00
1.199999999999999956e-01 1.044219999997478165e+00
1.320000000000000062e-01 9.113809999974782361e-01
1.439999999999999891e-01 8.073079999974782650e-01
1.559999999999999998e-01 7.248739999974782577e-01
1.680000000000000104e-01 6.565569999974781856e-01
1.799999999999999933e-01 5.957669999974782860e-01
1.920000000000000040e-01 5.381079999974782702e-01
2.159999999999999976e-01 4.244419999974782254e-01
2.399999999999999911e-01 3.171349999974782397e-01
2.640000000000000124e-01 2.259709999974782724e-01
2.879999999999999782e-01 1.570789999974782636e-01
3.119999999999999996e-01 1.101759999974782633e-01
3.360000000000000209e-01 8.075729999747827126e-02
3.599999999999999867e-01 6.288069999747826488e-02
3.840000000000000080e-01 5.189979999747826311e-02
4.319999999999999951e-01 3.569629999747826049e-02
4.799999999999999822e-01 2.422539999747826134e-02
5.280000000000000249e-01 1.691139999747826028e-02
5.759999999999999565e-01 1.097719999747825970e-02
6.239999999999999991e-01 7.959089997478260500e-03
6.720000000000000417e-01 6.261799997478260764e-03
7.199999999999999734e-01 3.096729997478260901e-03
7.680000000000000160e-01 6.809919974782609447e-04
8.639999999999999902e-01 -3.429610002521738931e-03
9.599999999999999645e-01 -1.928930002521738818e-03
1.056000000000000050e+00 -3.366470002521738773e-03
1.151999999999999913e+00 -5.018000002521738785e-03
1.247999999999999998e+00 -3.753740002521739096e-03
1.344000000000000083e+00 -3.853350002521739072e-03
1.439999999999999947e+00 -2.308760002521738873e-03
1.536000000000000032e+00 -4.574940002521739324e-03
1.727999999999999980e+00 -4.966100002521739096e-03
1.919999999999999929e+00 -4.463910002521738647e-03
2.112000000000000099e+00 -3.935500002521738656e-03
2.303999999999999826e+00 -3.927830002521739104e-03
2.495999999999999996e+00 -1.952890002521738989e-03
2.688000000000000167e+00 -2.533440002521738978e-03
2.879999999999999893e+00 -4.963820002521738758e-03
3.072000000000000064e+00 -3.096000002521738688e-03
3.455999999999999961e+00 -2.800630002521739027e-03
3.839999999999999858e+00 -1.672890002521738905e-03
4.224000000000000199e+00 -1.271400002521738898e-03
4.607999999999999652e+00 -1.290910002521738825e-03
4.991999999999999993e+00 -2.412290002521738988e-03
5.376000000000000334e+00 -1.525890002521738910e-03
5.759999999999999787e+00 -5.674690025217390271e-04
6.144000000000000128e+00 -7.234430025217390486e-04
6.911999999999999922e+00 -1.465580002521738858e-03
7.679999999999999716e+00 4.418469974782610380e-04
8.448000000000000398e+00 -7.998660025217389910e-04
9.215999999999999304e+00 -6.664200025217390357e-04
9.983999999999999986e+00 -4.906340025217389945e-04
1.075200000000000067e+01 -6.688370025217390364e-04
1.151999999999999957e+01 1.074739997478261133e-03
1.228800000000000026e+01 1.161409997478261196e-03
1.382399999999999984e+01 -2.986280025217389494e-04
1.535999999999999943e+01 -1.369030002521738924e-03
1.689600000000000080e+01 4.591839974782610653e-04
1.843199999999999861e+01 6.659114782610338225e-07
1.996799999999999997e+01 6.162457478261033522e-06
2.150400000000000134e+01 2.822119974782610527e-04
2.303999999999999915e+01 1.567969974782610211e-04
2.457600000000000051e+01 1.239119974782610268e-04
2.764799999999999969e+01 2.080319747826103575e-05
3.071999999999999886e+01 3.431049974782610676e-04
3.379200000000000159e+01 -2.021200025217389715e-04
3.686399999999999721e+01 -8.397750252173895530e-05
3.993599999999999994e+01 1.978269974782610264e-04
4.300800000000000267e+01 1.120059974782610361e-04
4.607999999999999829e+01 1.214059974782610342e-04
4.915200000000000102e+01 -3.389100025217389408e-04
5.529599999999999937e+01 3.177959974782610698e-04
6.143999999999999773e+01 -1.514510025217389862e-04
6.758400000000000318e+01 1.460339974782610159e-04
7.372799999999999443e+01 -1.257660252173896609e-05
7.987199999999999989e+01 9.262859747826103420e-05
8.601600000000000534e+01 1.698409974782610270e-04
9.215999999999999659e+01 1.091009974782610359e-04
9.830400000000000205e+01 -1.666140025217389628e-04
1.105919999999999987e+02 2.768419747826103645e-05
1.228799999999999955e+02 -1.249000025217389756e-04
1.351680000000000064e+02 4.860609747826103344e-05
1.474559999999999889e+02 2.654439974782610398e-04
1.597439999999999998e+02 -1.341420252173896634e-05
1.720320000000000107e+02 1.521619974782610358e-04
1.843199999999999932e+02 6.633949747826103547e-05
1.966080000000000041e+02 8.482147478261032822e-06
2.211839999999999975e+02 1.663479974782610250e-04
2.457599999999999909e+02 1.858739747826103572e-05
2.703360000000000127e+02 1.139099974782610368e-04
2.949119999999999777e+02 8.189039747826104272e-05
3.194879999999999995e+02 4.604919747826103087e-05
3.440640000000000214e+02 -9.984890252173896736e-05
3.686399999999999864e+02 -1.759790025217389654e-04
3.932160000000000082e+02 -1.129630025217389576e-04
4.423679999999999950e+02 3.708519747826103334e-05
4.915199999999999818e+02 -4.967670252173896685e-05
5.406720000000000255e+02 -1.526540025217389812e-04
5.898239999999999554e+02 -3.909250252173896746e-05
6.389759999999999991e+02 -2.841880252173896494e-05
6.881280000000000427e+02 -5.672390252173896945e-05
7.372799999999999727e+02 -2.241170252173896617e-05
7.864320000000000164e+02 9.995999747826103655e-05
8.847359999999999900e+02 1.027189747826103377e-05
9.830399999999999636e+02 -3.696420252173896956e-05
1.081339999999999918e+03 -5.477482521738966032e-06
1.179650000000000091e+03 -1.020410025217389561e-04
1.277950000000000045e+03 -1.124410252173896656e-05
1.376259999999999991e+03 2.833859747826103479e-05
1.474559999999999945e+03 5.871169747826103372e-05
1.572859999999999900e+03 -3.150630252173896884e-05
1.769470000000000027e+03 -1.397170025217389796e-04
1.966079999999999927e+03 1.943789747826103376e-05
2.162690000000000055e+03 2.704457478261033765e-06
2.359300000000000182e+03 6.141049747826104251e-05
2.555900000000000091e+03 -9.284220252173896548e-05
2.752510000000000218e+03 -1.626360252173896653e-05
2.949119999999999891e+03 -2.760685217389661990e-07
3.145730000000000018e+03 -5.535212521738965901e-06
3.538940000000000055e+03 8.489897478261032875e-06
3.932159999999999854e+03 -1.140430252173896717e-05
4.325380000000000109e+03 -6.275242521738965997e-06
4.718590000000000146e+03 4.290109747826103301e-05
5.111810000000000400e+03 1.562309747826103431e-05
5.505020000000000437e+03 -1.875160252173896372e-05
5.898239999999999782e+03 -1.024270252173896629e-05
6.291460000000000036e+03 3.303109747826103433e-05
7.077890000000000327e+03 1.828789747826103630e-05
7.864319999999999709e+03 -8.510472521738967464e-06
8.650750000000000000e+03 -2.756290252173896523e-05
9.437180000000000291e+03 1.798657478261033899e-06
1.022360000000000036e+04 -6.273672521738966281e-06
1.101000000000000000e+04 -2.462415217389661795e-07
1.179650000000000000e+04 1.180047478261033947e-06
1.258289999999999964e+04 5.244667478261034301e-06
1.415579999999999927e+04 -1.498300252173896731e-05
1.572860000000000036e+04 -1.182230252173896723e-05
1.730150000000000000e+04 6.077727478261033742e-06
1.887440000000000146e+04 -3.228650252173897198e-05
2.044720000000000073e+04 7.358817478261034210e-06
2.202009999999999854e+04 3.885907478261034117e-06
2.359300000000000000e+04 -2.452442521738965938e-06
2.516579999999999927e+04 -6.052912521738966043e-06
2.831159999999999854e+04 -2.636892521738965925e-06
3.145729999999999927e+04 1.564359747826103521e-05
3.460300000000000000e+04 -4.282442521738966205e-06
3.774869999999999709e+04 1.090779747826103390e-05
4.089450000000000000e+04 9.926367478261033031e-06
4.404019999999999709e+04 1.222149747826103286e-05
4.718590000000000146e+04 5.305857478261033964e-06
5.033159999999999854e+04 1.353079747826103233e-05
5.662309999999999854e+04 1.095239747826103344e-05
6.291459999999999854e+04 3.114587478261033851e-06
6.920600000000000000e+04 1.222569747826103360e-05
7.549750000000000000e+04 9.955317478261033830e-06
8.178889999999999418e+04 2.009949747826103434e-05
8.808039999999999418e+04 -4.313312521738965792e-06
9.437180000000000291e+04 -5.195142521738965953e-06
1.006630000000000000e+05 -8.478045217389662041e-07
1.132460000000000000e+05 8.220747478261032241e-06
1.258290000000000000e+05 2.865347478261033930e-06
1.384120000000000000e+05 -9.430592521738967050e-06
1.509950000000000000e+05 5.317977478261033943e-06
1.635780000000000000e+05 -3.481482521738965999e-06
1.761610000000000000e+05 -9.733622521738967772e-06
1.887440000000000000e+05 -1.517672521738965992e-06
2.013270000000000000e+05 3.935287478261034312e-06
2.264920000000000000e+05 -9.668902521738966806e-06
2.516580000000000000e+05 5.262177478261033563e-06
2.768240000000000000e+05 -2.156390252173896388e-05
3.019900000000000000e+05 9.271467478261033592e-06
3.271560000000000000e+05 -3.195920252173896581e-05
3.523220000000000000e+05 -7.039662521738966379e-06
