0.000000000000000000e+00 3.707089999997133845e+01
3.000000000000000062e-03 3.696229999997133575e+01
6.000000000000000125e-03 3.663829999997133768e+01
8.999999999999999320e-03 3.610379999997133638e+01
1.200000000000000025e-02 3.536699999997133403e+01
1.499999999999999944e-02 3.443879999997133723e+01
1.799999999999999864e-02 3.333269999997133937e+01
2.100000000000000130e-02 3.206449999997133915e+01
2.400000000000000050e-02 3.065139999997133202e+01
2.699999999999999969e-02 2.911219999997133456e+01
2.999999999999999889e-02 2.746619999997133377e+01
3.300000000000000155e-02 2.573319999997133323e+01
3.599999999999999728e-02 2.393309999997133275e+01
3.899999999999999994e-02 2.208509999997133377e+01
4.200000000000000261e-02 2.020779999997133203e+01
4.499999999999999833e-02 1.831879999997133268e+01
4.800000000000000100e-02 1.643939999997133228e+01
5.399999999999999939e-02 1.274959999997133231e+01
5.999999999999999778e-02 9.237159999971332525e+00
6.600000000000000311e-02 5.978999999971333246e+00
7.199999999999999456e-02 3.028659999971333061e+00
7.799999999999999989e-02 4.188059999713333315e-01
8.400000000000000522e-02 -1.835100000028666578e+00
8.999999999999999667e-02 -3.730950000028666835e+00
9.600000000000000200e-02 -5.192220000028666682e+00
1.079999999999999988e-01 -7.302060000028666842e+00
1.199999999999999956e-01 -8.227090000028667305e+00
1.320000000000000062e-01 -8.152300000028667171e+00
1.439999999999999891e-01 -7.284310000028666465e+00
1.559999999999999998e-01 -5.851060000028667218e+00
1.680000000000000104e-01 -4.095320000028666918e+00
1.799999999999999933e-01 -2.255910000028666929e+00
1.920000000000000040e-01 -6.104600000286666273e-01
2.159999999999999976e-01 1.876699999971333410e+00
2.399999999999999911e-01 2.955419999971333311e+00
2.640000000000000124e-01 2.983689999971333329e+00
2.879999999999999782e-01 2.578759999971333094e+00
3.119999999999999996e-01 2.189889999971333268e+00
3.360000000000000209e-01 1.955069999971333461e+00
3.599999999999999867e-01 1.788379999971333456e+00
3.840000000000000080e-01 1.533449999971333355e+00
4.319999999999999951e-01 8.378759999713333295e-01
4.799999999999999822e-01 2.290869999713333605e-01
5.280000000000000249e-01 4.667879997133333320e-02
5.759999999999999565e-01 1.731939999713333345e-01
6.239999999999999991e-01 3.712819999713333208e-01
6.720000000000000417e-01 4.931299999713333326e-01
7.199999999999999734e-01 4.886749999713333459e-01
7.680000000000000160e-01 4.096409999713332972e-01
8.639999999999999902e-01 2.799149999713333448e-01
9.599999999999999645e-01 2.139859999713333572e-01
1.056000000000000050e+00 1.982789999713333584e-01
1.151999999999999913e+00 1.715869999713333371e-01
1.247999999999999998e+00 1.418399999713333415e-01
1.344000000000000083e+00 1.298749999713333381e-01
1.439999999999999947e+00 1.229119999713333272e-01
1.536000000000000032e+00 1.193829999713333367e-01
1.727999999999999980e+00 1.178609999713333273e-01
1.919999999999999929e+00 1.234389999713333269e-01
2.112000000000000099e+00 1.295129999713333369e-01
2.303999999999999826e+00 1.329969999713333517e-01
2.495999999999999996e+00 1.253579999713333448e-01
2.688000000000000167e+00 1.243879999713333323e-01
2.879999999999999893e+00 1.153289999713333347e-01
3.072000000000000064e+00 1.042669999713333323e-01
3.455999999999999961e+00 8.477269997133334012e-02
3.839999999999999858e+00 6.807759997133333574e-02
4.224000000000000199e+00 5.728939997133333101e-02
4.607999999999999652e+00 5.136879997133333292e-02
4.991999999999999993e+00 4.273549997133333639e-02
5.376000000000000334e+00 3.261989997133333402e-02
5.759999999999999787e+00 2.903019997133333627e-02
6.144000000000000128e+00 2.576189997133333798e-02
6.911999999999999922e+00 2.011769997133333598e-02
7.679999999999999716e+00 1.031069997133333624e-02
8.448000000000000398e+00 8.495919971333336027e-03
9.215999999999999304e+00 9.029279971333336111e-03
9.983999999999999986e+00 7.224509971333336299e-03
1.075200000000000067e+01 6.404709971333336430e-03
1.151999999999999957e+01 2.472809971333336538e-03
1.228800000000000026e+01 2.773319971333336464e-03
1.382399999999999984e+01 1.100039971333336168e-03
1.535999999999999943e+01 4.280929713333361721e-04
1.689600000000000080e+01 -5.877890286666637891e-04
1.843199999999999861e+01 -6.754100286666637554e-04
1.996799999999999997e+01 -6.503580286666637384e-04
2.150400000000000134e+01 -2.477922866666380815e-05
2.303999999999999915e+01 -7.278860286666637321e-04
2.457600000000000051e+01 1.470179713333362112e-04
2.764799999999999969e+01 6.529649713333362648e-04
3.071999999999999886e+01 -1.155190028666663827e-03
3.379200000000000159e+01 -7.748070286666637390e-04
3.686399999999999721e+01 7.265119713333362435e-04
3.993599999999999994e+01 6.815059713333362478e-04
4.300800000000000267e+01 9.244469713333362381e-04
4.607999999999999829e+01 2.148859971333336172e-03
4.915200000000000102e+01 1.376399713333361936e-04
5.529599999999999937e+01 -7.510930286666637557e-04
6.143999999999999773e+01 -6.166780286666637221e-04
6.758400000000000318e+01 -8.804222866666380537e-05
7.372799999999999443e+01 -2.403470286666637909e-04
7.987199999999999989e+01 2.044479713333362085e-04
8.601600000000000534e+01 -1.469110028666663912e-03
9.215999999999999659e+01 -6.916140286666637785e-04
9.830400000000000205e+01 -3.319080286666638313e-04
1.105919999999999987e+02 -9.396352866666381253e-05
1.228799999999999955e+02 -4.954450286666637259e-04
1.351680000000000064e+02 1.283029971333336230e-03
1.474559999999999889e+02 -4.767070286666638115e-04
1.597439999999999998e+02 2.634039713333361909e-04
1.720320000000000107e+02 -5.798290286666637908e-04
1.843199999999999932e+02 2.260769713333362144e-04
1.966080000000000041e+02 7.360339713333362245e-04
2.211839999999999975e+02 -3.738692866666380943e-05
2.457599999999999909e+02 -3.949780286666638085e-04
2.703360000000000127e+02 -2.677800286666638381e-04
2.949119999999999777e+02 -5.387530286666637660e-04
3.194879999999999995e+02 -9.688222866666380882e-05
3.440640000000000214e+02 -8.873722866666381142e-05
3.686399999999999864e+02 -3.326618666663806801e-06
3.932160000000000082e+02 1.362039713333362161e-04
4.423679999999999950e+02 2.977629713333361646e-04
4.915199999999999818e+02 4.072147133333618968e-05
5.406720000000000255e+02 3.111809713333361775e-04
5.898239999999999554e+02 2.198179713333361918e-04
6.389759999999999991e+02 -3.469160286666638339e-04
6.881280000000000427e+02 1.302199713333362138e-04
7.372799999999999727e+02 2.394419713333362058e-04
7.864320000000000164e+02 1.067309713333361952e-04
8.847359999999999900e+02 -3.324200286666638155e-04
9.830399999999999636e+02 -1.433300286666637946e-04
1.081339999999999918e+03 7.550637133333619607e-05
1.179650000000000091e+03 4.596207133333618826e-05
1.277950000000000045e+03 1.203919713333361852e-04
1.376259999999999991e+03 1.971269713333362154e-04
1.474559999999999945e+03 -2.224010286666637970e-04
1.572859999999999900e+03 5.810337133333618668e-05
1.769470000000000027e+03 -9.331512866666381379e-05
1.966079999999999927e+03 -9.087092866666380761e-05
2.162690000000000055e+03 -3.515110286666638128e-04
2.359300000000000182e+03 -8.623992866666380401e-05
2.555900000000000091e+03 -8.913372866666380669e-05
2.752510000000000218e+03 -1.800690286666637829e-04
2.949119999999999891e+03 1.615969713333362083e-04
3.145730000000000018e+03 -3.829712866666381302e-05
3.538940000000000055e+03 9.593567133333619375e-05
3.932159999999999854e+03 4.427617133333619140e-05
4.325380000000000109e+03 -1.115340286666638165e-04
4.718590000000000146e+03 9.767207133333619291e-05
5.111810000000000400e+03 -8.309242866666380746e-05
5.505020000000000437e+03 -1.532562866666380773e-05
5.898239999999999782e+03 9.841227133333618966e-05
6.291460000000000036e+03 -1.474382866666380595e-05
7.077890000000000327e+03 4.573887133333618673e-05
7.864319999999999709e+03 -1.221460286666638023e-04
8.650750000000000000e+03 5.797987133333618693e-05
9.437180000000000291e+03 -1.186260286666638089e-04
1.022360000000000036e+04 -2.699610286666638092e-04
1.101000000000000000e+04 -3.899682866666380905e-05
1.179650000000000000e+04 -7.137362866666380711e-05
1.258289999999999964e+04 -3.380722866666380710e-05
1.415579999999999927e+04 1.638537133333619410e-05
1.572860000000000036e+04 3.917537133333618766e-05
1.730150000000000000e+04 -1.246320286666638053e-04
1.887440000000000146e+04 -2.873792866666380805e-05
2.044720000000000073e+04 -4.441472866666381015e-05
2.202009999999999854e+04 2.541191333336193436e-06
2.359300000000000000e+04 -1.020190286666638102e-04
2.516579999999999927e+04 -5.410192866666380779e-05
2.831159999999999854e+04 -4.653352866666380755e-05
3.145729999999999927e+04 5.861037133333618708e-05
3.460300000000000000e+04 -1.662592866666380610e-05
3.774869999999999709e+04 -3.951502866666380690e-05
4.089450000000000000e+04 -2.985452866666380681e-05
4.404019999999999709e+04 3.439501333336193226e-06
4.718590000000000146e+04 -1.823142866666380623e-05
5.033159999999999854e+04 4.474961333336193050e-06
5.662309999999999854e+04 -3.854052866666381140e-05
6.291459999999999854e+04 -1.290352866666380597e-05
6.920600000000000000e+04 7.676961333336193902e-06
7.549750000000000000e+04 -3.518172866666381232e-05
8.178889999999999418e+04 -4.150322866666380931e-05
8.808039999999999418e+04 -1.291460286666638098e-04
9.437180000000000291e+04 3.050227133333619441e-05
1.006630000000000000e+05 1.411377133333619369e-05
1.132460000000000000e+05 -1.979978666663806596e-06
1.258290000000000000e+05 -2.579662866666380624e-05
1.384120000000000000e+05 -4.306642866666380816e-05
1.509950000000000000e+05 5.092907133333619000e-05
1.635780000000000000e+05 8.806807133333619474e-05
1.761610000000000000e+05 1.323529713333362152e-04
