1 56.19790104947526
2 11.123938030984508
3 3.754622688655672
4 1.6191904047976011
5 0.8255872063968016
6 0.44177911044477763
7 0.27436281859070466
8 0.15792103948025987
9 0.10694652673663169
10 0.07596201899050475
11 0.05147426286856572
12 0.031484257871064465
13 0.020989505247376312
14 0.01699150424787606
15 0.015992003998001
16 0.011494252873563218
17 0.0074962518740629685
18 0.0069965017491254375
19 0.005497251374312844
20 0.0009995002498750624
21 0.001999000499750125
22 0.0034982508745627187
23 0.0024987506246876563
24 0.0014992503748125937
25 0.0004997501249375312
26 0.0014992503748125937
29 0.0004997501249375312
31 0.0009995002498750624
32 0.0004997501249375312
36 0.0004997501249375312
39 0.0004997501249375312
814 0.0004997501249375312
817 0.0004997501249375312
825 0.0004997501249375312
826 0.0004997501249375312
827 0.0004997501249375312
829 0.0004997501249375312
830 0.0009995002498750624
831 0.0004997501249375312
833 0.0004997501249375312
834 0.0009995002498750624
835 0.0009995002498750624
837 0.0004997501249375312
838 0.0009995002498750624
839 0.0004997501249375312
841 0.0009995002498750624
842 0.001999000499750125
843 0.0009995002498750624
844 0.0009995002498750624
845 0.0009995002498750624
846 0.0004997501249375312
847 0.0009995002498750624
848 0.0024987506246876563
849 0.0034982508745627187
850 0.0009995002498750624
851 0.0014992503748125937
852 0.0034982508745627187
853 0.004997501249375313
854 0.0034982508745627187
855 0.0024987506246876563
856 0.00399800099950025
857 0.0034982508745627187
858 0.005497251374312844
859 0.0024987506246876563
860 0.005997001499250375
861 0.006496751624187906
862 0.0029985007496251873
863 0.009995002498750625
864 0.004997501249375313
865 0.00849575212393803
866 0.008995502248875561
867 0.008995502248875561
868 0.011494252873563218
869 0.009995002498750625
870 0.010494752623688156
871 0.010494752623688156
872 0.012993503248375811
873 0.008995502248875561
874 0.018490754622688656
875 0.013993003498250875
876 0.014992503748125937
877 0.01249375312343828
878 0.013493253373313344
879 0.01999000499750125
880 0.014492753623188406
881 0.018490754622688656
882 0.015992003998001
883 0.019490254872563718
884 0.01999000499750125
885 0.01999000499750125
886 0.022988505747126436
887 0.020989505247376312
888 0.022988505747126436
889 0.022988505747126436
890 0.02148925537231384
891 0.01999000499750125
892 0.02048975512243878
893 0.02498750624687656
894 0.031984007996002
895 0.02498750624687656
896 0.02348825587206397
897 0.021989005497251374
898 0.025987006496751622
899 0.01899050474762619
900 0.0239880059970015
901 0.017991004497751123
902 0.014992503748125937
903 0.022488755622188907
904 0.01699150424787606
905 0.01649175412293853
906 0.015992003998001
907 0.018490754622688656
908 0.01649175412293853
909 0.013993003498250875
910 0.014992503748125937
911 0.0074962518740629685
912 0.008995502248875561
913 0.009495252373813094
914 0.008995502248875561
915 0.009495252373813094
916 0.00849575212393803
917 0.006496751624187906
918 0.008995502248875561
919 0.0069965017491254375
920 0.005997001499250375
921 0.0014992503748125937
922 0.0024987506246876563
923 0.0029985007496251873
924 0.0014992503748125937
925 0.0009995002498750624
926 0.0004997501249375312
927 0.0029985007496251873
928 0.0024987506246876563
929 0.0029985007496251873
930 0.0004997501249375312
932 0.0009995002498750624
933 0.0014992503748125937
934 0.0004997501249375312
936 0.0004997501249375312
945 0.0004997501249375312
