0.000000000000000000e+00 2.398228546387930038e+01 1.264819660000000113e+03 1.290713629999999966e+03
6.000000000000000125e-03 2.372044406387929882e+01 1.264599899999999934e+03 1.290221420000000080e+03
1.200000000000000025e-02 2.294691836387929840e+01 1.263950219999999945e+03 1.288766660000000002e+03
1.799999999999999864e-02 2.169623636387930077e+01 1.262897879999999986e+03 1.286411880000000110e+03
2.400000000000000050e-02 2.002230796387929956e+01 1.261485140000000001e+03 1.283254359999999906e+03
2.999999999999999889e-02 1.799393816387929945e+01 1.259765609999999924e+03 1.279418040000000019e+03
3.599999999999999728e-02 1.568951866387929783e+01 1.257799980000000005e+03 1.275043879999999945e+03
4.200000000000000261e-02 1.319158766387929660e+01 1.255651740000000018e+03 1.270280130000000099e+03
4.800000000000000100e-02 1.058185746387929704e+01 1.253383340000000089e+03 1.265273439999999937e+03
5.399999999999999939e-02 7.937144343879298347e+00 1.251053210000000036e+03 1.260161759999999958e+03
5.999999999999999778e-02 5.326433593879298378e+00 1.248713760000000093e+03 1.255069300000000112e+03
6.600000000000000311e-02 2.809127223879297475e+00 1.246410419999999931e+03 1.250103720000000067e+03
7.199999999999999456e-02 4.343731708792978319e-01 1.244181569999999965e+03 1.245355319999999892e+03
7.799999999999999989e-02 -1.758723286120702056e+00 1.242059089999999969e+03 1.240897729999999910e+03
8.400000000000000522e-02 -3.740256686120702501e+00 1.240069340000000011e+03 1.236789669999999887e+03
8.999999999999999667e-02 -5.488307146120702029e+00 1.238234320000000025e+03 1.233077199999999948e+03
9.600000000000000200e-02 -6.922921846120702050e+00 1.236619989999999916e+03 1.229910840000000007e+03
1.079999999999999988e-01 -9.137847326120702718e+00 1.233885389999999916e+03 1.224755190000000084e+03
1.199999999999999956e-01 -1.029309633612070307e+01 1.232008119999999963e+03 1.221567060000000083e+03
1.320000000000000062e-01 -1.040752353612070280e+01 1.231054049999999961e+03 1.220395780000000059e+03
1.439999999999999891e-01 -9.550326496120701947e+00 1.231036070000000109e+03 1.221182289999999966e+03
1.559999999999999998e-01 -7.849108466120702232e+00 1.231896760000000086e+03 1.223735020000000077e+03
1.680000000000000104e-01 -5.496837666120701904e+00 1.233501070000000027e+03 1.227717329999999947e+03
1.799999999999999933e-01 -2.747561756120702192e+00 1.235645610000000033e+03 1.232662980000000061e+03
1.920000000000000040e-01 5.538320597929782818e-02 1.238094720000000052e+03 1.237988399999999956e+03
2.159999999999999976e-01 4.800460523879298336e+00 1.242771199999999908e+03 1.247580729999999903e+03
2.399999999999999911e-01 7.186368043879298284e+00 1.246151100000000042e+03 1.253529880000000048e+03
2.640000000000000124e-01 6.929938603879298498e+00 1.247607269999999971e+03 1.254884569999999940e+03
2.879999999999999782e-01 4.923969143879298294e+00 1.247289160000000038e+03 1.252647680000000037e+03
3.119999999999999996e-01 2.398500923879297808e+00 1.245772400000000061e+03 1.248609619999999950e+03
3.360000000000000209e-01 2.733964308792978248e-01 1.243791009999999915e+03 1.244440290000000005e+03
3.599999999999999867e-01 -1.025825226120702149e+00 1.241981809999999996e+03 1.241231530000000021e+03
3.840000000000000080e-01 -1.343628256120702025e+00 1.240806810000000041e+03 1.239623820000000023e+03
4.319999999999999951e-01 -9.590377361207022000e-01 1.239656700000000001e+03 1.238651260000000093e+03
4.799999999999999822e-01 -2.804769221207021324e-01 1.239859359999999924e+03 1.239446639999999888e+03
5.280000000000000249e-01 1.676951178792978336e-01 1.240790760000000091e+03 1.240903859999999895e+03
5.759999999999999565e-01 6.997955968792978210e-01 1.241964919999999893e+03 1.242774660000000040e+03
6.239999999999999991e-01 9.015498018792977852e-01 1.242557900000000018e+03 1.243687779999999975e+03
6.720000000000000417e-01 5.089648088792977365e-01 1.242141990000000078e+03 1.242859259999999949e+03
7.199999999999999734e-01 -1.166320501207021715e-01 1.241157519999999977e+03 1.241132329999999911e+03
7.680000000000000160e-01 -2.775451741207021761e-01 1.240647729999999910e+03 1.240393330000000105e+03
8.639999999999999902e-01 1.615136858792978469e-01 1.241068350000000009e+03 1.241309099999999944e+03
9.599999999999999645e-01 1.837798048792978478e-01 1.241380940000000010e+03 1.241702610000000050e+03
1.056000000000000050e+00 -4.655919152070216865e-02 1.240931970000000092e+03 1.240968280000000050e+03
1.151999999999999913e+00 6.180697667929783284e-02 1.240986059999999952e+03 1.241138950000000023e+03
1.247999999999999998e+00 2.627042207929783033e-02 1.241011379999999917e+03 1.241131280000000061e+03
1.344000000000000083e+00 2.970011607929783082e-02 1.241002690000000030e+03 1.241129040000000032e+03
1.439999999999999947e+00 2.205385257929783072e-02 1.240938169999999900e+03 1.241044110000000046e+03
1.536000000000000032e+00 2.752618887929782904e-02 1.240936879999999974e+03 1.241042699999999968e+03
1.727999999999999980e+00 4.049680037929782872e-02 1.240928879999999936e+03 1.241039369999999963e+03
1.919999999999999929e+00 5.763149737929783301e-02 1.240907020000000102e+03 1.241023809999999912e+03
2.112000000000000099e+00 7.487794307929783455e-02 1.240881300000000010e+03 1.241001029999999901e+03
2.303999999999999826e+00 9.368724577929782305e-02 1.240876690000000053e+03 1.241006820000000062e+03
2.495999999999999996e+00 1.087785638792978238e-01 1.240855340000000069e+03 1.240995809999999892e+03
2.688000000000000167e+00 1.187420428792978350e-01 1.240846990000000005e+03 1.240988759999999957e+03
2.879999999999999893e+00 1.177210338792978317e-01 1.240850089999999909e+03 1.240994850000000042e+03
3.072000000000000064e+00 1.171917148792978314e-01 1.240833290000000034e+03 1.240972359999999981e+03
3.455999999999999961e+00 1.106008818792978271e-01 1.240837680000000091e+03 1.240975989999999911e+03
3.839999999999999858e+00 9.939477377929782642e-02 1.240841179999999895e+03 1.240966480000000047e+03
4.224000000000000199e+00 8.286669447929782828e-02 1.240835589999999911e+03 1.240945099999999911e+03
4.607999999999999652e+00 7.775219037929782806e-02 1.240835399999999936e+03 1.240940740000000005e+03
4.991999999999999993e+00 6.969599177929783340e-02 1.240822149999999965e+03 1.240918429999999944e+03
5.376000000000000334e+00 6.414415127929783134e-02 1.240817620000000034e+03 1.240907940000000053e+03
5.759999999999999787e+00 6.570765247929782893e-02 1.240801009999999906e+03 1.240885150000000067e+03
6.144000000000000128e+00 6.466499637929783162e-02 1.240796620000000075e+03 1.240878060000000005e+03
6.911999999999999922e+00 6.300198567929782278e-02 1.240779989999999998e+03 1.240860140000000001e+03
7.679999999999999716e+00 5.750157587929782821e-02 1.240771310000000085e+03 1.240845330000000104e+03
8.448000000000000398e+00 5.266153057929782999e-02 1.240759690000000091e+03 1.240828099999999949e+03
9.215999999999999304e+00 5.041796297929782705e-02 1.240751070000000027e+03 1.240816820000000007e+03
9.983999999999999986e+00 4.716096997929782736e-02 1.240744830000000093e+03 1.240806430000000091e+03
1.075200000000000067e+01 4.272008527929783278e-02 1.240744279999999890e+03 1.240799690000000055e+03
1.151999999999999957e+01 4.132346847929783268e-02 1.240727910000000065e+03 1.240780119999999897e+03
1.228800000000000026e+01 3.957404767929782741e-02 1.240721000000000004e+03 1.240770119999999906e+03
1.382399999999999984e+01 3.565451497929782859e-02 1.240714649999999892e+03 1.240760579999999891e+03
1.535999999999999943e+01 3.258811497929783169e-02 1.240708049999999957e+03 1.240748260000000073e+03
1.689600000000000080e+01 2.878441907929783078e-02 1.240692129999999906e+03 1.240729100000000017e+03
1.843199999999999861e+01 2.778590017929782885e-02 1.240680329999999913e+03 1.240716409999999996e+03
1.996799999999999997e+01 2.496686387929783132e-02 1.240678990000000113e+03 1.240713070000000016e+03
2.150400000000000134e+01 2.438949907929783070e-02 1.240677660000000060e+03 1.240709859999999935e+03
2.303999999999999915e+01 2.241239007929782950e-02 1.240668679999999995e+03 1.240698889999999892e+03
2.457600000000000051e+01 2.078785437929783070e-02 1.240661910000000034e+03 1.240688660000000027e+03
2.764799999999999969e+01 1.813624077929782905e-02 1.240653810000000021e+03 1.240678120000000035e+03
3.071999999999999886e+01 1.654350267929782792e-02 1.240647719999999936e+03 1.240667889999999943e+03
3.379200000000000159e+01 1.536204127929782955e-02 1.240641450000000077e+03 1.240658660000000054e+03
3.686399999999999721e+01 1.413798897929782923e-02 1.240641609999999901e+03 1.240658740000000080e+03
3.993599999999999994e+01 1.185315567929783043e-02 1.240634379999999965e+03 1.240649920000000066e+03
4.300800000000000267e+01 1.121231547929782933e-02 1.240631990000000087e+03 1.240647830000000113e+03
4.607999999999999829e+01 1.146527847929782948e-02 1.240623149999999896e+03 1.240637870000000021e+03
4.915200000000000102e+01 1.079856807929783016e-02 1.240624970000000076e+03 1.240639059999999972e+03
5.529599999999999937e+01 8.554918769297830197e-03 1.240627030000000104e+03 1.240636590000000069e+03
6.143999999999999773e+01 8.305888259297828854e-03 1.240623990000000049e+03 1.240634710000000041e+03
6.758400000000000318e+01 6.359973069297829296e-03 1.240624019999999973e+03 1.240631650000000036e+03
7.372799999999999443e+01 4.997878529297829393e-03 1.240621499999999969e+03 1.240626950000000079e+03
7.987199999999999989e+01 4.328038629297829322e-03 1.240618780000000015e+03 1.240623929999999973e+03
8.601600000000000534e+01 4.332747069297829268e-03 1.240620609999999942e+03 1.240627660000000105e+03
9.215999999999999659e+01 3.980990239297829171e-03 1.240613029999999981e+03 1.240618629999999939e+03
9.830400000000000205e+01 2.911812079297830189e-03 1.240616140000000087e+03 1.240619989999999916e+03
1.105919999999999987e+02 2.407697259297830045e-03 1.240616690000000062e+03 1.240620660000000044e+03
1.228799999999999955e+02 2.141032529297830136e-03 1.240616719999999987e+03 1.240618310000000065e+03
1.351680000000000064e+02 1.707757749297830014e-03 1.240617369999999937e+03 1.240619709999999941e+03
1.474559999999999889e+02 9.184289002978298809e-04 1.240616420000000062e+03 1.240617880000000014e+03
1.597439999999999998e+02 9.588378062978299707e-04 1.240617870000000039e+03 1.240619819999999891e+03
1.720320000000000107e+02 9.088951952978299416e-04 1.240618030000000090e+03 1.240618120000000090e+03
1.843199999999999932e+02 1.321745069297830099e-03 1.240613160000000107e+03 1.240613920000000007e+03
1.966080000000000041e+02 7.483948052978299298e-04 1.240617279999999937e+03 1.240617349999999988e+03
2.211839999999999975e+02 -2.351965216217007511e-05 1.240622200000000021e+03 1.240621840000000020e+03
2.457599999999999909e+02 -9.446389237021701225e-04 1.240623119999999972e+03 1.240621679999999969e+03
2.703360000000000127e+02 -2.515105327021700636e-04 1.240630550000000085e+03 1.240630969999999934e+03
2.949119999999999777e+02 8.423911497829922486e-06 1.240630419999999958e+03 1.240630969999999934e+03
3.194879999999999995e+02 -2.030980437021700829e-04 1.240632039999999961e+03 1.240632049999999936e+03
3.440640000000000214e+02 -4.506387957021700647e-04 1.240632139999999936e+03 1.240630679999999984e+03
3.686399999999999864e+02 -8.020271910217007872e-05 1.240635510000000068e+03 1.240635929999999917e+03
3.932160000000000082e+02 -5.218290150217007691e-05 1.240632409999999936e+03 1.240633059999999887e+03
4.423679999999999950e+02 3.720601122978299015e-04 1.240635590000000093e+03 1.240636569999999892e+03
4.915199999999999818e+02 4.951220122978299302e-04 1.240638390000000072e+03 1.240638819999999896e+03
5.406720000000000255e+02 6.175193172978299047e-04 1.240640580000000000e+03 1.240641509999999926e+03
5.898239999999999554e+02 2.183342882978299318e-04 1.240638740000000098e+03 1.240638310000000047e+03
6.389759999999999991e+02 -1.473580597021700682e-04 1.240634649999999965e+03 1.240633569999999963e+03
6.881280000000000427e+02 -1.889507561217007722e-05 1.240632129999999961e+03 1.240633589999999913e+03
7.372799999999999727e+02 -4.241816297021700562e-04 1.240635620000000017e+03 1.240634109999999964e+03
7.864320000000000164e+02 -4.311596817021701058e-04 1.240637120000000095e+03 1.240635960000000068e+03
8.847359999999999900e+02 4.645435632978299175e-04 1.240639390000000049e+03 1.240639760000000024e+03
9.830399999999999636e+02 1.184971562978299174e-04 1.240645220000000108e+03 1.240645680000000084e+03
1.081339999999999918e+03 1.865134729782992753e-05 1.240646359999999959e+03 1.240647609999999986e+03
1.179650000000000091e+03 4.523715772978298974e-04 1.240646690000000035e+03 1.240647330000000011e+03
1.277950000000000045e+03 4.174571902978299414e-04 1.240641360000000077e+03 1.240642180000000053e+03
1.376259999999999991e+03 1.952396639782992685e-05 1.240639740000000074e+03 1.240640229999999974e+03
1.474559999999999945e+03 3.349654522978299425e-04 1.240632360000000062e+03 1.240632790000000114e+03
1.572859999999999900e+03 -1.987433317021700758e-04 1.240619040000000041e+03 1.240619560000000092e+03
1.769470000000000027e+03 7.149963569782992120e-05 1.240624009999999998e+03 1.240623280000000022e+03
1.966079999999999927e+03 -2.127914067021700862e-04 1.240627469999999903e+03 1.240626369999999952e+03
2.162690000000000055e+03 -2.321603347021700863e-04 1.240630259999999907e+03 1.240630020000000059e+03
2.359300000000000182e+03 5.004325279782992597e-05 1.240624150000000100e+03 1.240624659999999949e+03
2.555900000000000091e+03 -2.242286997021700732e-04 1.240619099999999889e+03 1.240619320000000016e+03
2.752510000000000218e+03 -7.695707950217006731e-05 1.240621900000000096e+03 1.240621309999999994e+03
2.949119999999999891e+03 -2.588253777021700666e-04 1.240618069999999989e+03 1.240617349999999988e+03
3.145730000000000018e+03 -2.655034127021700685e-04 1.240615530000000035e+03 1.240615219999999908e+03
3.538940000000000055e+03 -1.593487117021700908e-04 1.240621779999999944e+03 1.240621570000000020e+03
3.932159999999999854e+03 -1.358625987021700831e-04 1.240628979999999956e+03 1.240629050000000007e+03
4.325380000000000109e+03 -2.837617347021700832e-04 1.240625620000000026e+03 1.240625019999999950e+03
4.718590000000000146e+03 -5.605432850217007565e-05 1.240622450000000072e+03 1.240622540000000072e+03
5.111810000000000400e+03 1.337698812978299059e-04 1.240636639999999943e+03 1.240636809999999969e+03
5.505020000000000437e+03 1.884140792978299150e-04 1.240641450000000077e+03 1.240641820000000052e+03
5.898239999999999782e+03 -9.606540480217007870e-05 1.240639490000000023e+03 1.240639409999999998e+03
6.291460000000000036e+03 -2.258043277021700823e-04 1.240648200000000088e+03 1.240647619999999961e+03
7.077890000000000327e+03 -1.603437837021700740e-04 1.240654719999999998e+03 1.240654549999999972e+03
7.864319999999999709e+03 -5.496519240217007611e-05 1.240644639999999981e+03 1.240644610000000057e+03
8.650750000000000000e+03 2.772722897829924671e-06 1.240664050000000088e+03 1.240663980000000038e+03
9.437180000000000291e+03 1.397887672978299120e-04 1.240668570000000045e+03 1.240668239999999969e+03
1.022360000000000036e+04 8.591808929782991308e-05 1.240660900000000083e+03 1.240661270000000059e+03
1.101000000000000000e+04 7.460564329782993056e-05 1.240665019999999913e+03 1.240665009999999938e+03
1.179650000000000000e+04 -1.119222978021700802e-04 1.240655199999999923e+03 1.240655310000000100e+03
1.258289999999999964e+04 -6.755243520217008436e-05 1.240657699999999977e+03 1.240657709999999952e+03
1.415579999999999927e+04 -1.968129667021700942e-04 1.240646909999999934e+03 1.240646680000000060e+03
1.572860000000000036e+04 7.635388229782993528e-05 1.240650720000000092e+03 1.240650779999999941e+03
1.730150000000000000e+04 -6.352807490217008400e-05 1.240655160000000024e+03 1.240655119999999897e+03
1.887440000000000146e+04 -5.493058230217007584e-05 1.240665040000000090e+03 1.240665119999999888e+03
2.044720000000000073e+04 7.768854529782991299e-05 1.240672060000000101e+03 1.240672420000000102e+03
2.202009999999999854e+04 4.145600589782992427e-05 1.240682530000000042e+03 1.240682559999999967e+03
2.359300000000000000e+04 -3.734818920217007377e-05 1.240710379999999986e+03 1.240710630000000037e+03
2.516579999999999927e+04 6.695924997829921679e-06 1.240688910000000078e+03 1.240689080000000104e+03
2.831159999999999854e+04 -9.600357402170077306e-06 1.240681119999999964e+03 1.240681170000000066e+03
3.145729999999999927e+04 8.607544929782991660e-05 1.240653960000000097e+03 1.240654109999999946e+03
3.460300000000000000e+04 -2.473176320217007599e-05 1.240677500000000009e+03 1.240677599999999984e+03
3.774869999999999709e+04 1.087499589782992617e-05 1.240707000000000107e+03 1.240706910000000107e+03
4.089450000000000000e+04 -7.328076760217007554e-05 1.240712829999999940e+03 1.240712909999999965e+03
4.404019999999999709e+04 -6.882681170217007241e-05 1.240715599999999995e+03 1.240715310000000045e+03
4.718590000000000146e+04 -1.033575840217007647e-05 1.240694860000000062e+03 1.240694899999999961e+03
5.033159999999999854e+04 8.411021129782993351e-05 1.240676639999999907e+03 1.240676889999999958e+03
5.662309999999999854e+04 -6.307216950217006679e-05 1.240633990000000040e+03 1.240633949999999913e+03
6.291459999999999854e+04 -7.645687290217007567e-05 1.240620809999999892e+03 1.240620769999999993e+03
6.920600000000000000e+04 -1.548004400217007593e-05 1.240590860000000021e+03 1.240590889999999945e+03
7.549750000000000000e+04 -1.284794117021700779e-04 1.240540809999999965e+03 1.240540619999999990e+03
8.178889999999999418e+04 4.205924179782991897e-05 1.240566360000000032e+03 1.240566360000000032e+03
8.808039999999999418e+04 -8.110327402170074227e-06 1.240522609999999986e+03 1.240522500000000036e+03
9.437180000000000291e+04 3.505817978299258599e-07 1.240595550000000003e+03 1.240595540000000028e+03
1.006630000000000000e+05 -3.864325520217007462e-05 1.240634999999999991e+03 1.240634929999999940e+03
1.132460000000000000e+05 -2.505953212217007639e-05 1.240654060000000072e+03 1.240654029999999921e+03
1.258290000000000000e+05 8.072966229782992001e-05 1.240635530000000017e+03 1.240635600000000068e+03
1.384120000000000000e+05 -5.154619760217007062e-05 1.240641470000000027e+03 1.240641399999999976e+03
1.509950000000000000e+05 6.868583159782992872e-05 1.240701409999999896e+03 1.240701589999999896e+03
1.635780000000000000e+05 -6.698981740217008467e-05 1.240772799999999961e+03 1.240772780000000012e+03
1.761610000000000000e+05 6.558892659782992757e-05 1.240837579999999889e+03 1.240837729999999965e+03
1.887440000000000000e+05 8.333945397829923077e-06 1.240790739999999914e+03 1.240790929999999889e+03
2.013270000000000000e+05 -2.440648063217007666e-05 1.240470780000000104e+03 1.240470810000000029e+03
2.264920000000000000e+05 1.745546697829924516e-06 1.240544699999999921e+03 1.240544660000000022e+03
2.516580000000000000e+05 5.158971997829921218e-06 1.240545499999999947e+03 1.240545609999999897e+03
2.768240000000000000e+05 6.905665159782993002e-05 1.240458679999999958e+03 1.240458669999999984e+03
3.019900000000000000e+05 -1.426844140217007542e-05 1.240922010000000000e+03 1.240922090000000026e+03
3.271560000000000000e+05 4.853469309782992917e-05 1.240697139999999990e+03 1.240697280000000092e+03
3.523220000000000000e+05 3.815828569782992575e-05 1.240068310000000110e+03 1.240068559999999934e+03
