0.000000000000000000e+00 2.482576877499999668e+01 1.649873745000000099e+03 1.676655534999999873e+03
6.000000000000000125e-03 2.453783685000000148e+01 1.649629230000000007e+03 1.676113114999999880e+03
1.200000000000000025e-02 2.368932135000000017e+01 1.648908322500000168e+03 1.674514014999999745e+03
1.799999999999999864e-02 2.232400577500000338e+01 1.647746802500000058e+03 1.671938447499999938e+03
2.400000000000000050e-02 2.050949287499999940e+01 1.646199517499999956e+03 1.668509840000000167e+03
2.999999999999999889e-02 1.833062964999999878e+01 1.644334817500000099e+03 1.664382712500000025e+03
3.599999999999999728e-02 1.588201727500000082e+01 1.642228304999999864e+03 1.659728957499999979e+03
4.200000000000000261e-02 1.326067827500000007e+01 1.639956844999999930e+03 1.654724484999999959e+03
4.800000000000000100e-02 1.055971092500000097e+01 1.637593534999999974e+03 1.649537807499999872e+03
5.399999999999999939e-02 7.863442857500000827e+00 1.635204064999999900e+03 1.644321504999999888e+03
5.999999999999999778e-02 5.244280524999999749e+00 1.632844650000000001e+03 1.639206877500000246e+03
6.600000000000000311e-02 2.761199857499999855e+00 1.630561374999999998e+03 1.634301719999999932e+03
7.199999999999999456e-02 4.596399212500000275e-01 1.628390690000000177e+03 1.629690599999999904e+03
7.799999999999999989e-02 -1.627537277499999879e+00 1.626360705000000053e+03 1.625437034999999923e+03
8.400000000000000522e-02 -3.478392982499999952e+00 1.624492862499999774e+03 1.621586749999999938e+03
8.999999999999999667e-02 -5.079920667499999709e+00 1.622803627500000175e+03 1.618171277499999860e+03
9.600000000000000200e-02 -6.361917850000000207e+00 1.621356410000000096e+03 1.615328514999999925e+03
1.079999999999999988e-01 -8.289449042499999365e+00 1.618979092499999979e+03 1.610823197499999878e+03
1.199999999999999956e-01 -9.226931602500000551e+00 1.617465022500000032e+03 1.608217597500000011e+03
1.320000000000000062e-01 -9.239588022499999553e+00 1.616834804999999960e+03 1.607468292499999961e+03
1.439999999999999891e-01 -8.425672397499999633e+00 1.617053885000000037e+03 1.608438762500000166e+03
1.559999999999999998e-01 -6.923900849999999885e+00 1.618018775000000005e+03 1.610879802500000096e+03
1.680000000000000104e-01 -4.919015644999999992e+00 1.619558662499999855e+03 1.614427642500000275e+03
1.799999999999999933e-01 -2.635928475000000049e+00 1.621455809999999929e+03 1.618632102500000201e+03
1.920000000000000040e-01 -3.698221172500000264e-01 1.623457724999999982e+03 1.622942939999999908e+03
2.159999999999999976e-01 3.390256089999999833e+00 1.627022529999999961e+03 1.630380004999999983e+03
2.399999999999999911e-01 5.247729207500000825e+00 1.629305055000000038e+03 1.634659882499999867e+03
2.640000000000000124e-01 5.121452789999999311e+00 1.630094155000000001e+03 1.635459755000000087e+03
2.879999999999999782e-01 3.770092102500000042e+00 1.629734072499999911e+03 1.633846422500000017e+03
3.119999999999999996e-01 2.130838587499999992e+00 1.628790722500000129e+03 1.631303097500000149e+03
3.360000000000000209e-01 8.277916707500000415e-01 1.627784554999999955e+03 1.628978905000000168e+03
3.599999999999999867e-01 5.448250352499999644e-02 1.626992337500000076e+03 1.627361657500000092e+03
3.840000000000000080e-01 -2.296354499999999910e-01 1.626457980000000134e+03 1.626469720000000052e+03
4.319999999999999951e-01 -4.144962977500000201e-01 1.625629470000000083e+03 1.625306135000000040e+03
4.799999999999999822e-01 -4.245333470000000053e-01 1.625132132499999898e+03 1.624696987500000205e+03
5.280000000000000249e-01 -2.082604084999999938e-01 1.625251700000000028e+03 1.625028479999999945e+03
5.759999999999999565e-01 3.059886159999999911e-01 1.625939525000000003e+03 1.626317697500000122e+03
6.239999999999999991e-01 6.482065674999999416e-01 1.626531340000000000e+03 1.627361382500000218e+03
6.720000000000000417e-01 5.559577067500000025e-01 1.626594444999999951e+03 1.627381617499999948e+03
7.199999999999999734e-01 2.193185790000000135e-01 1.626220929999999953e+03 1.626635434999999916e+03
7.680000000000000160e-01 8.960328505000000193e-03 1.625818105000000060e+03 1.625958059999999932e+03
8.639999999999999902e-01 6.319900339999999506e-02 1.625671252500000037e+03 1.625842334999999821e+03
9.599999999999999645e-01 1.660924629999999680e-01 1.625908107499999915e+03 1.626228982500000029e+03
1.056000000000000050e+00 7.422049272500000350e-02 1.625794444999999996e+03 1.626006982499999822e+03
1.151999999999999913e+00 7.784279527500000129e-02 1.625747942500000136e+03 1.625944579999999860e+03
1.247999999999999998e+00 5.431962184999999943e-02 1.625709894999999960e+03 1.625874830000000202e+03
1.344000000000000083e+00 7.078269982500000335e-02 1.625727832499999977e+03 1.625909154999999828e+03
1.439999999999999947e+00 6.618072669999999769e-02 1.625709617499999922e+03 1.625868304999999964e+03
1.536000000000000032e+00 6.867831617499998986e-02 1.625689184999999952e+03 1.625844569999999976e+03
1.727999999999999980e+00 8.412231635000000374e-02 1.625670687499999985e+03 1.625826942500000314e+03
1.919999999999999929e+00 9.950153015000001711e-02 1.625652427499999931e+03 1.625806854999999814e+03
2.112000000000000099e+00 1.157110612499999969e-01 1.625635665000000245e+03 1.625797235000000001e+03
2.303999999999999826e+00 1.320541792499999867e-01 1.625625972499999989e+03 1.625790950000000066e+03
2.495999999999999996e+00 1.393872139999999815e-01 1.625613897500000121e+03 1.625781345000000101e+03
2.688000000000000167e+00 1.473743437499999975e-01 1.625613977500000146e+03 1.625793052500000158e+03
2.879999999999999893e+00 1.488430490000000050e-01 1.625604687499999955e+03 1.625783805000000029e+03
3.072000000000000064e+00 1.481193477499999911e-01 1.625604957499999955e+03 1.625784079999999904e+03
3.455999999999999961e+00 1.373359949999999885e-01 1.625605062500000258e+03 1.625780500000000075e+03
3.839999999999999858e+00 1.260415547500000066e-01 1.625607664999999997e+03 1.625775639999999839e+03
4.224000000000000199e+00 1.163042362500000121e-01 1.625601159999999936e+03 1.625760530000000017e+03
4.607999999999999652e+00 1.075658552499999948e-01 1.625596717500000068e+03 1.625744727500000181e+03
4.991999999999999993e+00 1.027616442499999921e-01 1.625588474999999789e+03 1.625730215000000044e+03
5.376000000000000334e+00 9.904355199999999304e-02 1.625579202500000065e+03 1.625713250000000016e+03
5.759999999999999787e+00 9.565151275000000064e-02 1.625573280000000068e+03 1.625701327499999934e+03
6.144000000000000128e+00 9.276735615000000768e-02 1.625567852500000072e+03 1.625690024999999878e+03
6.911999999999999922e+00 8.600764610000001531e-02 1.625558444999999892e+03 1.625671792500000038e+03
7.679999999999999716e+00 8.067722462500000191e-02 1.625549729999999954e+03 1.625657137500000090e+03
8.448000000000000398e+00 7.454802602499999153e-02 1.625544884999999795e+03 1.625645785000000160e+03
9.215999999999999304e+00 7.132035432500000161e-02 1.625541232499999751e+03 1.625638230000000021e+03
9.983999999999999986e+00 6.696694359999999513e-02 1.625534232499999916e+03 1.625623167499999909e+03
1.075200000000000067e+01 6.289336697500000350e-02 1.625525589999999966e+03 1.625610635000000002e+03
1.151999999999999957e+01 6.052417314999999909e-02 1.625523269999999911e+03 1.625604812499999980e+03
1.228800000000000026e+01 5.728281657500000623e-02 1.625519945000000007e+03 1.625597960000000057e+03
1.382399999999999984e+01 5.173708330000000022e-02 1.625512339999999995e+03 1.625582062500000120e+03
1.535999999999999943e+01 4.819307604999999856e-02 1.625507775000000038e+03 1.625573239999999942e+03
1.689600000000000080e+01 4.356574847499999903e-02 1.625501745000000028e+03 1.625560144999999920e+03
1.843199999999999861e+01 3.990450539999999824e-02 1.625500697499999887e+03 1.625555354999999963e+03
1.996799999999999997e+01 3.735231367499999844e-02 1.625496010000000069e+03 1.625545942500000137e+03
2.150400000000000134e+01 3.448514542500000224e-02 1.625493420000000015e+03 1.625540542500000129e+03
2.303999999999999915e+01 3.118279452500000160e-02 1.625491507499999898e+03 1.625534595000000081e+03
2.457600000000000051e+01 2.964852479999999929e-02 1.625488507500000196e+03 1.625529685000000200e+03
2.764799999999999969e+01 2.680395612500000024e-02 1.625486260000000129e+03 1.625522762499999772e+03
3.071999999999999886e+01 2.316621342499999847e-02 1.625482472499999858e+03 1.625513842500000010e+03
3.379200000000000159e+01 2.128024367499999764e-02 1.625478990000000067e+03 1.625508894999999939e+03
3.686399999999999721e+01 1.862221745000000248e-02 1.625474705000000085e+03 1.625499957500000164e+03
3.993599999999999994e+01 1.675892052499999840e-02 1.625473627500000021e+03 1.625496572499999957e+03
4.300800000000000267e+01 1.567352450000000091e-02 1.625473484999999982e+03 1.625495407500000056e+03
4.607999999999999829e+01 1.387556710000000144e-02 1.625474502499999971e+03 1.625493672500000002e+03
4.915200000000000102e+01 1.300243797499999951e-02 1.625472197500000220e+03 1.625489834999999857e+03
5.529599999999999937e+01 1.132228962500000068e-02 1.625470667499999763e+03 1.625486562499999764e+03
6.143999999999999773e+01 9.381536120000000603e-03 1.625470364999999674e+03 1.625483895000000075e+03
6.758400000000000318e+01 8.580527299999999788e-03 1.625469022499999937e+03 1.625480929999999944e+03
7.372799999999999443e+01 7.850521802499999674e-03 1.625466452499999832e+03 1.625477657500000078e+03
7.987199999999999989e+01 6.215699697500000342e-03 1.625468122499999936e+03 1.625476902500000051e+03
8.601600000000000534e+01 5.441422000000000446e-03 1.625467232499999909e+03 1.625473907499999996e+03
9.215999999999999659e+01 4.984285057499999311e-03 1.625468672500000139e+03 1.625474995000000035e+03
9.830400000000000205e+01 4.280670977499999655e-03 1.625468272500000012e+03 1.625473754999999983e+03
1.105919999999999987e+02 3.805951529999999743e-03 1.625467705000000024e+03 1.625472944999999982e+03
1.228799999999999955e+02 2.726880557499999826e-03 1.625467005000000199e+03 1.625471202500000118e+03
1.351680000000000064e+02 2.008888854999999959e-03 1.625467277499999909e+03 1.625470397500000217e+03
1.474559999999999889e+02 1.820121279999999814e-03 1.625466075000000274e+03 1.625469219999999950e+03
1.597439999999999998e+02 1.849893632749999989e-03 1.625467247499999985e+03 1.625469887499999913e+03
1.720320000000000107e+02 1.594256068000000220e-03 1.625467252500000086e+03 1.625469280000000026e+03
1.843199999999999932e+02 1.094291662500000012e-03 1.625468592499999886e+03 1.625469839999999976e+03
1.966080000000000041e+02 1.085845544749999879e-03 1.625467567500000087e+03 1.625468705000000000e+03
2.211839999999999975e+02 9.439373304999999249e-04 1.625467865000000074e+03 1.625468655000000126e+03
2.457599999999999909e+02 -2.522500349999998929e-05 1.625468739999999798e+03 1.625468359999999848e+03
2.703360000000000127e+02 1.414844354999999837e-04 1.625468429999999898e+03 1.625468417499999987e+03
2.949119999999999777e+02 3.154723546749999994e-04 1.625467767500000036e+03 1.625468512500000088e+03
3.194879999999999995e+02 3.255913777499999748e-04 1.625468322499999886e+03 1.625469050000000152e+03
3.440640000000000214e+02 -1.842653739500000058e-04 1.625468879999999899e+03 1.625468949999999950e+03
3.686399999999999864e+02 -4.850937968825001713e-05 1.625468497500000012e+03 1.625468667500000038e+03
3.932160000000000082e+02 7.309198395000000468e-05 1.625469307499999786e+03 1.625469749999999976e+03
4.423679999999999950e+02 -5.342450899999985885e-06 1.625472444999999880e+03 1.625472367499999791e+03
4.915199999999999818e+02 7.259971964999999280e-05 1.625469104999999900e+03 1.625469332500000064e+03
5.406720000000000255e+02 3.336765869999999532e-05 1.625469354999999950e+03 1.625469410000000153e+03
5.898239999999999554e+02 4.431692874999998931e-05 1.625469374999999900e+03 1.625469749999999976e+03
6.389759999999999991e+02 -1.791289823249999854e-04 1.625467087499999934e+03 1.625466797499999984e+03
6.881280000000000427e+02 -9.387900899999999135e-05 1.625466220000000021e+03 1.625466767500000060e+03
7.372799999999999727e+02 1.100023685000000131e-04 1.625464177500000005e+03 1.625464802499999905e+03
7.864320000000000164e+02 -2.919785175000001365e-06 1.625463927500000182e+03 1.625464422499999955e+03
8.847359999999999900e+02 5.734676345000001244e-05 1.625465234999999893e+03 1.625465662500000008e+03
9.830399999999999636e+02 -3.733294582500000015e-05 1.625465302500000007e+03 1.625465712500000109e+03
1.081339999999999918e+03 -1.312275384250000153e-04 1.625464150000000018e+03 1.625463830000000144e+03
1.179650000000000091e+03 3.666454038749999826e-04 1.625465297499999906e+03 1.625465885000000071e+03
1.277950000000000045e+03 1.395950236249999946e-04 1.625465747499999907e+03 1.625466255000000274e+03
1.376259999999999991e+03 -1.776337690999999798e-04 1.625467532499999834e+03 1.625467492499999935e+03
1.474559999999999945e+03 2.159416075000000236e-04 1.625468892500000038e+03 1.625469220000000178e+03
1.572859999999999900e+03 3.023556085249999494e-04 1.625470414999999775e+03 1.625470450000000028e+03
1.769470000000000027e+03 1.328822024999999965e-04 1.625476482499999975e+03 1.625476385000000164e+03
1.966079999999999927e+03 2.112435857749999952e-04 1.625471932499999866e+03 1.625472269999999980e+03
2.162690000000000055e+03 4.793773922500000468e-05 1.625470855000000029e+03 1.625471379999999954e+03
2.359300000000000182e+03 -1.169580828500000138e-04 1.625472067499999866e+03 1.625472095000000081e+03
2.555900000000000091e+03 7.127921935000000283e-05 1.625471052500000042e+03 1.625471585000000232e+03
2.752510000000000218e+03 -7.143105452500000810e-05 1.625471927499999993e+03 1.625472417499999892e+03
2.949119999999999891e+03 -2.838365602499999139e-05 1.625474902500000098e+03 1.625474752500000022e+03
3.145730000000000018e+03 8.774244292500000945e-05 1.625474637499999972e+03 1.625474737499999719e+03
3.538940000000000055e+03 -7.668164584999999280e-05 1.625473062499999969e+03 1.625473117500000171e+03
3.932159999999999854e+03 -9.863716339999998987e-05 1.625471032499999865e+03 1.625471164999999928e+03
4.325380000000000109e+03 -1.458693524999999557e-05 1.625474602500000174e+03 1.625474532500000123e+03
4.718590000000000146e+03 1.113364512500000054e-04 1.625474465000000009e+03 1.625474960000000010e+03
5.111810000000000400e+03 1.087762103999999976e-04 1.625467932499999961e+03 1.625468102499999986e+03
5.505020000000000437e+03 -7.957957750000000134e-06 1.625464892499999905e+03 1.625464884999999867e+03
5.898239999999999782e+03 2.954995225000000783e-05 1.625461837500000001e+03 1.625461947499999951e+03
6.291460000000000036e+03 7.271385404999999847e-05 1.625456502500000170e+03 1.625456735000000208e+03
7.077890000000000327e+03 1.414886551250000093e-04 1.625459005000000161e+03 1.625459037500000022e+03
7.864319999999999709e+03 -1.490520939999999991e-04 1.625463507500000105e+03 1.625463339999999789e+03
8.650750000000000000e+03 -7.344499295000001091e-05 1.625464934999999969e+03 1.625465002500000082e+03
9.437180000000000291e+03 2.276704766499999946e-05 1.625462469999999939e+03 1.625462624999999889e+03
1.022360000000000036e+04 3.668639728250000954e-05 1.625458394999999882e+03 1.625458449999999857e+03
1.101000000000000000e+04 1.127879944999999999e-04 1.625464320000000043e+03 1.625464387500000157e+03
1.179650000000000000e+04 -7.453590075000000956e-05 1.625467784999999822e+03 1.625467527499999960e+03
1.258289999999999964e+04 -7.157408227500000749e-05 1.625474072499999920e+03 1.625473897500000021e+03
1.415579999999999927e+04 3.676443129999999612e-05 1.625456389999999828e+03 1.625456472500000018e+03
1.572860000000000036e+04 -7.953932202499999391e-05 1.625463032500000054e+03 1.625462937499999953e+03
1.730150000000000000e+04 -1.103871667574999921e-04 1.625450330000000122e+03 1.625450270000000046e+03
1.887440000000000146e+04 1.298445054250000014e-04 1.625439867499999764e+03 1.625440002499999991e+03
2.044720000000000073e+04 -1.297715584499999899e-05 1.625440585000000056e+03 1.625440697499999942e+03
2.202009999999999854e+04 -1.453693349999999457e-05 1.625439752499999940e+03 1.625439969999999903e+03
2.359300000000000000e+04 -5.807324817500000494e-05 1.625433074999999917e+03 1.625432929999999942e+03
2.516579999999999927e+04 1.336865224999997693e-06 1.625433862500000032e+03 1.625433849999999893e+03
2.831159999999999854e+04 -1.599320574999999866e-06 1.625418862499999932e+03 1.625418712499999856e+03
3.145729999999999927e+04 2.781558992500000413e-05 1.625424487499999941e+03 1.625424675000000207e+03
3.460300000000000000e+04 4.055356123749999917e-05 1.625429717500000152e+03 1.625429782500000101e+03
3.774869999999999709e+04 -2.268070249999999802e-06 1.625442070000000058e+03 1.625442117499999995e+03
4.089450000000000000e+04 2.773704235000000110e-05 1.625435945000000174e+03 1.625436075000000073e+03
4.404019999999999709e+04 -3.450610062500000243e-05 1.625418400000000020e+03 1.625418427500000007e+03
4.718590000000000146e+04 -3.950268157500000019e-05 1.625435307499999908e+03 1.625435204999999769e+03
5.033159999999999854e+04 5.995377718749999815e-05 1.625408387500000117e+03 1.625408437499999991e+03
5.662309999999999854e+04 -1.426916157499999720e-05 1.625401327499999979e+03 1.625401182500000004e+03
6.291459999999999854e+04 5.786468205000000172e-05 1.625376819999999952e+03 1.625376927499999965e+03
6.920600000000000000e+04 6.182540739999999144e-05 1.625409654999999930e+03 1.625409789999999930e+03
7.549750000000000000e+04 9.057492000000010892e-07 1.625404974999999922e+03 1.625405112500000087e+03
8.178889999999999418e+04 2.145808788250000386e-05 1.625396312500000022e+03 1.625396195000000262e+03
8.808039999999999418e+04 1.825024334500000020e-05 1.625396367499999997e+03 1.625396412499999997e+03
9.437180000000000291e+04 -4.718351802499999689e-05 1.625426939999999831e+03 1.625426892500000122e+03
1.006630000000000000e+05 -3.158661515000000191e-05 1.625367117499999949e+03 1.625367034999999987e+03
1.132460000000000000e+05 2.909526444999999611e-05 1.625339187499999980e+03 1.625339242500000182e+03
1.258290000000000000e+05 -8.930012950000015899e-07 1.625307997500000056e+03 1.625307970000000068e+03
1.384120000000000000e+05 -1.832810174999999800e-06 1.625330307500000117e+03 1.625330349999999953e+03
1.509950000000000000e+05 5.138040452499999705e-05 1.625313402500000166e+03 1.625313510000000178e+03
1.635780000000000000e+05 2.897100425000000091e-05 1.625310202500000059e+03 1.625310212500000034e+03
1.761610000000000000e+05 5.911105972500000093e-05 1.625381709999999885e+03 1.625381837500000074e+03
1.887440000000000000e+05 6.164169224999999002e-06 1.625392372499999965e+03 1.625392249999999876e+03
2.013270000000000000e+05 -2.675084742499999761e-05 1.625433565000000044e+03 1.625433547500000032e+03
2.264920000000000000e+05 9.998055200000000159e-06 1.625506562500000200e+03 1.625506677500000023e+03
2.516580000000000000e+05 -3.071662217499999199e-05 1.625735509999999977e+03 1.625735377500000141e+03
2.768240000000000000e+05 -1.234930051499999993e-05 1.625885677499999929e+03 1.625885657499999979e+03
3.019900000000000000e+05 -6.273924649999998763e-06 1.625816642499999944e+03 1.625816592499999842e+03
