0.000000000000000000e+00 2.687333490213671183e+01 1.000576080000000047e+03 1.029418910000000096e+03
6.000000000000000125e-03 2.658328380213671238e+01 1.000333139999999958e+03 1.028876040000000103e+03
1.200000000000000025e-02 2.572524390213671097e+01 9.996139809999999670e+02 1.027269410000000107e+03
1.799999999999999864e-02 2.433422990213670900e+01 9.984460880000000316e+02 1.024662129999999934e+03
2.400000000000000050e-02 2.246531390213671031e+01 9.968723820000000160e+02 1.021153080000000045e+03
2.999999999999999889e-02 2.018952290213671219e+01 9.949478540000000066e+02 1.016869490000000042e+03
3.599999999999999728e-02 1.758889450213671068e+01 9.927356059999999616e+02 1.011957989999999995e+03
4.200000000000000261e-02 1.475127910213671001e+01 9.903027630000000272e+02 1.006575339999999983e+03
4.800000000000000100e-02 1.176543590213671031e+01 9.877167630000000145e+02 1.000879749999999945e+03
5.399999999999999939e-02 8.716840882136709823e+00 9.850423379999999725e+02 9.950236200000000508e+02
5.999999999999999778e-02 5.684467442136710957e+00 9.823394039999999450e+02 9.891481929999999920e+02
6.600000000000000311e-02 2.738632692136710567e+00 9.796618730000000141e+02 9.833801190000000361e+02
7.199999999999999456e-02 -6.013962086328944467e-02 9.770572769999999991e+02 9.778298989999999549e+02
7.799999999999999989e-02 -2.661394047863289369e+00 9.745670159999999669e+02 9.725917869999999539e+02
8.400000000000000522e-02 -5.024372717863289317e+00 9.722269619999999577e+02 9.677447110000000521e+02
8.999999999999999667e-02 -7.117236567863288954e+00 9.700681929999999511e+02 9.633537320000000364e+02
9.600000000000000200e-02 -8.838384237863289528e+00 9.681754799999999932e+02 9.596092340000000149e+02
1.079999999999999988e-01 -1.148884019786328992e+01 9.649969270000000279e+02 9.535417579999999589e+02
1.199999999999999956e-01 -1.284313669786329015e+01 9.628764730000000327e+02 9.498711019999999507e+02
1.320000000000000062e-01 -1.292262179786328957e+01 9.618839749999999640e+02 9.486506500000000415e+02
1.439999999999999891e-01 -1.183180099786329009e+01 9.620032479999999850e+02 9.497599519999999984e+02
1.559999999999999998e-01 -9.759149747863288482e+00 9.631221020000000408e+02 9.528951640000000225e+02
1.680000000000000104e-01 -6.971532527863288919e+00 9.650392219999999952e+02 9.575832639999999856e+02
1.799999999999999933e-01 -3.794540257863289412e+00 9.674904629999999770e+02 9.632296589999999696e+02
1.920000000000000040e-01 -6.491331158632894782e-01 9.701827319999999872e+02 9.691233300000000099e+02
2.159999999999999976e-01 4.556634472136710912e+00 9.751993290000000343e+02 9.795220970000000307e+02
2.399999999999999911e-01 7.139203002136710552e+00 9.787777290000000221e+02 9.859355900000000474e+02
2.640000000000000124e-01 7.035581402136710238e+00 9.804426660000000311e+02 9.877653139999999894e+02
2.879999999999999782e-01 5.286704442136710647e+00 9.804382970000000341e+02 9.862245130000000017e+02
3.119999999999999996e-01 3.121489682136710631e+00 9.793674790000000030e+02 9.830975690000000213e+02
3.360000000000000209e-01 1.337429812136710749e+00 9.778751280000000179e+02 9.798196319999999560e+02
3.599999999999999867e-01 1.788636501367105724e-01 9.763825799999999617e+02 9.770760380000000396e+02
3.840000000000000080e-01 -4.019193018632894465e-01 9.750815250000000560e+02 9.750314329999999927e+02
4.319999999999999951e-01 -1.045630727863289255e+00 9.730296180000000277e+02 9.719857940000000553e+02
4.799999999999999822e-01 -1.168206767863289253e+00 9.722367709999999761e+02 9.708559390000000349e+02
5.280000000000000249e-01 -5.208370768632895054e-01 9.730009169999999585e+02 9.723046940000000404e+02
5.759999999999999565e-01 6.131175551367105125e-01 9.745949759999999742e+02 9.752375600000000304e+02
6.239999999999999991e-01 1.180259502136710603e+00 9.757079330000000255e+02 9.771143449999999575e+02
6.720000000000000417e-01 9.155407231367105325e-01 9.757459900000000061e+02 9.769385909999999740e+02
7.199999999999999734e-01 2.318322501367105493e-01 9.749247269999999617e+02 9.753418289999999615e+02
7.680000000000000160e-01 -1.786246058632894318e-01 9.740765229999999519e+02 9.739718880000000354e+02
8.639999999999999902e-01 1.837740133671055681e-02 9.739140260000000353e+02 9.739640460000000530e+02
9.599999999999999645e-01 2.466973811367105529e-01 9.744852690000000166e+02 9.748581090000000131e+02
1.056000000000000050e+00 9.662630283671055920e-02 9.743030619999999544e+02 9.745173429999999826e+02
1.151999999999999913e+00 9.340244403671056628e-02 9.741292089999999462e+02 9.743050660000000107e+02
1.247999999999999998e+00 3.424383703671055046e-02 9.741067070000000285e+02 9.742435540000000174e+02
1.344000000000000083e+00 8.454846593671055954e-02 9.741973020000000361e+02 9.743850640000000567e+02
1.439999999999999947e+00 7.056513913671055849e-02 9.741203229999999849e+02 9.742811749999999620e+02
1.536000000000000032e+00 5.656078683671055679e-02 9.741045480000000225e+02 9.742501029999999673e+02
1.727999999999999980e+00 5.460120263671055379e-02 9.740869310000000496e+02 9.742193559999999479e+02
1.919999999999999929e+00 6.528167303671056354e-02 9.740781719999999950e+02 9.742155749999999443e+02
2.112000000000000099e+00 7.427118703671055366e-02 9.740614180000000033e+02 9.742005360000000564e+02
2.303999999999999826e+00 8.598655093671056515e-02 9.740303509999999960e+02 9.741692799999999579e+02
2.495999999999999996e+00 9.828268823671056087e-02 9.740385340000000269e+02 9.741835039999999708e+02
2.688000000000000167e+00 1.111933561367105666e-01 9.740183090000000448e+02 9.741734569999999849e+02
2.879999999999999893e+00 1.175319381367105620e-01 9.740150469999999814e+02 9.741716989999999896e+02
3.072000000000000064e+00 1.254352121367105499e-01 9.740170359999999619e+02 9.741769570000000158e+02
3.455999999999999961e+00 1.314373811367105516e-01 9.740146160000000464e+02 9.741786909999999580e+02
3.839999999999999858e+00 1.319183881367105571e-01 9.740098369999999477e+02 9.741760890000000472e+02
4.224000000000000199e+00 1.256916721367105638e-01 9.740208619999999655e+02 9.741850130000000263e+02
4.607999999999999652e+00 1.180562561367105578e-01 9.740242620000000215e+02 9.741876439999999775e+02
4.991999999999999993e+00 1.100238121367105582e-01 9.740197170000000142e+02 9.741710229999999910e+02
5.376000000000000334e+00 1.053038811367105615e-01 9.740103719999999612e+02 9.741580679999999575e+02
5.759999999999999787e+00 1.052562511367105547e-01 9.740103390000000445e+02 9.741576260000000502e+02
6.144000000000000128e+00 1.019314601367105610e-01 9.740054059999999936e+02 9.741465899999999465e+02
6.911999999999999922e+00 9.817491793671055678e-02 9.739982360000000199e+02 9.741337399999999889e+02
7.679999999999999716e+00 9.576994553671056010e-02 9.739914690000000519e+02 9.741203189999999950e+02
8.448000000000000398e+00 9.446070643671056200e-02 9.739905400000000100e+02 9.741163810000000467e+02
9.215999999999999304e+00 9.148179813671056260e-02 9.739852560000000494e+02 9.741121000000000549e+02
9.983999999999999986e+00 8.886918123671055936e-02 9.739806630000000496e+02 9.741049540000000206e+02
1.075200000000000067e+01 8.449168863671055463e-02 9.739727050000000190e+02 9.740886610000000019e+02
1.151999999999999957e+01 8.309881043671056566e-02 9.739686950000000252e+02 9.740815900000000056e+02
1.228800000000000026e+01 8.110553553671055738e-02 9.739636870000000499e+02 9.740756039999999985e+02
1.382399999999999984e+01 7.899446653671056418e-02 9.739547380000000203e+02 9.740638059999999996e+02
1.535999999999999943e+01 7.435347243671056039e-02 9.739445100000000366e+02 9.740479420000000346e+02
1.689600000000000080e+01 7.143317963671055870e-02 9.739418590000000222e+02 9.740395330000000058e+02
1.843199999999999861e+01 6.974715063671056703e-02 9.739375669999999445e+02 9.740338570000000118e+02
1.996799999999999997e+01 6.659627033671056129e-02 9.739306500000000142e+02 9.740228280000000041e+02
2.150400000000000134e+01 6.533273483671056536e-02 9.739251289999999699e+02 9.740181370000000243e+02
2.303999999999999915e+01 6.237837703671055695e-02 9.739203569999999672e+02 9.740045430000000124e+02
2.457600000000000051e+01 6.097957823671055350e-02 9.739166880000000219e+02 9.740001369999999952e+02
2.764799999999999969e+01 5.596098533671055308e-02 9.739048800000000483e+02 9.739825349999999844e+02
3.071999999999999886e+01 5.373925223671055518e-02 9.738979480000000422e+02 9.739709149999999909e+02
3.379200000000000159e+01 5.165635493671055095e-02 9.738909479999999803e+02 9.739622749999999769e+02
3.686399999999999721e+01 4.843062773671055060e-02 9.738857010000000400e+02 9.739518120000000181e+02
3.993599999999999994e+01 4.663339803671055078e-02 9.738751710000000230e+02 9.739383719999999585e+02
4.300800000000000267e+01 4.494104123671055495e-02 9.738769690000000310e+02 9.739382839999999533e+02
4.607999999999999829e+01 4.223400673671055122e-02 9.738698630000000094e+02 9.739282899999999472e+02
4.915200000000000102e+01 4.091276333671055310e-02 9.738610559999999623e+02 9.739164719999999988e+02
5.529599999999999937e+01 3.911718683671055324e-02 9.738587129999999661e+02 9.739126019999999926e+02
6.143999999999999773e+01 3.599618713671055154e-02 9.738463739999999689e+02 9.738955240000000231e+02
6.758400000000000318e+01 3.346906323671055422e-02 9.738382890000000316e+02 9.738835669999999709e+02
7.372799999999999443e+01 3.093341553671055677e-02 9.738304759999999760e+02 9.738722380000000385e+02
7.987199999999999989e+01 2.881259543671055648e-02 9.738239760000000160e+02 9.738632300000000441e+02
8.601600000000000534e+01 2.703839873671055535e-02 9.738171559999999545e+02 9.738549050000000307e+02
9.215999999999999659e+01 2.508802403671055864e-02 9.738116539999999759e+02 9.738458799999999655e+02
9.830400000000000205e+01 2.341489213671055572e-02 9.738085549999999557e+02 9.738416479999999638e+02
1.105919999999999987e+02 2.072566323671055574e-02 9.737955140000000256e+02 9.738235130000000481e+02
1.228799999999999955e+02 1.928010883671055567e-02 9.737913330000000087e+02 9.738170169999999644e+02
1.351680000000000064e+02 1.709915293671055575e-02 9.737862539999999854e+02 9.738110370000000557e+02
1.474559999999999889e+02 1.553057533671055486e-02 9.737820480000000316e+02 9.738042430000000422e+02
1.597439999999999998e+02 1.391114893671055452e-02 9.737762420000000247e+02 9.737952870000000303e+02
1.720320000000000107e+02 1.266632543671055572e-02 9.737739020000000210e+02 9.737925139999999828e+02
1.843199999999999932e+02 1.166549103671055479e-02 9.737672539999999799e+02 9.737842419999999493e+02
1.966080000000000041e+02 1.095111813671055534e-02 9.737642650000000231e+02 9.737805690000000141e+02
2.211839999999999975e+02 9.916801336710554665e-03 9.737620259999999917e+02 9.737770850000000564e+02
2.457599999999999909e+02 8.659259716710554500e-03 9.737585780000000568e+02 9.737703460000000177e+02
2.703360000000000127e+02 7.374374296710554944e-03 9.737539930000000368e+02 9.737643849999999475e+02
2.949119999999999777e+02 5.829485056710555224e-03 9.737531050000000050e+02 9.737623320000000149e+02
3.194879999999999995e+02 5.246387226710555636e-03 9.737509539999999788e+02 9.737589319999999589e+02
3.440640000000000214e+02 5.347924656710555287e-03 9.737402560000000449e+02 9.737489209999999957e+02
3.686399999999999864e+02 4.841043886710555411e-03 9.737396939999999859e+02 9.737480329999999640e+02
3.932160000000000082e+02 4.584879916710555593e-03 9.737350810000000365e+02 9.737424449999999752e+02
4.423679999999999950e+02 4.321887626710554930e-03 9.737314400000000205e+02 9.737387039999999843e+02
4.915199999999999818e+02 3.725553276710555882e-03 9.737286380000000463e+02 9.737335950000000366e+02
5.406720000000000255e+02 2.666254006710555569e-03 9.737193099999999504e+02 9.737229869999999892e+02
5.898239999999999554e+02 2.013551856710555504e-03 9.737145620000000008e+02 9.737159940000000233e+02
6.389759999999999991e+02 1.832178656710555789e-03 9.737158269999999902e+02 9.737171409999999696e+02
6.881280000000000427e+02 7.101300737105556773e-04 9.737201880000000074e+02 9.737206380000000081e+02
7.372799999999999727e+02 1.241123726710555673e-03 9.737241380000000390e+02 9.737253249999999980e+02
7.864320000000000164e+02 1.093741276710555798e-03 9.737273979999999938e+02 9.737284130000000459e+02
8.847359999999999900e+02 1.721131256710555684e-03 9.737293650000000298e+02 9.737316319999999905e+02
9.830399999999999636e+02 1.634418096710555691e-03 9.737193369999999959e+02 9.737206270000000359e+02
1.081339999999999918e+03 1.035449486710555674e-03 9.737152200000000448e+02 9.737164599999999837e+02
1.179650000000000091e+03 8.298087057105557694e-04 9.737108759999999847e+02 9.737117510000000493e+02
1.277950000000000045e+03 1.656984077105556766e-04 9.737153260000000046e+02 9.737148720000000139e+02
1.376259999999999991e+03 9.904299347105556192e-04 9.737157469999999648e+02 9.737161879999999883e+02
1.474559999999999945e+03 6.325921467105556683e-04 9.737066999999999553e+02 9.737065109999999777e+02
1.572859999999999900e+03 4.654091287105557384e-04 9.737029949999999872e+02 9.737035059999999476e+02
1.769470000000000027e+03 8.302698457105557464e-04 9.737028229999999667e+02 9.737042199999999639e+02
1.966079999999999927e+03 6.863736647105556912e-04 9.737000570000000153e+02 9.737002380000000130e+02
2.162690000000000055e+03 7.342247767105556907e-04 9.737102670000000444e+02 9.737112399999999752e+02
2.359300000000000182e+03 5.794465837105557560e-04 9.737063269999999875e+02 9.737063530000000355e+02
2.555900000000000091e+03 8.247661761055570279e-05 9.737110290000000532e+02 9.737118729999999687e+02
2.752510000000000218e+03 -5.911276399444301064e-06 9.737294669999999996e+02 9.737300320000000511e+02
2.949119999999999891e+03 6.863917647105556834e-04 9.737395149999999830e+02 9.737403910000000451e+02
3.145730000000000018e+03 5.565705227105557668e-04 9.737323619999999664e+02 9.737330309999999827e+02
3.538940000000000055e+03 -6.590433932894443044e-04 9.737394880000000512e+02 9.737383909999999787e+02
3.932159999999999854e+03 -2.952720439444301647e-06 9.737460740000000214e+02 9.737462389999999459e+02
4.325380000000000109e+03 -5.212215248944430306e-05 9.737323860000000195e+02 9.737332910000000084e+02
4.718590000000000146e+03 -5.189731202894442511e-04 9.737520409999999629e+02 9.737531420000000253e+02
5.111810000000000400e+03 -1.181431613289444333e-03 9.737585289999999532e+02 9.737582039999999779e+02
5.505020000000000437e+03 -3.424886382894443073e-04 9.737647520000000441e+02 9.737656019999999444e+02
5.898239999999999782e+03 -2.073532072894443087e-04 9.737537449999999808e+02 9.737543259999999918e+02
6.291460000000000036e+03 3.398053917105556916e-04 9.737345659999999725e+02 9.737344140000000152e+02
7.077890000000000327e+03 -1.010117112894442945e-04 9.736941190000000006e+02 9.736951040000000148e+02
7.864319999999999709e+03 -3.373058852894442747e-04 9.737388069999999516e+02 9.737388859999999795e+02
8.650750000000000000e+03 -5.018677362894442611e-04 9.737307449999999562e+02 9.737310350000000199e+02
9.437180000000000291e+03 -2.452489032894442675e-04 9.737413880000000290e+02 9.737420769999999948e+02
1.022360000000000036e+04 1.508055417105557024e-04 9.737602190000000064e+02 9.737605270000000246e+02
1.101000000000000000e+04 -5.927988132894443200e-04 9.737504229999999552e+02 9.737509489999999914e+02
1.179650000000000000e+04 -4.699429262894442845e-04 9.737767519999999877e+02 9.737756470000000490e+02
1.258289999999999964e+04 4.049347007105557369e-04 9.737919160000000147e+02 9.737923299999999927e+02
1.415579999999999927e+04 2.068465277105556780e-04 9.738042540000000145e+02 9.738043599999999742e+02
1.572860000000000036e+04 1.259879817105556872e-04 9.737250040000000126e+02 9.737249189999999999e+02
1.730150000000000000e+04 2.960072107105557069e-04 9.737448920000000498e+02 9.737455079999999725e+02
1.887440000000000146e+04 6.502430231055570471e-05 9.737470120000000406e+02 9.737471699999999828e+02
2.044720000000000073e+04 1.773191007105556999e-04 9.737428099999999631e+02 9.737425899999999501e+02
2.202009999999999854e+04 -2.295445952894443217e-04 9.737088260000000446e+02 9.737082259999999678e+02
2.359300000000000000e+04 -5.727484728944430179e-05 9.737031040000000530e+02 9.737025999999999613e+02
2.516579999999999927e+04 -1.395485082894443066e-04 9.737267699999999877e+02 9.737267729999999801e+02
2.831159999999999854e+04 -3.140480982894442775e-04 9.737428059999999732e+02 9.737418490000000020e+02
3.145729999999999927e+04 2.009301987105557028e-04 9.736827660000000151e+02 9.736829040000000077e+02
3.460300000000000000e+04 3.240520927105557244e-04 9.736706080000000156e+02 9.736708989999999631e+02
3.774869999999999709e+04 1.118355427105556971e-04 9.736776069999999663e+02 9.736778199999999970e+02
4.089450000000000000e+04 -4.419873372894442807e-04 9.736344430000000330e+02 9.736341899999999896e+02
4.404019999999999709e+04 -2.826713812894442635e-04 9.735971919999999500e+02 9.735971660000000156e+02
4.718590000000000146e+04 5.021396061055569501e-05 9.735868090000000166e+02 9.735872369999999592e+02
5.033159999999999854e+04 -3.060665752894443036e-04 9.736817200000000412e+02 9.736809379999999692e+02
5.662309999999999854e+04 -3.933845052894442782e-04 9.737283370000000104e+02 9.737274270000000342e+02
6.291459999999999854e+04 -1.280298072894443221e-04 9.738067859999999882e+02 9.738066519999999855e+02
6.920600000000000000e+04 4.952987770555698665e-06 9.738947570000000269e+02 9.738940679999999475e+02
7.549750000000000000e+04 -1.798218522894442996e-04 9.738924729999999954e+02 9.738923569999999472e+02
8.178889999999999418e+04 3.479951147105557019e-04 9.739582319999999527e+02 9.739593190000000504e+02
8.808039999999999418e+04 1.006568551105557080e-04 9.740092250000000149e+02 9.740095529999999826e+02
9.437180000000000291e+04 1.943417661055569921e-05 9.740072850000000244e+02 9.740072820000000320e+02
1.006630000000000000e+05 -4.122812338944430443e-05 9.741121470000000500e+02 9.741119639999999436e+02
1.132460000000000000e+05 -4.599878838944430697e-05 9.742424780000000055e+02 9.742425779999999804e+02
1.258290000000000000e+05 6.396786671055570712e-05 9.742718300000000227e+02 9.742718459999999823e+02
1.384120000000000000e+05 -1.812623708944430134e-05 9.739676009999999451e+02 9.739678930000000037e+02
1.509950000000000000e+05 -1.711184902894443219e-04 9.739816839999999729e+02 9.739809669999999642e+02
1.635780000000000000e+05 2.307799137105556969e-04 9.738874640000000227e+02 9.738880209999999806e+02
1.761610000000000000e+05 -1.594536562894443047e-04 9.737704159999999547e+02 9.737703599999999824e+02
1.887440000000000000e+05 -3.355428932894442937e-04 9.737725440000000390e+02 9.737713449999999966e+02
2.013270000000000000e+05 -1.298050252894443208e-04 9.735652400000000171e+02 9.735653459999999768e+02
2.264920000000000000e+05 3.791788441055569844e-05 9.732864580000000387e+02 9.732863509999999678e+02
2.516580000000000000e+05 -1.025281152894442967e-04 9.728038320000000567e+02 9.728035650000000487e+02
2.768240000000000000e+05 3.078787731055569987e-05 9.723556549999999561e+02 9.723558639999999968e+02
3.019900000000000000e+05 2.302032517105556968e-04 9.723231929999999466e+02 9.723234069999999747e+02
3.271560000000000000e+05 1.056976197105556999e-04 9.721855060000000321e+02 9.721863230000000158e+02
3.523220000000000000e+05 8.387105217105557224e-04 9.735948560000000498e+02 9.735976749999999811e+02
