0.000000000000000000e+00 1.769909253889095524e+01 2.398545439999999871e+03 2.418157970000000205e+03
6.000000000000000125e-03 1.748762343889095661e+01 2.398358180000000175e+03 2.417747949999999946e+03
1.200000000000000025e-02 1.686669503889095623e+01 2.397807929999999942e+03 2.416543290000000070e+03
1.799999999999999864e-02 1.587454243889095729e+01 2.396927049999999781e+03 2.414615530000000035e+03
2.400000000000000050e-02 1.456930203889095665e+01 2.395764500000000226e+03 2.412073310000000220e+03
2.999999999999999889e-02 1.302242283889095731e+01 2.394380430000000160e+03 2.409050299999999879e+03
3.599999999999999728e-02 1.131147093889095601e+01 2.392840070000000196e+03 2.405691879999999855e+03
4.200000000000000261e-02 9.513452358890956972e+00 2.391208149999999932e+03 2.402142780000000130e+03
4.800000000000000100e-02 7.699408828890956791e+00 2.389544330000000173e+03 2.398536959999999908e+03
5.399999999999999939e-02 5.930630578890956350e+00 2.387900059999999939e+03 2.394990539999999783e+03
5.999999999999999778e-02 4.256505188890956859e+00 2.386316859999999906e+03 2.391597780000000057e+03
6.600000000000000311e-02 2.713815048890956927e+00 2.384825899999999820e+03 2.388429759999999987e+03
7.199999999999999456e-02 1.327196768890956502e+00 2.383448629999999866e+03 2.385535379999999805e+03
7.799999999999999989e-02 1.104478348909565116e-01 2.382198040000000219e+03 2.382943850000000111e+03
8.400000000000000522e-02 -9.316261011090435362e-01 2.381080390000000079e+03 2.380668180000000120e+03
8.999999999999999667e-02 -1.801105361109043512e+00 2.380097040000000106e+03 2.378709179999999833e+03
9.600000000000000200e-02 -2.465827911109043313e+00 2.379278580000000147e+03 2.377133479999999963e+03
1.079999999999999988e-01 -3.421609211109043258e+00 2.377958990000000085e+03 2.374702049999999872e+03
1.199999999999999956e-01 -3.840072351109043325e+00 2.377127370000000155e+03 2.373342079999999896e+03
1.320000000000000062e-01 -3.800190191109043436e+00 2.376760139999999865e+03 2.372948040000000219e+03
1.439999999999999891e-01 -3.369148411109043284e+00 2.376834469999999783e+03 2.373424259999999776e+03
1.559999999999999998e-01 -2.611339961109043095e+00 2.377314589999999953e+03 2.374663390000000163e+03
1.680000000000000104e-01 -1.601982781109043463e+00 2.378138870000000225e+03 2.376520820000000185e+03
1.799999999999999933e-01 -4.364033651090434840e-01 2.379215090000000146e+03 2.378801260000000184e+03
1.920000000000000040e-01 7.490248768909565369e-01 2.380427130000000034e+03 2.381245669999999791e+03
2.159999999999999976e-01 2.740577338890956671e+00 2.382686769999999797e+03 2.385588290000000143e+03
2.399999999999999911e-01 3.650511258890956512e+00 2.384148580000000038e+03 2.388025729999999839e+03
2.640000000000000124e-01 3.298619928890956565e+00 2.384461719999999787e+03 2.388006769999999960e+03
2.879999999999999782e-01 2.112811298890956646e+00 2.383801269999999931e+03 2.386130599999999959e+03
3.119999999999999996e-01 7.464239848909565156e-01 2.382626540000000205e+03 2.383524609999999939e+03
3.360000000000000209e-01 -3.046585071090434638e-01 2.381420740000000023e+03 2.381194640000000163e+03
3.599999999999999867e-01 -8.279547931090435187e-01 2.380542789999999968e+03 2.379736719999999877e+03
3.840000000000000080e-01 -7.524184981090434876e-01 2.380276899999999841e+03 2.379524759999999787e+03
4.319999999999999951e-01 -5.295088270904348138e-02 2.380633370000000014e+03 2.380592000000000098e+03
4.799999999999999822e-01 4.705591088909565345e-01 2.381322909999999865e+03 2.381850579999999809e+03
5.280000000000000249e-01 2.977158078909565297e-01 2.381383839999999964e+03 2.381755220000000008e+03
5.759999999999999565e-01 3.175799850956513570e-03 2.381061810000000150e+03 2.381125460000000203e+03
6.239999999999999991e-01 -1.220587790904348671e-02 2.380907200000000103e+03 2.380953379999999925e+03
6.720000000000000417e-01 1.039968308909565153e-01 2.380979940000000170e+03 2.381160120000000006e+03
7.199999999999999734e-01 1.006741048909565034e-01 2.381006130000000212e+03 2.381191620000000057e+03
7.680000000000000160e-01 1.505921210956513668e-03 2.380875309999999899e+03 2.380950510000000122e+03
8.639999999999999902e-01 -9.937988399043487520e-03 2.380805089999999836e+03 2.380863510000000133e+03
9.599999999999999645e-01 1.125706779095651290e-02 2.380861739999999827e+03 2.380954470000000128e+03
1.056000000000000050e+00 -4.028660350904348514e-02 2.380717849999999999e+03 2.380738299999999981e+03
1.151999999999999913e+00 -3.145904609043486365e-03 2.380759849999999915e+03 2.380817239999999856e+03
1.247999999999999998e+00 -2.060888580904348538e-02 2.380726000000000113e+03 2.380769119999999930e+03
1.344000000000000083e+00 -5.060786199043486831e-03 2.380688590000000204e+03 2.380726749999999811e+03
1.439999999999999947e+00 6.245053180956513204e-03 2.380698220000000219e+03 2.380748990000000049e+03
1.536000000000000032e+00 9.884392210956513200e-03 2.380669949999999972e+03 2.380715679999999793e+03
1.727999999999999980e+00 2.492901719095651225e-02 2.380642929999999978e+03 2.380698989999999867e+03
1.919999999999999929e+00 3.893596579095651850e-02 2.380622400000000198e+03 2.380684709999999995e+03
2.112000000000000099e+00 4.050286429095651536e-02 2.380595550000000003e+03 2.380646709999999985e+03
2.303999999999999826e+00 3.798791639095651373e-02 2.380598660000000109e+03 2.380650340000000142e+03
2.495999999999999996e+00 3.842931779095652006e-02 2.380586999999999989e+03 2.380633499999999913e+03
2.688000000000000167e+00 3.457374279095652009e-02 2.380570369999999912e+03 2.380612279999999828e+03
2.879999999999999893e+00 3.062659889095651483e-02 2.380571980000000167e+03 2.380605979999999818e+03
3.072000000000000064e+00 2.565168529095651281e-02 2.380563529999999901e+03 2.380595409999999902e+03
3.455999999999999961e+00 2.209307979095651367e-02 2.380555379999999786e+03 2.380588270000000193e+03
3.839999999999999858e+00 1.293571599095651344e-02 2.380545579999999973e+03 2.380567239999999856e+03
4.224000000000000199e+00 1.537728169095651382e-02 2.380538100000000213e+03 2.380564940000000206e+03
4.607999999999999652e+00 1.240578589095651246e-02 2.380533739999999852e+03 2.380556599999999889e+03
4.991999999999999993e+00 1.104845149095651409e-02 2.380533739999999852e+03 2.380555080000000089e+03
5.376000000000000334e+00 1.009751699095651385e-02 2.380527480000000196e+03 2.380546910000000025e+03
5.759999999999999787e+00 1.041213099095651337e-02 2.380534070000000156e+03 2.380548580000000129e+03
6.144000000000000128e+00 7.705304160956513368e-03 2.380530420000000049e+03 2.380539180000000215e+03
6.911999999999999922e+00 5.856804730956513376e-03 2.380531089999999949e+03 2.380540419999999813e+03
7.679999999999999716e+00 6.751931180956512873e-03 2.380531359999999950e+03 2.380540950000000066e+03
8.448000000000000398e+00 6.222192860956513201e-03 2.380528999999999996e+03 2.380542539999999917e+03
9.215999999999999304e+00 3.172625590956513857e-03 2.380528510000000097e+03 2.380535339999999906e+03
9.983999999999999986e+00 1.534850340956513603e-03 2.380529559999999947e+03 2.380533140000000003e+03
1.075200000000000067e+01 4.342209700956512972e-03 2.380527709999999843e+03 2.380532600000000002e+03
1.151999999999999957e+01 3.873943350956513768e-03 2.380525489999999991e+03 2.380529439999999795e+03
1.228800000000000026e+01 2.741664060956513702e-03 2.380525219999999990e+03 2.380529469999999947e+03
1.382399999999999984e+01 -1.821469340434863553e-04 2.380528609999999844e+03 2.380530830000000151e+03
1.535999999999999943e+01 -6.473632110434862641e-04 2.380529359999999997e+03 2.380529820000000200e+03
1.689600000000000080e+01 3.928375669565136309e-04 2.380528400000000147e+03 2.380533480000000054e+03
1.843199999999999861e+01 2.471084480956513892e-03 2.380524759999999787e+03 2.380528560000000198e+03
1.996799999999999997e+01 1.080379360956513612e-03 2.380525839999999789e+03 2.380528449999999793e+03
2.150400000000000134e+01 -2.796374160434863436e-04 2.380531689999999799e+03 2.380531800000000203e+03
2.303999999999999915e+01 -8.315349910434863007e-04 2.380529300000000148e+03 2.380528400000000147e+03
2.457600000000000051e+01 1.158631460956513655e-03 2.380528319999999894e+03 2.380530310000000100e+03
2.764799999999999969e+01 4.880324299565135947e-04 2.380531430000000000e+03 2.380532169999999951e+03
3.071999999999999886e+01 -1.633485353434863466e-04 2.380529140000000098e+03 2.380529219999999896e+03
3.379200000000000159e+01 1.308489320956513673e-03 2.380530589999999847e+03 2.380533680000000004e+03
3.686399999999999721e+01 4.381084099565136559e-04 2.380532790000000205e+03 2.380532870000000003e+03
3.993599999999999994e+01 1.150880415651364848e-05 2.380531970000000001e+03 2.380531160000000000e+03
4.300800000000000267e+01 -7.737307520434863299e-04 2.380528009999999995e+03 2.380527450000000044e+03
4.607999999999999829e+01 6.986401619565136764e-04 2.380530220000000099e+03 2.380531289999999899e+03
4.915200000000000102e+01 -4.355113020434863845e-04 2.380529889999999796e+03 2.380528960000000097e+03
5.529599999999999937e+01 8.124437949565136352e-04 2.380527970000000096e+03 2.380529469999999947e+03
6.143999999999999773e+01 1.752145835651364332e-05 2.380530119999999897e+03 2.380530470000000150e+03
6.758400000000000318e+01 -4.238396954348635235e-05 2.380530139999999847e+03 2.380531680000000051e+03
7.372799999999999443e+01 -7.765523004348636339e-05 2.380529570000000149e+03 2.380531469999999899e+03
7.987199999999999989e+01 -3.626639690434863440e-04 2.380532670000000053e+03 2.380532420000000002e+03
8.601600000000000534e+01 6.774009009565136984e-04 2.380530290000000150e+03 2.380532920000000104e+03
9.215999999999999659e+01 8.138683509565136686e-04 2.380537299999999959e+03 2.380538090000000011e+03
9.830400000000000205e+01 3.627303139565136374e-04 2.380534110000000055e+03 2.380534749999999804e+03
1.105919999999999987e+02 -2.578956780434863306e-04 2.380534349999999904e+03 2.380534869999999955e+03
1.228799999999999955e+02 -3.861741044348635410e-05 2.380532780000000002e+03 2.380532880000000205e+03
1.351680000000000064e+02 -6.524984460434862712e-04 2.380532139999999799e+03 2.380532079999999951e+03
1.474559999999999889e+02 6.177706109565136950e-04 2.380533309999999801e+03 2.380533669999999802e+03
1.597439999999999998e+02 2.814545519565136360e-04 2.380536489999999958e+03 2.380537659999999960e+03
1.720320000000000107e+02 1.709087869565136236e-04 2.380534659999999803e+03 2.380535409999999956e+03
1.843199999999999932e+02 -4.159032150434863466e-04 2.380534529999999904e+03 2.380534950000000208e+03
1.966080000000000041e+02 -2.931565570434863533e-04 2.380533550000000105e+03 2.380533600000000206e+03
2.211839999999999975e+02 -7.942336204348635163e-05 2.380533440000000155e+03 2.380533350000000155e+03
2.457599999999999909e+02 -1.103000814348635431e-05 2.380534369999999853e+03 2.380534900000000107e+03
2.703360000000000127e+02 -2.728569120434863387e-04 2.380535910000000058e+03 2.380535710000000108e+03
2.949119999999999777e+02 1.773067669565136107e-04 2.380534599999999955e+03 2.380534630000000107e+03
3.194879999999999995e+02 5.421001059565136405e-04 2.380534149999999954e+03 2.380535139999999956e+03
3.440640000000000214e+02 3.560157439565136343e-04 2.380533840000000055e+03 2.380533890000000156e+03
3.686399999999999864e+02 -4.458518400434863618e-04 2.380534369999999853e+03 2.380533559999999852e+03
3.932160000000000082e+02 1.067868809565136339e-04 2.380534160000000156e+03 2.380534180000000106e+03
4.423679999999999950e+02 3.226343219565136152e-04 2.380532810000000154e+03 2.380533359999999902e+03
4.915199999999999818e+02 -1.972238190434863589e-04 2.380532349999999951e+03 2.380532409999999800e+03
5.406720000000000255e+02 -1.447488775434863540e-04 2.380531039999999848e+03 2.380530789999999797e+03
5.898239999999999554e+02 2.495533649565136462e-04 2.380531300000000101e+03 2.380532110000000102e+03
6.389759999999999991e+02 5.414402095651363962e-05 2.380534009999999853e+03 2.380533730000000105e+03
6.881280000000000427e+02 -1.381605564348635772e-05 2.380533060000000205e+03 2.380533109999999851e+03
7.372799999999999727e+02 6.861725656513638859e-06 2.380531800000000203e+03 2.380531790000000001e+03
7.864320000000000164e+02 2.001882899565136215e-04 2.380530040000000099e+03 2.380530389999999898e+03
8.847359999999999900e+02 2.432125529565136142e-04 2.380533489999999802e+03 2.380534059999999954e+03
9.830399999999999636e+02 2.184868275651363680e-05 2.380537100000000009e+03 2.380537600000000111e+03
1.081339999999999918e+03 1.828898039565136024e-04 2.380541630000000168e+03 2.380542190000000119e+03
1.179650000000000091e+03 1.139124305651363633e-05 2.380544229999999970e+03 2.380544660000000022e+03
1.277950000000000045e+03 4.418249595651364185e-05 2.380548499999999876e+03 2.380548569999999927e+03
1.376259999999999991e+03 -8.658314134348636128e-05 2.380550420000000031e+03 2.380550600000000031e+03
1.474559999999999945e+03 -1.704270470434863616e-04 2.380555989999999838e+03 2.380555960000000141e+03
1.572859999999999900e+03 -8.407391743486359941e-06 2.380564080000000104e+03 2.380564330000000155e+03
1.769470000000000027e+03 -2.648971770434863657e-04 2.380562919999999849e+03 2.380562960000000203e+03
1.966079999999999927e+03 1.233167625651363853e-05 2.380567840000000160e+03 2.380567990000000009e+03
2.162690000000000055e+03 1.063644579565136398e-04 2.380560280000000148e+03 2.380560739999999896e+03
2.359300000000000182e+03 -1.601426483434863733e-04 2.380557530000000042e+03 2.380557429999999840e+03
2.555900000000000091e+03 -2.318357650434863578e-04 2.380556099999999788e+03 2.380556030000000192e+03
2.752510000000000218e+03 -9.742736734348635933e-05 2.380560429999999997e+03 2.380560719999999947e+03
2.949119999999999891e+03 -3.111519684348635820e-05 2.380557040000000143e+03 2.380557179999999789e+03
3.145730000000000018e+03 -3.243939284348635720e-05 2.380553229999999985e+03 2.380553390000000036e+03
3.538940000000000055e+03 3.271840956513643824e-06 2.380545169999999871e+03 2.380545399999999972e+03
3.932159999999999854e+03 -5.989400086348635845e-05 2.380543270000000120e+03 2.380543500000000222e+03
4.325380000000000109e+03 6.905152456513643199e-06 2.380539310000000114e+03 2.380539380000000165e+03
4.718590000000000146e+03 -1.212455844434863592e-04 2.380545630000000074e+03 2.380545759999999973e+03
5.111810000000000400e+03 -1.251913005434863665e-04 2.380545939999999973e+03 2.380545840000000226e+03
5.505020000000000437e+03 5.936312056513637315e-06 2.380546659999999974e+03 2.380546879999999874e+03
5.898239999999999782e+03 -1.945969544348635858e-05 2.380565700000000106e+03 2.380565680000000157e+03
6.291460000000000036e+03 -8.975344943486359903e-06 2.380571420000000217e+03 2.380571550000000116e+03
7.077890000000000327e+03 5.736625195651365576e-05 2.380569590000000062e+03 2.380569919999999911e+03
7.864319999999999709e+03 1.285421795651364588e-05 2.380575850000000173e+03 2.380576149999999870e+03
8.650750000000000000e+03 -7.533080352348635344e-05 2.380584449999999833e+03 2.380584490000000187e+03
9.437180000000000291e+03 -7.019888544348636160e-05 2.380576259999999820e+03 2.380576450000000023e+03
1.022360000000000036e+04 -4.169216514348635599e-05 2.380571980000000167e+03 2.380572180000000117e+03
1.101000000000000000e+04 4.074718495651364096e-05 2.380565200000000004e+03 2.380565470000000005e+03
1.179650000000000000e+04 5.260700856513639951e-06 2.380567120000000159e+03 2.380567340000000058e+03
1.258289999999999964e+04 -2.171884804348635722e-05 2.380576000000000022e+03 2.380576149999999870e+03
1.415579999999999927e+04 1.968786935651364693e-05 2.380567019999999957e+03 2.380567300000000159e+03
1.572860000000000036e+04 4.630740095651363943e-05 2.380553489999999783e+03 2.380553649999999834e+03
1.730150000000000000e+04 -6.127955279348635403e-05 2.380548310000000129e+03 2.380548389999999927e+03
1.887440000000000146e+04 2.606208585651363934e-05 2.380556529999999839e+03 2.380556770000000142e+03
2.044720000000000073e+04 6.145239556513639899e-06 2.380560190000000148e+03 2.380560460000000148e+03
2.202009999999999854e+04 1.352471045651364851e-05 2.380567289999999957e+03 2.380567399999999907e+03
2.359300000000000000e+04 -3.210535854348635549e-05 2.380564640000000054e+03 2.380564870000000155e+03
2.516579999999999927e+04 -6.576710950348635225e-05 2.380562629999999899e+03 2.380562759999999798e+03
2.831159999999999854e+04 -5.853776543486360288e-06 2.380534659999999803e+03 2.380534929999999804e+03
3.145729999999999927e+04 -1.630202294348635854e-05 2.380524989999999889e+03 2.380525140000000192e+03
3.460300000000000000e+04 -9.177553543486354198e-06 2.380512830000000122e+03 2.380512999999999920e+03
3.774869999999999709e+04 2.747507115651364135e-05 2.380534970000000158e+03 2.380535199999999804e+03
4.089450000000000000e+04 8.012098256513647070e-06 2.380546519999999873e+03 2.380546710000000076e+03
4.404019999999999709e+04 -1.605569564348635853e-05 2.380550450000000183e+03 2.380550600000000031e+03
4.718590000000000146e+04 -3.483210644348635739e-05 2.380550659999999880e+03 2.380550789999999779e+03
5.033159999999999854e+04 9.362723256513649068e-06 2.380551489999999831e+03 2.380551770000000033e+03
5.662309999999999854e+04 -8.823676843486355167e-06 2.380589069999999992e+03 2.380589289999999892e+03
6.291459999999999854e+04 5.785708656513637808e-06 2.380590409999999792e+03 2.380590599999999995e+03
6.920600000000000000e+04 -2.128929014348635696e-05 2.380612129999999979e+03 2.380612329999999929e+03
7.549750000000000000e+04 -7.958190043486360261e-06 2.380654669999999896e+03 2.380654860000000099e+03
8.178889999999999418e+04 2.565217635651363909e-05 2.380647969999999987e+03 2.380648180000000139e+03
8.808039999999999418e+04 1.429412735651363633e-05 2.380659720000000107e+03 2.380659959999999955e+03
9.437180000000000291e+04 -1.262428804348635395e-05 2.380660580000000209e+03 2.380660730000000058e+03
1.006630000000000000e+05 5.528647956513644797e-06 2.380575310000000172e+03 2.380575519999999869e+03
1.132460000000000000e+05 -7.031263043486360182e-06 2.380638789999999972e+03 2.380638960000000225e+03
1.258290000000000000e+05 -5.450129494348635386e-05 2.380582849999999780e+03 2.380583009999999831e+03
1.384120000000000000e+05 9.473034056513640415e-06 2.380485839999999826e+03 2.380486019999999826e+03
1.509950000000000000e+05 -1.073337334348635529e-05 2.380378810000000158e+03 2.380378970000000209e+03
1.635780000000000000e+05 -2.771823754348635396e-05 2.380456929999999829e+03 2.380457100000000082e+03
1.761610000000000000e+05 -2.057648574348635521e-05 2.380486809999999878e+03 2.380486989999999878e+03
1.887440000000000000e+05 -1.306400034348635685e-05 2.380539699999999812e+03 2.380539859999999862e+03
2.013270000000000000e+05 2.287203356513649029e-06 2.380324590000000171e+03 2.380324819999999818e+03
2.264920000000000000e+05 7.206475956513647531e-06 2.380607890000000225e+03 2.380608150000000023e+03
2.516580000000000000e+05 2.615799525651363723e-05 2.380321320000000014e+03 2.380321609999999964e+03
2.768240000000000000e+05 2.256566965651364315e-05 2.380113780000000133e+03 2.380114030000000184e+03
3.019900000000000000e+05 2.467189355651364753e-05 2.379863969999999881e+03 2.379864230000000134e+03
3.271560000000000000e+05 5.192735856513649149e-06 2.379873430000000099e+03 2.379873639999999796e+03
3.523220000000000000e+05 2.614170875651364919e-05 2.379537460000000010e+03 2.379537780000000112e+03
