0.000000000000000000e+00 2.875270622469975024e+01 1.845169000000000096e+03 1.876006010000000060e+03
6.000000000000000125e-03 2.833967792469974967e+01 1.844814830000000029e+03 1.875229550000000017e+03
1.200000000000000025e-02 2.713327342469975179e+01 1.843779860000000099e+03 1.872960489999999936e+03
1.799999999999999864e-02 2.522549802469974978e+01 1.842141190000000051e+03 1.869368120000000090e+03
2.400000000000000050e-02 2.275294552469975073e+01 1.840012789999999995e+03 1.864703320000000076e+03
2.999999999999999889e-02 1.987763932469975003e+01 1.837529320000000098e+03 1.859263429999999971e+03
3.599999999999999728e-02 1.676780162469975011e+01 1.834829790000000003e+03 1.853356880000000046e+03
4.200000000000000261e-02 1.358177542469974775e+01 1.832044030000000021e+03 1.847273680000000013e+03
4.800000000000000100e-02 1.045667432469974933e+01 1.829283380000000079e+03 1.841264689999999973e+03
5.399999999999999939e-02 7.501959834699748697e+00 1.826635749999999916e+03 1.835530259999999998e+03
5.999999999999999778e-02 4.797296414699748546e+00 1.824164719999999988e+03 1.830216910000000098e+03
6.600000000000000311e-02 2.393677164699748783e+00 1.821911460000000034e+03 1.825420190000000048e+03
7.199999999999999456e-02 3.168058246997487726e-01 1.819898509999999987e+03 1.821191640000000007e+03
7.799999999999999989e-02 -1.428158495300251074e+00 1.818134389999999939e+03 1.817547960000000103e+03
8.400000000000000522e-02 -2.851291465300251460e+00 1.816618150000000014e+03 1.814480800000000045e+03
8.999999999999999667e-02 -3.972725785300251555e+00 1.815343370000000050e+03 1.811965750000000071e+03
9.600000000000000200e-02 -4.756064775300250957e+00 1.814356739999999945e+03 1.810090449999999919e+03
1.079999999999999988e-01 -5.742581855300251448e+00 1.812925320000000056e+03 1.807491760000000113e+03
1.199999999999999956e-01 -5.943664035300251669e+00 1.812302779999999984e+03 1.806535720000000083e+03
1.320000000000000062e-01 -5.540021205300251772e+00 1.812390940000000001e+03 1.806939470000000028e+03
1.439999999999999891e-01 -4.689322695300251809e+00 1.813055679999999938e+03 1.808402990000000045e+03
1.559999999999999998e-01 -3.541709125300251504e+00 1.814121540000000095e+03 1.810591110000000072e+03
1.680000000000000104e-01 -2.247808345300251531e+00 1.815388989999999922e+03 1.813145250000000033e+03
1.799999999999999933e-01 -9.536138653002511623e-01 1.816666210000000092e+03 1.815721819999999980e+03
1.920000000000000040e-01 1.588004666997488157e-01 1.817740800000000036e+03 1.817925349999999980e+03
2.159999999999999976e-01 1.770285284699748773e+00 1.819252480000000105e+03 1.821099989999999934e+03
2.399999999999999911e-01 2.346059124699748644e+00 1.819777170000000069e+03 1.822270860000000084e+03
2.640000000000000124e-01 2.152420524699748761e+00 1.819655160000000024e+03 1.822021960000000036e+03
2.879999999999999782e-01 1.627177704699748872e+00 1.819307379999999966e+03 1.821192790000000059e+03
3.119999999999999996e-01 1.109570494699748888e+00 1.819020970000000034e+03 1.820404690000000073e+03
3.360000000000000209e-01 7.496209326997488320e-01 1.818886829999999918e+03 1.819904060000000072e+03
3.599999999999999867e-01 5.452737206997488872e-01 1.818841490000000022e+03 1.819634459999999990e+03
3.840000000000000080e-01 4.363783746997487722e-01 1.818759990000000016e+03 1.819420080000000098e+03
4.319999999999999951e-01 2.681395226997487780e-01 1.818449959999999919e+03 1.818904389999999921e+03
4.799999999999999822e-01 1.635224216997488156e-01 1.818131540000000086e+03 1.818469569999999976e+03
5.280000000000000249e-01 1.591316286997488394e-01 1.818042200000000093e+03 1.818381900000000087e+03
5.759999999999999565e-01 2.243787456997488328e-01 1.818100740000000087e+03 1.818513259999999946e+03
6.239999999999999991e-01 2.848882826997488071e-01 1.818146979999999985e+03 1.818626629999999977e+03
6.720000000000000417e-01 2.915641856997487902e-01 1.818136269999999968e+03 1.818629320000000007e+03
7.199999999999999734e-01 2.509469856997488257e-01 1.818085039999999935e+03 1.818534450000000106e+03
7.680000000000000160e-01 2.032473726997488239e-01 1.818025769999999966e+03 1.818418840000000046e+03
8.639999999999999902e-01 1.581045196997488134e-01 1.817935249999999996e+03 1.818259409999999889e+03
9.599999999999999645e-01 1.424482376997488198e-01 1.817887739999999894e+03 1.818181360000000041e+03
1.056000000000000050e+00 1.259329696997488202e-01 1.817863820000000032e+03 1.818122890000000098e+03
1.151999999999999913e+00 1.107518096997488211e-01 1.817848030000000108e+03 1.818074900000000071e+03
1.247999999999999998e+00 9.966411839974882725e-02 1.817821770000000015e+03 1.818014989999999898e+03
1.344000000000000083e+00 9.284587389974882643e-02 1.817803779999999961e+03 1.817977169999999887e+03
1.439999999999999947e+00 9.648593989974882379e-02 1.817793769999999995e+03 1.817965159999999969e+03
1.536000000000000032e+00 9.584147369974882480e-02 1.817777100000000019e+03 1.817924199999999928e+03
1.727999999999999980e+00 8.113379559974882860e-02 1.817741389999999910e+03 1.817856690000000071e+03
1.919999999999999929e+00 8.657478529974882431e-02 1.817720659999999953e+03 1.817824170000000095e+03
2.112000000000000099e+00 8.336034749974882696e-02 1.817705159999999978e+03 1.817804010000000062e+03
2.303999999999999826e+00 7.364931769974882025e-02 1.817694169999999986e+03 1.817781520000000000e+03
2.495999999999999996e+00 6.215464829974882977e-02 1.817672540000000026e+03 1.817749109999999973e+03
2.688000000000000167e+00 5.954173679974882755e-02 1.817682610000000068e+03 1.817752840000000106e+03
2.879999999999999893e+00 4.776165749974882468e-02 1.817662209999999959e+03 1.817727120000000014e+03
3.072000000000000064e+00 4.301756629974883006e-02 1.817662579999999934e+03 1.817718669999999975e+03
3.455999999999999961e+00 3.290073449974882658e-02 1.817650570000000016e+03 1.817695600000000013e+03
3.839999999999999858e+00 2.275438989974882739e-02 1.817645870000000059e+03 1.817678920000000062e+03
4.224000000000000199e+00 1.939900419974882606e-02 1.817632409999999936e+03 1.817660830000000033e+03
4.607999999999999652e+00 1.105892559974882595e-02 1.817624870000000101e+03 1.817645410000000084e+03
4.991999999999999993e+00 1.075398759974882656e-02 1.817623970000000099e+03 1.817639329999999973e+03
5.376000000000000334e+00 8.827128529748826460e-03 1.817622749999999996e+03 1.817633559999999989e+03
5.759999999999999787e+00 6.631414719748826049e-03 1.817620089999999891e+03 1.817624870000000101e+03
6.144000000000000128e+00 3.874070719748826368e-03 1.817617199999999912e+03 1.817618670000000066e+03
6.911999999999999922e+00 1.455587067488261068e-04 1.817615829999999960e+03 1.817615960000000086e+03
7.679999999999999716e+00 2.132102949748826328e-03 1.817613010000000031e+03 1.817613749999999982e+03
8.448000000000000398e+00 4.675763829748825519e-03 1.817612589999999955e+03 1.817616989999999987e+03
9.215999999999999304e+00 1.549835017488261114e-04 1.817612750000000005e+03 1.817611360000000104e+03
9.983999999999999986e+00 -8.464781782511739214e-04 1.817615510000000086e+03 1.817615090000000009e+03
1.075200000000000067e+01 3.203030189748826400e-03 1.817613720000000058e+03 1.817616800000000012e+03
1.151999999999999957e+01 6.720386057488260097e-04 1.817605160000000069e+03 1.817605880000000070e+03
1.228800000000000026e+01 8.581659567488260322e-04 1.817609809999999925e+03 1.817609050000000025e+03
1.382399999999999984e+01 5.178683627488260902e-04 1.817613700000000108e+03 1.817615289999999959e+03
1.535999999999999943e+01 -1.156650480251173851e-03 1.817619899999999916e+03 1.817618449999999939e+03
1.689600000000000080e+01 6.669168907488260811e-04 1.817614739999999983e+03 1.817615960000000086e+03
1.843199999999999861e+01 7.239754977488260627e-04 1.817613110000000006e+03 1.817612830000000031e+03
1.996799999999999997e+01 4.473942527488260928e-04 1.817607539999999972e+03 1.817608609999999999e+03
2.150400000000000134e+01 1.846505549748826127e-03 1.817606129999999894e+03 1.817605800000000045e+03
2.303999999999999915e+01 -1.301102440251174002e-03 1.817607760000000098e+03 1.817605829999999969e+03
2.457600000000000051e+01 1.287322357488260868e-04 1.817610680000000002e+03 1.817611190000000079e+03
2.764799999999999969e+01 3.279412577488260766e-04 1.817613959999999906e+03 1.817617060000000038e+03
3.071999999999999886e+01 -1.529917920251173871e-03 1.817610490000000027e+03 1.817607430000000022e+03
3.379200000000000159e+01 6.608094497488260126e-04 1.817610770000000002e+03 1.817609979999999950e+03
3.686399999999999721e+01 5.697254797488260445e-04 1.817612589999999955e+03 1.817611020000000053e+03
3.993599999999999994e+01 5.561023867488260487e-04 1.817611290000000054e+03 1.817611339999999927e+03
4.300800000000000267e+01 -7.023042432511739271e-04 1.817606559999999945e+03 1.817604360000000042e+03
4.607999999999999829e+01 1.350640434882608675e-05 1.817609650000000101e+03 1.817610719999999901e+03
4.915200000000000102e+01 -2.376488052511738995e-04 1.817611120000000028e+03 1.817610169999999925e+03
5.529599999999999937e+01 3.715447287488261147e-04 1.817611640000000079e+03 1.817612650000000031e+03
6.143999999999999773e+01 1.208308947488260897e-04 1.817610230000000001e+03 1.817609639999999899e+03
6.758400000000000318e+01 3.076114117488261217e-04 1.817609120000000075e+03 1.817610719999999901e+03
7.372799999999999443e+01 6.128598787488260874e-04 1.817605669999999918e+03 1.817605090000000018e+03
7.987199999999999989e+01 -1.393143710251173962e-03 1.817606250000000045e+03 1.817605229999999892e+03
8.601600000000000534e+01 -1.486906612511738944e-04 1.817606330000000071e+03 1.817606700000000046e+03
9.215999999999999659e+01 4.985323227488260272e-04 1.817609130000000050e+03 1.817609249999999975e+03
9.830400000000000205e+01 1.340103037488260854e-04 1.817608230000000049e+03 1.817608369999999923e+03
1.105919999999999987e+02 -2.062131435117391397e-05 1.817610130000000026e+03 1.817609529999999950e+03
1.228799999999999955e+02 -2.249735552511738991e-04 1.817612890000000107e+03 1.817612800000000107e+03
1.351680000000000064e+02 -3.272227612511739193e-04 1.817610120000000052e+03 1.817609480000000076e+03
1.474559999999999889e+02 6.073662167488260528e-04 1.817611450000000104e+03 1.817611049999999977e+03
1.597439999999999998e+02 2.587905297488260850e-04 1.817609439999999950e+03 1.817610069999999951e+03
1.720320000000000107e+02 -1.132846432511739194e-04 1.817613139999999930e+03 1.817613610000000108e+03
1.843199999999999932e+02 2.417762577488261045e-04 1.817613980000000083e+03 1.817613939999999957e+03
1.966080000000000041e+02 6.122614387488260193e-04 1.817613849999999957e+03 1.817615299999999934e+03
2.211839999999999975e+02 7.998542864882608381e-05 1.817610969999999952e+03 1.817611470000000054e+03
2.457599999999999909e+02 2.773754037488260996e-04 1.817612869999999930e+03 1.817614190000000008e+03
2.703360000000000127e+02 1.428067427488261085e-04 1.817612300000000005e+03 1.817612000000000080e+03
2.949119999999999777e+02 -1.578781462511738998e-04 1.817611509999999953e+03 1.817610570000000052e+03
3.194879999999999995e+02 6.661945007488260292e-04 1.817611409999999978e+03 1.817611049999999977e+03
3.440640000000000214e+02 6.112681104882609180e-05 1.817609979999999950e+03 1.817609889999999950e+03
3.686399999999999864e+02 -2.198950552511738969e-04 1.817614550000000008e+03 1.817613029999999981e+03
3.932160000000000082e+02 -3.388736072511738849e-04 1.817612589999999955e+03 1.817612810000000081e+03
4.423679999999999950e+02 -4.030602625117391327e-05 1.817610950000000003e+03 1.817610910000000104e+03
4.915199999999999818e+02 -8.246630755117391974e-05 1.817610449999999901e+03 1.817610259999999926e+03
5.406720000000000255e+02 -1.551697862511738999e-04 1.817613039999999955e+03 1.817612499999999955e+03
5.898239999999999554e+02 8.983851624882608006e-05 1.817608739999999898e+03 1.817608079999999973e+03
6.389759999999999991e+02 -9.687653865117391578e-05 1.817611779999999953e+03 1.817612020000000030e+03
6.881280000000000427e+02 2.015181587488261005e-04 1.817608629999999948e+03 1.817610120000000052e+03
7.372799999999999727e+02 3.755623497488261124e-04 1.817610760000000028e+03 1.817611570000000029e+03
7.864320000000000164e+02 1.071639774882608698e-05 1.817611380000000054e+03 1.817611310000000003e+03
8.847359999999999900e+02 -2.909232822511738825e-04 1.817609989999999925e+03 1.817609169999999949e+03
9.830399999999999636e+02 -1.564464742511738945e-04 1.817615170000000035e+03 1.817614939999999933e+03
1.081339999999999918e+03 -1.583250232511738942e-04 1.817621920000000046e+03 1.817621399999999994e+03
1.179650000000000091e+03 -2.965983442511739218e-04 1.817623170000000073e+03 1.817622959999999921e+03
1.277950000000000045e+03 2.910610584882608490e-05 1.817624790000000075e+03 1.817624510000000100e+03
1.376259999999999991e+03 3.950783364882608397e-05 1.817628609999999981e+03 1.817628439999999955e+03
1.474559999999999945e+03 1.116233477488260848e-04 1.817629300000000057e+03 1.817629419999999982e+03
1.572859999999999900e+03 -4.405285581739132266e-07 1.817632450000000063e+03 1.817632779999999912e+03
1.769470000000000027e+03 -2.122206455117391313e-05 1.817638689999999997e+03 1.817638850000000048e+03
1.966079999999999927e+03 -1.079566982511739160e-04 1.817637510000000020e+03 1.817637439999999970e+03
2.162690000000000055e+03 -8.991179075117391821e-05 1.817639910000000100e+03 1.817640079999999898e+03
2.359300000000000182e+03 -2.425283832511738991e-04 1.817638560000000098e+03 1.817638050000000021e+03
2.555900000000000091e+03 1.216367764882608786e-05 1.817636580000000095e+03 1.817636569999999892e+03
2.752510000000000218e+03 -1.662597205117391543e-05 1.817628269999999929e+03 1.817627979999999980e+03
2.949119999999999891e+03 1.331454387488261023e-04 1.817632090000000062e+03 1.817632219999999961e+03
3.145730000000000018e+03 5.089683004882608841e-05 1.817633710000000065e+03 1.817633990000000040e+03
3.538940000000000055e+03 1.754335354882608422e-05 1.817640360000000101e+03 1.817640439999999899e+03
3.932159999999999854e+03 1.102818397488260823e-04 1.817642980000000080e+03 1.817642970000000105e+03
4.325380000000000109e+03 3.624175524882608529e-05 1.817642880000000105e+03 1.817643100000000004e+03
4.718590000000000146e+03 6.156086564882608529e-05 1.817644839999999931e+03 1.817645179999999982e+03
5.111810000000000400e+03 1.369925214882608743e-05 1.817645960000000059e+03 1.817645800000000008e+03
5.505020000000000437e+03 6.395450124882608763e-05 1.817650859999999966e+03 1.817650990000000093e+03
5.898239999999999782e+03 1.427769327488260967e-04 1.817659120000000030e+03 1.817659270000000106e+03
6.291460000000000036e+03 -2.605096225117391331e-05 1.817655670000000100e+03 1.817655569999999898e+03
7.077890000000000327e+03 1.272327377488261045e-04 1.817647999999999911e+03 1.817648040000000037e+03
7.864319999999999709e+03 6.028079504882608285e-05 1.817632599999999911e+03 1.817632679999999937e+03
8.650750000000000000e+03 -3.428072365117391343e-05 1.817642309999999952e+03 1.817642260000000078e+03
9.437180000000000291e+03 5.653439174882608461e-05 1.817637799999999970e+03 1.817637999999999920e+03
1.022360000000000036e+04 -6.584528455117391447e-05 1.817643520000000080e+03 1.817643550000000005e+03
1.101000000000000000e+04 -7.069562975117391068e-05 1.817631190000000061e+03 1.817630979999999909e+03
1.179650000000000000e+04 1.702754264882608639e-05 1.817633509999999887e+03 1.817633489999999938e+03
1.258289999999999964e+04 4.083882534882608524e-05 1.817634669999999915e+03 1.817634559999999965e+03
1.415579999999999927e+04 8.541580474882608449e-05 1.817641399999999976e+03 1.817641460000000052e+03
1.572860000000000036e+04 -3.819548175117391537e-05 1.817635669999999891e+03 1.817635690000000068e+03
1.730150000000000000e+04 1.923411754882608658e-05 1.817622020000000020e+03 1.817621949999999970e+03
1.887440000000000146e+04 -2.794871195117391578e-05 1.817607320000000072e+03 1.817607140000000072e+03
2.044720000000000073e+04 6.079765824882608666e-05 1.817618989999999940e+03 1.817618960000000015e+03
2.202009999999999854e+04 -7.163316261739132067e-07 1.817642499999999927e+03 1.817642440000000079e+03
2.359300000000000000e+04 1.996234274882608575e-05 1.817647349999999960e+03 1.817647470000000112e+03
2.516579999999999927e+04 3.653474684882608234e-05 1.817661579999999958e+03 1.817661689999999908e+03
2.831159999999999854e+04 -2.019488605117391607e-05 1.817661280000000033e+03 1.817661180000000058e+03
3.145729999999999927e+04 -4.925995341173912671e-06 1.817629989999999907e+03 1.817629879999999957e+03
3.460300000000000000e+04 -4.706052975117391737e-05 1.817680640000000039e+03 1.817680429999999888e+03
3.774869999999999709e+04 -1.667598075117391305e-05 1.817657410000000027e+03 1.817657500000000027e+03
4.089450000000000000e+04 -1.880283775117391369e-05 1.817650020000000040e+03 1.817649949999999990e+03
4.404019999999999709e+04 -2.309454125117391487e-05 1.817629300000000057e+03 1.817629339999999956e+03
4.718590000000000146e+04 4.422237214882608294e-05 1.817626369999999952e+03 1.817626520000000028e+03
5.033159999999999854e+04 1.791348484882608559e-05 1.817602069999999912e+03 1.817602100000000064e+03
5.662309999999999854e+04 3.630022664882608525e-05 1.817569670000000087e+03 1.817569790000000012e+03
6.291459999999999854e+04 -3.828403695117391325e-05 1.817582169999999905e+03 1.817582110000000057e+03
6.920600000000000000e+04 2.637689088826086647e-06 1.817565540000000055e+03 1.817565550000000030e+03
7.549750000000000000e+04 -1.975042085117391299e-05 1.817552840000000060e+03 1.817552799999999934e+03
8.178889999999999418e+04 1.967563534882608501e-05 1.817548150000000078e+03 1.817548209999999926e+03
8.808039999999999418e+04 -3.541796815117391169e-05 1.817572089999999889e+03 1.817572030000000041e+03
9.437180000000000291e+04 -1.790772895117391468e-05 1.817583789999999908e+03 1.817583720000000085e+03
1.006630000000000000e+05 2.047825778826086483e-06 1.817629529999999932e+03 1.817629519999999957e+03
1.132460000000000000e+05 -6.505377021173912781e-06 1.817625630000000001e+03 1.817625659999999925e+03
1.258290000000000000e+05 3.408767224882608486e-05 1.817632270000000062e+03 1.817632290000000012e+03
1.384120000000000000e+05 -1.832494305117391458e-05 1.817607629999999972e+03 1.817607600000000048e+03
1.509950000000000000e+05 2.733616544882608426e-05 1.817629460000000108e+03 1.817629500000000007e+03
1.635780000000000000e+05 -2.186909725117391434e-05 1.817651029999999992e+03 1.817651069999999891e+03
1.761610000000000000e+05 -2.563939465117391606e-05 1.817685549999999921e+03 1.817685529999999972e+03
1.887440000000000000e+05 -1.373270015117391371e-05 1.817693209999999908e+03 1.817693179999999984e+03
2.013270000000000000e+05 -5.036049501173913265e-06 1.817506669999999986e+03 1.817506650000000036e+03
2.264920000000000000e+05 3.435815134882608252e-05 1.817550430000000006e+03 1.817550520000000006e+03
2.516580000000000000e+05 -2.498365101173913242e-06 1.817706539999999904e+03 1.817706470000000081e+03
2.768240000000000000e+05 5.200260254882608867e-05 1.817487480000000005e+03 1.817487579999999980e+03
3.019900000000000000e+05 1.195206414882608779e-05 1.817719900000000052e+03 1.817719929999999977e+03
3.271560000000000000e+05 -7.491261741739132580e-07 1.817843599999999924e+03 1.817843620000000101e+03
3.523220000000000000e+05 -3.259630965117391483e-05 1.816783030000000053e+03 1.816783050000000003e+03
