0.06 0.001950149869634867
0.138 0.008301916551829068
0.24 0.02003625855839537
0.372 0.039160256311591896
0.542 0.06446809385796992
0.766 0.09621350626334636
1.054 0.1338831567588732
1.432 0.18020352325688424
1.92 0.23692544777819907
2.5580000000000003 0.30806627107934265
3.384 0.39290924524845644
4.46 0.4912716736568839
5.8580000000000005 0.6039870001193042
7.674 0.7391164041830108
10.038 0.9108490105027476
13.108 1.1251132984655197
17.1 1.3979606135076572
22.292 1.748110142629633
29.038 2.1925669525927907
37.81 2.7723933487241283
49.212 3.4963611665324956
64.036 4.419946447197604
83.308 5.668037809816251
108.36 7.315563487160805
140.928 9.447879717991812
183.266 12.151293262003762
238.306 15.690672710687636
309.858 20.229628007882827
402.87600000000003 26.25755691648951
523.8 34.14015075600507
680.998 44.34528932187489
885.3580000000001 57.68013215326217
1151.026 75.26696297471032
1496.394 98.11141577078212
1945.372 127.10257382459166
2529.044 164.613062998987
3287.8160000000003 213.68743302816438
4274.222 277.5573906040434
5556.548 361.3263759870709
5556.7480000000005 361.34594239724373
11113.496000000001 721.6955728465213
16670.244 1082.6767117298798
22226.992000000002 1443.0623307366734
27783.74 1806.4406376791499
33340.488 2168.8620416156323
38897.236000000004 2530.587976528708
44453.984000000004 2891.7136660397096
50010.732 3250.6352677817945
55567.48 3610.1551364743827
61124.228 3969.5860410284645
66680.976 4329.576701331653
72237.724 4692.3530461654345
77794.47200000001 5053.476675190038
83351.22 5415.532720650161
88907.96800000001 5778.344400848159
94464.716 6143.59184714693
100021.464 6512.724237322777
105578.212 6883.163414413997
111134.96 7253.709677146172
116691.708 7618.712290132335
122248.456 7983.285877869053
127805.204 8358.156424154065
133361.952 8734.630830424743
138918.7 9117.944032900014
144475.448 9497.294386729025
150032.196 9875.441264745152
155588.94400000002 10251.958314638636
161145.692 10620.021357707681
166702.44 10986.111662569438
172259.188 11352.547036471664
177815.93600000002 11719.260137934862
183372.684 12079.243799658349
188929.432 12442.75455662665
194486.18 12814.247870213296
200042.928 13183.851416325524
205599.676 13556.82438549737
211156.424 13935.979399877393
216713.172 14308.4367219877
222269.92 14682.284484881255
227826.668 15053.03981521054
233383.416 15421.031379507767
238940.16400000002 15786.159935081783
244496.912 16150.884217969538
250053.66 16520.492398250677
255610.408 16884.03045273693
261167.15600000002 17225.08646233414
266723.904 17559.00497976409
272280.652 17903.46379023982
277837.4 18237.032763712436
283394.148 18574.08065455071
288950.896 18919.98746927276
294507.64400000003 19253.785737554852
300064.392 19574.476616386193
305621.14 19873.945188293234
311177.88800000004 20227.382105194163
316734.636 20535.39105722642
