1 239.22688655672164
2 77.97951024487756
3 33.35882058970515
4 17.568715642178912
5 10.636681659170415
6 6.972513743128435
7 4.932033983008496
8 3.576711644177911
9 2.733633183408296
10 2.1509245377311346
11 1.6851574212893554
12 1.3428285857071465
13 1.1069465267366316
14 0.935032483758121
15 0.7806096951524237
16 0.6546726636681659
17 0.5847076461769115
18 0.4827586206896552
19 0.4192903548225887
20 0.35332333833083457
21 0.3458270864567716
22 0.271864067966017
23 0.26286856571714146
24 0.22188905547226387
25 0.23388305847076463
26 0.17391304347826086
27 0.15292353823088456
28 0.14192903548225888
29 0.14442778610694654
30 0.13093453273363317
31 0.10344827586206896
32 0.0814592703648176
33 0.09095452273863068
34 0.09045477261369315
35 0.07246376811594203
36 0.06846576711644178
37 0.06796601699150424
38 0.05647176411794103
39 0.053973013493253376
40 0.0399800099950025
41 0.04697651174412794
42 0.03698150924537731
43 0.03798100949525238
44 0.03498250874562719
45 0.03548225887056472
46 0.030484757621189407
47 0.02798600699650175
48 0.02848575712143928
49 0.022988505747126436
50 0.0239880059970015
51 0.02048975512243878
52 0.01899050474762619
53 0.02048975512243878
54 0.013993003498250875
55 0.014492753623188406
56 0.015992003998001
57 0.011494252873563218
58 0.01249375312343828
59 0.015992003998001
60 0.014492753623188406
61 0.010994502748625687
62 0.010994502748625687
63 0.010494752623688156
64 0.0079960019990005
65 0.009495252373813094
66 0.0069965017491254375
67 0.0074962518740629685
68 0.0029985007496251873
69 0.00399800099950025
70 0.010494752623688156
71 0.0069965017491254375
72 0.005997001499250375
73 0.00399800099950025
74 0.0029985007496251873
75 0.0024987506246876563
76 0.0029985007496251873
77 0.0009995002498750624
78 0.0014992503748125937
79 0.0034982508745627187
80 0.00399800099950025
81 0.001999000499750125
82 0.0024987506246876563
83 0.001999000499750125
84 0.001999000499750125
85 0.0034982508745627187
86 0.0014992503748125937
87 0.0004997501249375312
88 0.0009995002498750624
89 0.001999000499750125
90 0.0004997501249375312
91 0.001999000499750125
92 0.0014992503748125937
93 0.0004997501249375312
94 0.0009995002498750624
95 0.0004997501249375312
97 0.0009995002498750624
98 0.0009995002498750624
99 0.0004997501249375312
100 0.001999000499750125
101 0.0009995002498750624
102 0.0009995002498750624
103 0.0009995002498750624
104 0.0014992503748125937
105 0.001999000499750125
106 0.0014992503748125937
107 0.0009995002498750624
108 0.0004997501249375312
112 0.0004997501249375312
113 0.0004997501249375312
114 0.0004997501249375312
119 0.0014992503748125937
120 0.0004997501249375312
122 0.0014992503748125937
129 0.0004997501249375312
130 0.0004997501249375312
141 0.0004997501249375312
148 0.0004997501249375312
161 0.0004997501249375312
