0.03 0.0010726412746369506
0.069 0.005371387305074167
0.12 0.014639682772438736
0.186 0.030579387092845394
0.271 0.05533291896339687
0.383 0.09160534307425376
0.527 0.14018831821254624
0.716 0.20543945614672698
0.96 0.29005535886803924
1.2790000000000001 0.4023737205376367
1.692 0.5493501481419585
2.23 0.7432186200809306
2.9290000000000003 0.9999888022572575
3.837 1.3386120444854817
5.019 1.786005949596267
6.554 2.3773592240076487
8.55 3.13003648383424
11.146 4.107058953056036
14.519 5.386385200803257
18.905 7.033353624871278
24.606 9.199474156776441
32.018 12.02676206712058
41.654 15.710363422702109
54.18 20.499863315519192
70.464 26.68013596934971
91.633 34.6206862269502
119.153 44.957967215334705
154.929 58.681201390295655
201.43800000000002 76.4749164628998
261.9 99.40766869519115
340.499 129.47490188416307
442.67900000000003 168.0352273769676
575.513 218.33993013933284
748.197 283.9774588297858
972.686 369.5096551846226
1264.522 479.60065732887483
1643.9080000000001 623.0849087863834
2137.111 808.3472266061207
2778.274 1055.6169997735258
2778.3740000000003 1055.6518323731163
5556.7480000000005 2109.7365532239805
8335.122 3161.7549050091297
11113.496000000001 4212.313061840468
13891.87 5259.870578402965
16670.244 6311.076544290431
19448.618000000002 7369.260659524188
22226.992000000002 8419.796593792205
25005.366 9468.72060443125
27783.74 10518.998578686156
30562.114 11569.543377043254
33340.488 12618.044568093788
36118.862 13663.654554016128
38897.236000000004 14716.894489292961
41675.61 15770.026688267026
44453.984000000004 16809.77014390117
47232.358 17843.612175579685
50010.732 18874.40953285625
52789.106 19908.460397327082
55567.48 20942.760829046187
58345.854 21979.57896890196
61124.228 23011.15651100543
63902.602 24040.07161200185
66680.976 25079.713488745936
69459.35 26111.423162324467
72237.724 27139.511520384436
75016.098 28173.145792959993
77794.47200000001 29204.990839905582
80572.846 30250.64289483237
83351.22 31287.07756326866
86129.594 32318.906600005193
88907.96800000001 33344.76592067444
91686.342 34364.61067615546
94464.716 35385.82532208942
97243.09 36405.101247514736
100021.464 37428.957884886884
102799.838 38458.77284511263
105578.212 39481.980544568534
108356.586 40505.23174181534
111134.96 41523.88413801349
113913.334 42538.22881569728
116691.708 43552.99378179509
119470.08200000001 44595.762591239385
122248.456 45665.5670941591
125026.83 46728.57061216538
127805.204 47785.47058210496
130583.57800000001 48826.56814360707
133361.952 49863.50374600675
136140.326 50918.31548811302
138918.7 51988.508792650566
141697.074 53046.16991002223
144475.448 54080.046995229306
147253.82200000001 55128.97490911739
150032.196 56211.981992692854
152810.57 57288.852970151864
155588.94400000002 58360.71117639817
158367.318 59435.97599167067
161145.692 60517.15874243444
163924.066 61649.108622004875
166702.44 62736.931149475924
169480.814 63828.4616558912
172259.188 64868.36252664453
175037.562 65861.50620468025
177815.93600000002 66877.59725713481
180594.31 67887.46746213446
183372.684 68945.15695732256
186151.058 69996.96301033364
188929.432 71112.14677248811
191707.806 72376.17224237787
194486.18 73470.24063815254
197264.554 74729.14504818636
