0.06 0.0007955529533820619
0.138 0.0033798980304918344
0.24 0.008506352695701607
0.372 0.01776312104004822
0.542 0.031143810053945717
0.766 0.04907172318985147
1.054 0.07069744623899306
1.432 0.09646546274994418
1.92 0.12623174859229888
2.5580000000000003 0.16283479414000412
3.384 0.20752428786063806
4.46 0.25750019073408853
5.8580000000000005 0.3095873253617816
7.674 0.36244466482999527
10.038 0.41497114027743986
13.108 0.47281911933456644
17.1 0.5294969560585796
22.292 0.596794393513294
29.038 0.6734380305805826
37.81 0.7533297523645235
49.212 0.8528036980798677
64.036 0.9659798850544108
83.308 1.0959295538141163
108.36 1.254109512292336
140.928 1.455650596335985
183.266 1.674467373655754
238.306 1.9578650833508584
309.858 2.288736291521265
402.87600000000003 2.749984630054109
523.8 3.3262553863696898
680.998 4.011674111837319
885.3580000000001 4.885915618207065
1151.026 6.044022496465833
1496.394 7.494551641501031
1945.372 9.46933648708828
2529.044 11.97597384333572
3287.8160000000003 15.183176033909085
4274.222 19.437292023419715
5556.548 25.01667468865473
5556.7480000000005 25.0182297054044
11113.496000000001 48.944414023435286
16670.244 73.07776048392847
22226.992000000002 97.20169880068836
27783.74 121.36209665248671
33340.488 145.42939202621628
38897.236000000004 169.31876763505522
44453.984000000004 193.10909026871278
50010.732 216.8414884754552
55567.48 240.49334583125963
61124.228 264.1585542461633
66680.976 287.86013815206405
72237.724 311.6551780078716
77794.47200000001 335.3286275379111
83351.22 359.12563472740555
88907.96800000001 382.8936228982139
94464.716 406.67691604967604
100021.464 430.34876493815295
105578.212 454.15074313117293
111134.96 477.83270842945797
116691.708 501.841040931648
122248.456 525.8927766358828
127805.204 550.1261730834726
133361.952 574.2508676737673
138918.7 598.5102362190622
144475.448 622.863837880561
150032.196 647.5665685316569
155588.94400000002 672.2558594807316
161145.692 696.9416234042487
166702.44 721.8536587323518
172259.188 746.4996374952514
177815.93600000002 771.1889569693549
183372.684 795.7536048797704
188929.432 820.2849008133288
194486.18 845.2358658935012
200042.928 870.2122664056849
205599.676 894.9217487193117
211156.424 919.7451974178365
216713.172 944.5644733442772
222269.92 969.274904245158
227826.668 994.6102005572873
233383.416 1020.0029512963459
238940.16400000002 1044.8230738293876
244496.912 1070.1409980764204
250053.66 1095.4265539791324
255610.408 1120.2081299652957
261167.15600000002 1145.2045519922478
266723.904 1170.35423900897
272280.652 1195.2549493476517
277837.4 1220.2648528142258
283394.148 1245.5898344071734
288950.896 1272.0135223719537
294507.64400000003 1299.3404279520412
300064.392 1325.5298862094128
305621.14 1352.2853448498508
311177.88800000004 1378.4735757109083
316734.636 1405.2320959690019
322291.384 1431.3535441462689
327848.132 1456.8920494633262
333404.88 1481.999960027212
338961.628 1507.0693431990878
344518.376 1532.6663530144217
350075.124 1557.84121052808
355631.87200000003 1583.648482456133
361188.62 1610.8226862526378
366745.368 1638.145905941109
372302.116 1667.6599178042325
377858.864 1694.0446236880034
383415.612 1723.4601399791882
388972.36 1749.8023839095677
394529.108 1772.468763785645
