0 2.52470698e+01  9.45748121e+02  9.72940961e+02
0.006 2.49756496e+01  9.45522461e+02  9.72433086e+02
0.012 2.41713840e+01  9.44853288e+02  9.70927530e+02
0.018 2.28632756e+01  9.43762956e+02  9.68476333e+02
0.024 2.10973410e+01  9.42286643e+02  9.65161736e+02
0.03 1.89337300e+01  9.40470041e+02  9.61090968e+02
0.036 1.64431771e+01  9.38366555e+02  9.56389859e+02
0.042 1.37031525e+01  9.36034352e+02  9.51196004e+02
0.048 1.07940702e+01  9.33533544e+02  9.45652111e+02
0.054 7.79584930e+00  9.30923769e+02  9.39900092e+02
0.06 4.78504161e+00  9.28262298e+02  9.34076243e+02
0.066 1.83263630e+00  9.25602744e+02  9.28307708e+02
0.072 -9.97437712e-01  9.22994319e+02  9.22710184e+02
0.078 -3.64917232e+00  9.20481553e+02  9.17386730e+02
0.084 -6.07481851e+00  9.18104320e+02  9.12427403e+02
0.09 -8.23484598e+00  9.15898018e+02  9.07909433e+02
0.096 -1.00173707e+01  9.13951007e+02  9.04037408e+02
0.108 -1.27559476e+01  9.10662344e+02  8.97749768e+02
0.12 -1.41165163e+01  9.08443707e+02  8.93957286e+02
0.132 -1.41000142e+01  9.07380079e+02  8.92751658e+02
0.144 -1.28123598e+01  9.07467314e+02  8.94025842e+02
0.156 -1.04601094e+01  9.08606192e+02  8.97473001e+02
0.168 -7.33815076e+00  9.10609484e+02  9.02606891e+02
0.18 -3.80410285e+00  9.13224183e+02  9.08810831e+02
0.192 -3.20306860e-01  9.16176600e+02  9.15349574e+02
0.216 5.43174445e+00  9.21847056e+02  9.27043043e+02
0.24 8.25042419e+00  9.26124191e+02  9.34461990e+02
0.264 8.01057558e+00  9.28287131e+02  9.36678871e+02
0.288 5.79995463e+00  9.28403346e+02  9.34781230e+02
0.312 2.99086196e+00  9.26998753e+02  9.30639526e+02
0.336 5.97690155e-01  9.24796408e+02  9.26004134e+02
0.36 -9.13199023e-01  9.22478150e+02  9.22053110e+02
0.384 -1.39514230e+00  9.20638583e+02  9.19547766e+02
0.432 -1.34486855e+00  9.18412300e+02  9.16987595e+02
0.48 -9.37400677e-01  9.18404876e+02  9.17161713e+02
0.528 -3.43407644e-01  9.19868502e+02  9.19282145e+02
0.576 7.44366983e-01  9.21781833e+02  9.22550996e+02
0.624 1.40247267e+00  9.22921521e+02  9.24579539e+02
0.672 9.41890756e-01  9.22519010e+02  9.23727760e+02
0.72 -1.95201430e-01  9.20995170e+02  9.20906022e+02
0.768 -4.89519949e-01  9.20179082e+02  9.19671203e+02
0.864 2.29016265e-01  9.20829262e+02  9.21055968e+02
0.96 1.71141507e-01  9.21256921e+02  9.21513281e+02
1.056 2.86434069e-03  9.20815061e+02  9.20861134e+02
1.152 1.23448614e-01  9.20834532e+02  9.21005072e+02
1.248 4.76651403e-03  9.20854408e+02  9.20905646e+02
1.344 7.90694061e-02  9.20875506e+02  9.21001860e+02
1.44 3.73137269e-02  9.20788323e+02  9.20875391e+02
1.536 4.33542064e-02  9.20808355e+02  9.20900782e+02
1.728 3.85882626e-02  9.20790154e+02  9.20870187e+02
1.92 4.46455947e-02  9.20778430e+02  9.20861725e+02
2.112 4.87567964e-02  9.20770320e+02  9.20855450e+02
2.304 5.45589966e-02  9.20760407e+02  9.20849957e+02
2.496 6.34936026e-02  9.20755607e+02  9.20839939e+02
2.688 6.96664087e-02  9.20744784e+02  9.20837379e+02
2.88 7.84134198e-02  9.20735129e+02  9.20828521e+02
3.072 8.57174318e-02  9.20738223e+02  9.20832848e+02
3.456 9.93058015e-02  9.20732175e+02  9.20838222e+02
3.84 1.05561814e-01  9.20724228e+02  9.20834346e+02
4.224 1.04399161e-01  9.20721456e+02  9.20830677e+02
4.608 1.03432540e-01  9.20727551e+02  9.20835682e+02
4.992 9.77606988e-02  9.20726539e+02  9.20830208e+02
5.376 9.16250368e-02  9.20726472e+02  9.20825769e+02
5.76 8.34489488e-02  9.20731055e+02  9.20825628e+02
6.144 8.14193638e-02  9.20727107e+02  9.20820411e+02
6.912 7.82670567e-02  9.20722165e+02  9.20810360e+02
7.68 7.64105580e-02  9.20716174e+02  9.20799376e+02
8.448 7.52008684e-02  9.20709145e+02  9.20790432e+02
9.216 7.57294232e-02  9.20699932e+02  9.20781124e+02
9.984 7.29947524e-02  9.20704085e+02  9.20782070e+02
10.752 7.25318009e-02  9.20699359e+02  9.20777821e+02
11.52 6.92501859e-02  9.20700676e+02  9.20772649e+02
12.288 6.81751468e-02  9.20695846e+02  9.20768215e+02
13.824 6.53874618e-02  9.20692096e+02  9.20761274e+02
15.36 6.29415761e-02  9.20693449e+02  9.20759814e+02
16.896 6.08285960e-02  9.20691770e+02  9.20752938e+02
18.432 5.96613628e-02  9.20688955e+02  9.20750739e+02
19.968 5.82152203e-02  9.20684911e+02  9.20744811e+02
21.504 5.60147971e-02  9.20684369e+02  9.20740576e+02
23.04 5.65755536e-02  9.20684778e+02  9.20741754e+02
24.576 5.44553694e-02  9.20681958e+02  9.20737159e+02
27.648 5.33867723e-02  9.20680974e+02  9.20733913e+02
30.72 5.18255151e-02  9.20676248e+02  9.20726656e+02
33.792 4.97192324e-02  9.20677307e+02  9.20725102e+02
36.864 4.83212945e-02  9.20675304e+02  9.20721116e+02
39.936 4.77239679e-02  9.20674211e+02  9.20718678e+02
43.008 4.58047691e-02  9.20670787e+02  9.20713642e+02
46.08 4.58430227e-02  9.20670498e+02  9.20712280e+02
49.152 4.48274814e-02  9.20668785e+02  9.20709553e+02
55.296 4.28043382e-02  9.20668645e+02  9.20706465e+02
61.44 4.19220524e-02  9.20668369e+02  9.20704940e+02
67.584 4.03660235e-02  9.20663057e+02  9.20698189e+02
73.728 3.95908650e-02  9.20662813e+02  9.20696704e+02
79.872 3.85319250e-02  9.20661783e+02  9.20694788e+02
86.016 3.77465756e-02  9.20662304e+02  9.20693271e+02
92.16 3.70431397e-02  9.20661943e+02  9.20692140e+02
98.304 3.68780709e-02  9.20659031e+02  9.20688245e+02
110.592 3.59668925e-02  9.20657201e+02  9.20685388e+02
122.88 3.49824904e-02  9.20655354e+02  9.20682654e+02
135.168 3.40256466e-02  9.20654239e+02  9.20679613e+02
147.456 3.29269747e-02  9.20653329e+02  9.20677632e+02
159.744 3.23650656e-02  9.20651081e+02  9.20675862e+02
172.032 3.18489228e-02  9.20650551e+02  9.20673602e+02
184.32 3.15957049e-02  9.20649648e+02  9.20672556e+02
196.608 3.10353104e-02  9.20649738e+02  9.20671196e+02
221.184 3.02405350e-02  9.20649890e+02  9.20670332e+02
245.76 2.94540797e-02  9.20648035e+02  9.20668553e+02
270.336 2.91745969e-02  9.20647797e+02  9.20667843e+02
294.912 2.78059178e-02  9.20646390e+02  9.20665041e+02
319.488 2.68772308e-02  9.20647149e+02  9.20665410e+02
344.064 2.63260417e-02  9.20648067e+02  9.20665216e+02
368.64 2.57478985e-02  9.20649797e+02  9.20666358e+02
393.216 2.58548133e-02  9.20651173e+02  9.20667511e+02
442.368 2.52506741e-02  9.20650953e+02  9.20666678e+02
491.52 2.44962659e-02  9.20650039e+02  9.20664611e+02
540.672 2.46539880e-02  9.20649780e+02  9.20665207e+02
589.824 2.42797632e-02  9.20653140e+02  9.20667384e+02
638.976 2.38030122e-02  9.20656528e+02  9.20669320e+02
688.128 2.35876818e-02  9.20654047e+02  9.20667182e+02
737.28 2.33874442e-02  9.20655478e+02  9.20668224e+02
786.432 2.29505895e-02  9.20654860e+02  9.20668071e+02
884.736 2.20361397e-02  9.20655297e+02  9.20668075e+02
983.04 2.17851286e-02  9.20658435e+02  9.20671190e+02
1081.34 2.10400755e-02  9.20658946e+02  9.20670341e+02
1179.65 2.04599368e-02  9.20661770e+02  9.20673416e+02
1277.95 1.98734149e-02  9.20661729e+02  9.20672213e+02
1376.26 1.97838180e-02  9.20660034e+02  9.20669546e+02
1474.56 1.97312741e-02  9.20660959e+02  9.20670415e+02
1572.86 1.96455797e-02  9.20662020e+02  9.20671473e+02
1769.47 1.92713493e-02  9.20666247e+02  9.20674348e+02
1966.08 1.90762566e-02  9.20666930e+02  9.20675092e+02
2162.69 1.87430839e-02  9.20669533e+02  9.20676978e+02
2359.3 1.88133989e-02  9.20658202e+02  9.20666066e+02
2555.9 1.86067052e-02  9.20654898e+02  9.20662661e+02
2752.51 1.87559082e-02  9.20653559e+02  9.20660786e+02
2949.12 1.82266324e-02  9.20648194e+02  9.20654530e+02
3145.73 1.82413112e-02  9.20644563e+02  9.20651200e+02
3538.94 1.74328104e-02  9.20637579e+02  9.20643650e+02
3932.16 1.71709677e-02  9.20633907e+02  9.20639822e+02
4325.38 1.73339207e-02  9.20628715e+02  9.20634260e+02
4718.59 1.73733050e-02  9.20620319e+02  9.20625858e+02
5111.81 1.78593441e-02  9.20617665e+02  9.20623712e+02
5505.02 1.77225545e-02  9.20614573e+02  9.20621029e+02
5898.24 1.72469549e-02  9.20610919e+02  9.20616863e+02
6291.46 1.70596369e-02  9.20601690e+02  9.20607190e+02
7077.89 1.69232114e-02  9.20585027e+02  9.20590326e+02
7864.32 1.63566603e-02  9.20588736e+02  9.20593764e+02
8650.75 1.60386837e-02  9.20566343e+02  9.20571344e+02
9437.18 1.56851052e-02  9.20554750e+02  9.20558153e+02
10223.6 1.55760105e-02  9.20545072e+02  9.20548090e+02
11010 1.57792479e-02  9.20529805e+02  9.20534193e+02
11796.5 1.59982765e-02  9.20527203e+02  9.20532184e+02
12582.9 1.57986565e-02  9.20506053e+02  9.20510637e+02
14155.8 1.53771356e-02  9.20448051e+02  9.20451478e+02
15728.6 1.53100948e-02  9.20421468e+02  9.20424167e+02
17301.5 1.54399928e-02  9.20393609e+02  9.20396918e+02
18874.4 1.52512963e-02  9.20355802e+02  9.20359227e+02
20447.2 1.47581713e-02  9.20340645e+02  9.20343155e+02
22020.1 1.45063342e-02  9.20272766e+02  9.20275254e+02
23593 1.43142190e-02  9.20234834e+02  9.20236938e+02
25165.8 1.44431427e-02  9.20201939e+02  9.20204432e+02
28311.6 1.41565170e-02  9.20084606e+02  9.20087876e+02
31457.3 1.42638490e-02  9.20003207e+02  9.20005641e+02
34603 1.44206968e-02  9.19884561e+02  9.19887861e+02
37748.7 1.44393844e-02  9.19820304e+02  9.19822394e+02
40894.5 1.38128976e-02  9.19852124e+02  9.19853955e+02
44040.2 1.38657646e-02  9.19789550e+02  9.19790143e+02
47185.9 1.35836028e-02  9.19734218e+02  9.19734751e+02
50331.6 1.37601350e-02  9.19611870e+02  9.19611624e+02
56623.1 1.36373073e-02  9.19538029e+02  9.19537711e+02
62914.6 1.31568582e-02  9.19480645e+02  9.19479067e+02
69206 1.31398054e-02  9.19298154e+02  9.19296770e+02
75497.5 1.36000234e-02  9.19118667e+02  9.19118239e+02
81788.9 1.40587105e-02  9.19110526e+02  9.19111442e+02
88080.4 1.37894586e-02  9.19147048e+02  9.19148827e+02
94371.8 1.30481200e-02  9.19248667e+02  9.19250848e+02
100663 1.30822662e-02  9.19405579e+02  9.19407120e+02
113246 1.36124041e-02  9.19524358e+02  9.19526965e+02
125829 1.36381922e-02  9.19443549e+02  9.19446790e+02
138412 1.22963636e-02  9.19467004e+02  9.19467757e+02
150995 1.08569148e-02  9.19648708e+02  9.19647428e+02
163578 1.00921074e-02  9.19737263e+02  9.19735097e+02
176161 8.57961571e-03  9.19931218e+02  9.19927795e+02
188744 8.79578073e-03  9.20417740e+02  9.20414237e+02
201327 9.20430648e-03  9.20426739e+02  9.20424946e+02
226492 8.37964666e-03  9.21029314e+02  9.21028659e+02
251658 8.23668614e-03  9.21456036e+02  9.21456933e+02
276824 8.85673840e-03  9.22095057e+02  9.22095522e+02
301990 5.48130381e-03  9.25117025e+02  9.25115581e+02
327156 4.39752764e-03  9.26516528e+02  9.26516001e+02
352322 -4.05423005e-07  9.27785408e+02  9.27785995e+02

