2.269740090158220167e-05 -3.991994294470066940e-05
2.712631497514224861e-05 9.984285875218075880e-05
3.241943724399442482e-05 3.543957220718568129e-04
3.874539952000166529e-05 2.359735109280532281e-04
4.630573851933969493e-05 -3.308133986415758639e-05
5.534131655332503373e-05 3.551720385224347611e-04
6.613999508022531612e-05 5.715826138663485448e-05
7.904580558717118929e-05 3.072424663976013092e-04
9.446990997422924851e-05 9.558485749118718529e-05
1.129036996238471638e-04 -7.182707734948521727e-05
1.349344504745402038e-04 -3.496937866141421915e-05
1.612640328485786135e-04 6.348981265753101885e-05
1.927312721038156301e-04 3.472021739624091621e-04
2.303386724901837544e-04 1.477916545487662164e-04
2.752843555972658688e-04 -4.138902380690373398e-06
3.290002309092555574e-04 4.021170097623830804e-04
3.931976145302556991e-04 2.032032781108273354e-04
4.699217494316176641e-04 2.866256365522822265e-04
5.616169641636513951e-04 1.588096911650146157e-04
6.712045459013064787e-04 3.067440516715292135e-04
8.021758087551310312e-04 2.078323948940416727e-04
9.587033223797132965e-04 1.816828496682694038e-04
1.145773844474615557e-03 2.495485307541559471e-04
1.369347192229903578e-03 1.975295937669890802e-04
1.636546114148498821e-03 1.708694217333684220e-04
1.955883211308244180e-03 -4.982596766976439117e-06
2.337532137472255172e-03 3.275349845473175727e-05
2.793651718121160921e-03 2.880698353880643435e-04
3.338773314407083009e-03 -1.652647038599392001e-04
3.990263772927968994e-03 3.785833443327511045e-04
4.768878710284324245e-03 2.115184143902655676e-05
5.699423759325894165e-03 -4.628495733094043852e-04
6.811544843511413601e-03 1.556992554614541565e-04
8.140672656467746321e-03 -2.502345196188384118e-04
9.729151436606927814e-03 4.507354689698185590e-04
1.162758799805399881e-02 -9.219634790045930521e-05
1.389646399621064649e-02 -3.234211624643769725e-04
1.660806279258417867e-02 1.108894205239120212e-03
1.984877230622358532e-02 8.871962424429516002e-04
2.372183721753658159e-02 -1.550306244404722419e-04
2.835064820602841915e-02 9.571806827284024249e-05
3.388267301268706871e-02 9.913495005543040452e-04
4.049415456541680808e-02 -7.311727074246451071e-04
4.839572584352682533e-02 -2.223159000598684890e-04
5.783912036336404106e-02 -3.402797252984691512e-05
6.912519207220794992e-02 8.469486726086928458e-04
8.261350015354433640e-02 9.035759009704036381e-04
9.873376410282233562e-02 -3.628339579015097544e-04
1.179995540171232815e-01 -6.771184464821859575e-04
1.410246522530986535e-01 5.013943872515686526e-04
1.685426077137662793e-01 -1.305033549474847931e-03
2.014301057376468584e-01 3.594757702726898447e-03
2.407348981237195096e-01 1.679273378615178496e-03
2.877091831055239024e-01 4.351404216014956479e-03
3.438494987158320915e-01 2.750026381294810428e-03
4.109444004912577997e-01 4.430724014481109488e-03
4.911314424648414723e-01 9.861283906878206412e-03
5.869652767849959929e-01 1.590198180228264563e-02
7.014990415238001598e-01 2.422588786161958968e-02
8.383816295815837982e-01 2.359013498942709799e-02
1.001973937545322713e+00 3.847829526667621847e-02
1.197487798034323259e+00 5.353253329164558982e-02
1.431152021732327251e+00 7.498562940143774225e-02
1.710410838983617676e+00 1.203528291274757467e-01
2.044161063037515103e+00 1.621586458756741345e-01
2.443035530645795816e+00 2.198458311306020763e-01
2.919741850052180343e+00 3.196159148690330687e-01
3.489467248432783997e+00 4.337775390583690771e-01
4.170362416686762330e+00 5.875466704227469972e-01
4.984119766226389636e+00 7.793912291495169731e-01
5.956664520256359729e+00 1.031420017932512811e+00
7.118980656788105321e+00 1.344219537169096368e+00
8.508098016831400656e+00 1.706086372826527864e+00
1.016827202571301747e+01 2.103499017915369418e+00
1.215239361186907985e+01 2.527147157449811665e+00
1.452367424124265405e+01 2.981452229342653304e+00
1.735765975023356233e+01 3.483104730498007395e+00
2.074463713523086028e+01 4.369857440598367226e+00
2.479251097583058439e+01 6.545496361552942233e+00
2.963024113074421351e+01 1.009123057428852022e+01
3.541195122680120022e+01 1.276605232736986650e+01
4.232183883202338848e+01 1.431518866564305803e+01
5.058004374433220107e+01 1.571900516267150749e+01
6.044966135173574884e+01 1.656052454150898257e+01
7.224512450029293120e+01 1.641644439324283056e+01
8.634222090498042235e+01 1.560804140186899147e+01
1.031900652448070872e+02 1.473859127869770624e+01
1.233254073571476823e+02 1.420535771409657855e+01
1.473897323712739649e+02 1.388519553117268046e+01
1.761496975685169843e+02 1.360875882508047674e+01
2.105215570601545210e+02 1.352217101016118939e+01
2.516003524206619772e+02 1.333339796969643132e+01
3.006947992509534515e+02 1.330694549766151091e+01
3.593689811109578045e+02 1.324944161517071528e+01
4.294921791345820452e+02 1.321052573690959697e+01
5.132984248321026826e+02 1.323522153644179689e+01
6.134576733527837860e+02 1.320867975112288484e+01
7.331608646929055340e+02 1.318189483518353278e+01
8.762215827857648947e+02 1.313400455534758215e+01
1.047197551196597942e+03 1.321308125255264265e+01
