1.783364452739137165e-05 1.283119456596510992e-05
2.136548308856212695e-05 2.042093317078696672e-06
2.559677955375326230e-05 9.906897083337040839e-06
3.066605706070808129e-05 3.715045198217582962e-05
3.673927236337478215e-05 5.744262797080921970e-05
4.401524888309428025e-05 2.237161995411170119e-05
5.273218574062059995e-05 -9.575079244509868636e-06
6.317545586005619612e-05 1.071687431730763431e-04
7.568694843709958882e-05 -1.173017945656342255e-05
9.067626162302277646e-05 4.581521586946172485e-06
1.086341118476983703e-04 3.205716707645302275e-05
1.301483987727815751e-04 2.957949352121213345e-05
1.559234518055101096e-04 3.701476583520060273e-05
1.868030882607348551e-04 -4.380069567062477186e-05
2.237982380435905231e-04 3.302538669221100374e-05
2.681200392228388451e-04 9.312939027696759929e-05
3.212194879695813837e-04 -1.149558162218381645e-06
3.848349409112377262e-04 6.829712760212050689e-05
4.610490250211105056e-04 -1.678652648993866664e-04
5.523568181454331779e-04 8.061444039226707135e-05
6.617475322451373595e-04 -5.735226244599655776e-05
7.928023734781332972e-04 1.049473587925088970e-04
9.498117828412663702e-04 -8.304479499543413444e-05
1.137915895567115452e-03 1.710964150342393468e-04
1.363272817600649301e-03 1.366545840027615923e-04
1.633260228149434551e-03 -1.505043789908608917e-04
1.956716908321835553e-03 -1.184166572044424503e-04
2.344232102958094654e-03 -9.340219850809263836e-05
2.808492188710344766e-03 7.523398486085819317e-05
3.364695997505505291e-03 3.845114777675063622e-04
4.031052392147918551e-03 2.164463317713713562e-04
4.829376383568766834e-03 1.014655322108243664e-05
5.785803305261514803e-03 -1.746005636318846157e-04
6.931644425369398385e-03 -2.061592531510903165e-04
8.304412007242075594e-03 -9.815590875537056714e-06
9.949047376640537260e-03 -1.572484714533138031e-04
1.191939219975077582e-02 2.382379846631137166e-04
1.427995113834232450e-02 2.229908203002280034e-06
1.710800358744030483e-02 -1.135998614436189199e-04
2.049613362905708044e-02 -2.017821745696584930e-04
2.455526102698339305e-02 5.162257912861368050e-04
2.941827249059695074e-02 3.756906876492478492e-04
3.524437208710595043e-02 5.404515271297358637e-04
4.222429322494752890e-02 -4.183577271829536429e-05
5.058654283696582821e-02 -6.388066782100912866e-04
6.060488218389501608e-02 -3.278022572558336907e-03
7.260728918284178879e-02 -7.973431157410731376e-04
8.698669566726323354e-02 1.999997231160454379e-03
1.042138510922011874e-01 7.396407701941778165e-04
1.248527338135775461e-01 3.108409494590177319e-03
1.495790144721999004e-01 -1.019274975680401407e-03
1.792021759321816288e-01 8.985263472503544164e-04
2.146920139308514941e-01 3.403474786855241745e-04
2.572103860118786778e-01 5.128710479813048534e-03
3.081492481303358955e-01 5.085593665395723127e-03
3.691762241626821428e-01 8.926754012522214454e-03
4.422892001650091109e-01 9.301628419370712789e-03
5.298817306728854648e-01 1.693008898118075409e-02
6.348213982980841497e-01 2.512430842259919667e-02
7.605436919392877249e-01 3.026555434758201185e-02
9.111644769684296152e-01 4.376279298302764020e-02
1.091614739413848678e+00 6.380457944702057349e-02
1.307802015361988701e+00 7.427684377282588180e-02
1.566803790413518138e+00 1.026966954586298747e-01
1.877099200657428302e+00 1.448260713536443367e-01
2.248846620532375162e+00 2.106014671042588104e-01
2.694216225177998414e+00 3.124078962645708279e-01
3.227788414620279767e+00 4.541870195219854245e-01
3.867031143303493401e+00 6.244017631208993446e-01
4.632871781664883670e+00 8.173202824643031050e-01
5.550382231215015061e+00 1.056611548885503016e+00
6.649599722251863909e+00 1.305667592532465671e+00
7.966510165281469824e+00 1.551886051102443931e+00
9.544226248860709916e+00 1.818040944773365419e+00
1.143439885213818208e+01 1.981562310720316633e+00
1.369890797856829856e+01 1.927198129000275539e+00
1.641188856816823005e+01 1.696228789007403703e+00
1.966215750885866242e+01 1.913093288883428222e+00
2.355612130178607799e+01 5.084899347879167308e+00
2.822125957105455996e+01 1.302119789183172927e+01
3.381029846014812534e+01 1.675483127297819053e+01
4.050621054266346022e+01 1.651370257067459590e+01
4.852820493319574524e+01 1.720136184010260294e+01
5.813890370114581430e+01 1.766313617473550579e+01
6.965293952711030556e+01 1.700200838473264398e+01
8.344725606980564692e+01 1.594025393301375537e+01
9.997344825439016347e+01 1.494898463702089941e+01
1.197725464754935416e+02 1.468515719312446954e+01
1.434927287165400287e+02 1.430184224761173084e+01
1.719105404403459829e+02 1.409695682280497664e+01
2.059563169425278772e+02 1.398828794435825884e+01
2.467446404384391201e+02 1.386607269736206760e+01
2.956108289802248805e+02 1.402325087854662122e+01
3.541546517691353984e+02 1.379652951137490113e+01
4.242927020041872765e+02 1.374626628664730177e+01
5.083211418365539203e+02 1.390582787758091854e+01
6.089908735584803026e+02 1.377927111178672526e+01
7.295975979625329728e+02 1.372481677371532705e+01
8.740897081794768155e+02 1.371328038672336369e+01
1.047197551196597942e+03 1.377592306279202283e+01
