1 163.62918540729635
2 45.08545727136432
3 18.23338330834583
4 9.241379310344827
5 5.5477261369315345
6 3.655672163918041
7 2.506246876561719
8 1.7716141929035483
9 1.3173413293353324
10 1.0774612693653174
11 0.8605697151424287
12 0.7156421789105447
13 0.5722138930534733
14 0.5162418790604698
15 0.4192903548225887
16 0.3568215892053973
17 0.31784107946026985
18 0.24737631184407796
19 0.23438280859570215
20 0.21889055472263869
21 0.18990504747626186
22 0.1839080459770115
23 0.1539230384807596
24 0.1539230384807596
25 0.12493753123438281
26 0.12443778110944528
27 0.11044477761119441
28 0.11594202898550725
29 0.08045977011494253
30 0.07746126936531735
31 0.07846076961519241
32 0.06546726636681659
33 0.06146926536731634
34 0.057971014492753624
35 0.059470264867566215
36 0.05247376311844078
37 0.054972513743128434
38 0.05147426286856572
39 0.05297351324337831
40 0.050474762618690654
41 0.043478260869565216
42 0.04547726136931534
43 0.038980509745127435
44 0.03648175912043978
45 0.029985007496251874
46 0.029985007496251874
47 0.02948525737131434
48 0.025987006496751622
49 0.025487256371814093
50 0.025487256371814093
51 0.026486756621689155
52 0.02848575712143928
53 0.02148925537231384
54 0.028985507246376812
55 0.020989505247376312
56 0.02498750624687656
57 0.02498750624687656
58 0.01899050474762619
59 0.01249375312343828
60 0.02048975512243878
61 0.020989505247376312
62 0.01999000499750125
63 0.01999000499750125
64 0.017991004497751123
65 0.013993003498250875
66 0.01249375312343828
67 0.01199400299850075
68 0.014492753623188406
69 0.015492253873063468
70 0.010994502748625687
71 0.01249375312343828
72 0.010994502748625687
73 0.010994502748625687
74 0.0079960019990005
75 0.00849575212393803
76 0.009495252373813094
77 0.010994502748625687
78 0.008995502248875561
79 0.014492753623188406
80 0.009495252373813094
81 0.009495252373813094
82 0.0074962518740629685
83 0.005497251374312844
84 0.010994502748625687
85 0.009495252373813094
86 0.005997001499250375
87 0.010494752623688156
88 0.0074962518740629685
89 0.009495252373813094
90 0.009495252373813094
91 0.0069965017491254375
92 0.0079960019990005
93 0.0029985007496251873
94 0.00399800099950025
95 0.004997501249375313
96 0.004497751124437781
97 0.009495252373813094
98 0.005997001499250375
99 0.005497251374312844
100 0.0079960019990005
101 0.008995502248875561
102 0.006496751624187906
103 0.006496751624187906
104 0.0074962518740629685
105 0.004997501249375313
106 0.00399800099950025
107 0.005497251374312844
108 0.00849575212393803
109 0.005497251374312844
110 0.005997001499250375
111 0.005997001499250375
112 0.00399800099950025
113 0.005997001499250375
114 0.001999000499750125
115 0.004997501249375313
116 0.0074962518740629685
117 0.0074962518740629685
118 0.004497751124437781
119 0.004997501249375313
120 0.005997001499250375
121 0.0009995002498750624
122 0.0069965017491254375
123 0.0034982508745627187
124 0.005497251374312844
125 0.004997501249375313
126 0.001999000499750125
127 0.001999000499750125
128 0.001999000499750125
129 0.0034982508745627187
130 0.001999000499750125
131 0.005497251374312844
132 0.004497751124437781
133 0.005997001499250375
134 0.005997001499250375
135 0.0069965017491254375
136 0.0029985007496251873
137 0.0034982508745627187
138 0.00399800099950025
139 0.0034982508745627187
140 0.0069965017491254375
141 0.004497751124437781
142 0.004997501249375313
143 0.0024987506246876563
144 0.0014992503748125937
145 0.0034982508745627187
146 0.0024987506246876563
147 0.001999000499750125
148 0.00399800099950025
149 0.0029985007496251873
150 0.0009995002498750624
151 0.0034982508745627187
152 0.0024987506246876563
153 0.001999000499750125
154 0.0034982508745627187
155 0.0029985007496251873
156 0.004997501249375313
157 0.004997501249375313
158 0.001999000499750125
159 0.004497751124437781
160 0.0024987506246876563
161 0.0014992503748125937
162 0.001999000499750125
163 0.0014992503748125937
164 0.004497751124437781
165 0.0034982508745627187
166 0.00399800099950025
167 0.004497751124437781
168 0.0009995002498750624
169 0.0024987506246876563
170 0.004497751124437781
171 0.00399800099950025
172 0.0014992503748125937
173 0.0009995002498750624
174 0.0029985007496251873
175 0.00399800099950025
176 0.0024987506246876563
177 0.0034982508745627187
178 0.0024987506246876563
179 0.0024987506246876563
180 0.0024987506246876563
181 0.001999000499750125
182 0.0014992503748125937
183 0.001999000499750125
184 0.0004997501249375312
185 0.006496751624187906
186 0.004497751124437781
187 0.0034982508745627187
188 0.00399800099950025
189 0.00399800099950025
190 0.0029985007496251873
191 0.0014992503748125937
192 0.001999000499750125
193 0.0029985007496251873
194 0.0029985007496251873
195 0.0034982508745627187
196 0.0004997501249375312
197 0.0024987506246876563
198 0.00399800099950025
199 0.0024987506246876563
200 0.0009995002498750624
201 0.001999000499750125
202 0.0029985007496251873
203 0.005497251374312844
204 0.0029985007496251873
205 0.0014992503748125937
206 0.0024987506246876563
207 0.0014992503748125937
208 0.0014992503748125937
209 0.0024987506246876563
210 0.004497751124437781
211 0.0034982508745627187
212 0.0029985007496251873
213 0.001999000499750125
214 0.004497751124437781
215 0.0009995002498750624
216 0.0024987506246876563
217 0.001999000499750125
218 0.001999000499750125
219 0.0009995002498750624
220 0.0029985007496251873
221 0.0024987506246876563
222 0.0014992503748125937
223 0.0009995002498750624
224 0.0024987506246876563
225 0.0009995002498750624
226 0.0009995002498750624
227 0.0034982508745627187
228 0.0029985007496251873
229 0.00399800099950025
230 0.0029985007496251873
231 0.001999000499750125
232 0.005497251374312844
233 0.0024987506246876563
234 0.0029985007496251873
235 0.001999000499750125
236 0.001999000499750125
237 0.0024987506246876563
238 0.001999000499750125
239 0.0009995002498750624
240 0.0029985007496251873
241 0.0034982508745627187
242 0.0024987506246876563
243 0.0034982508745627187
244 0.0029985007496251873
245 0.0024987506246876563
246 0.001999000499750125
247 0.0014992503748125937
248 0.001999000499750125
249 0.0024987506246876563
250 0.0024987506246876563
251 0.0009995002498750624
252 0.0034982508745627187
253 0.001999000499750125
254 0.0014992503748125937
255 0.001999000499750125
256 0.0014992503748125937
257 0.00399800099950025
258 0.004997501249375313
259 0.001999000499750125
260 0.004997501249375313
261 0.0029985007496251873
262 0.0009995002498750624
263 0.0024987506246876563
264 0.0009995002498750624
265 0.001999000499750125
266 0.0014992503748125937
267 0.0014992503748125937
268 0.0014992503748125937
269 0.0029985007496251873
270 0.0024987506246876563
271 0.0029985007496251873
272 0.0024987506246876563
273 0.0014992503748125937
274 0.0004997501249375312
275 0.0034982508745627187
276 0.004497751124437781
277 0.0029985007496251873
278 0.001999000499750125
279 0.0029985007496251873
280 0.0029985007496251873
281 0.0029985007496251873
282 0.0014992503748125937
283 0.0024987506246876563
284 0.0014992503748125937
285 0.0014992503748125937
286 0.0014992503748125937
287 0.0024987506246876563
288 0.0024987506246876563
289 0.0009995002498750624
290 0.0009995002498750624
291 0.0024987506246876563
292 0.0024987506246876563
293 0.0009995002498750624
294 0.0029985007496251873
295 0.00399800099950025
296 0.0014992503748125937
297 0.00399800099950025
298 0.0014992503748125937
299 0.0024987506246876563
300 0.0029985007496251873
301 0.004497751124437781
302 0.0009995002498750624
303 0.0029985007496251873
304 0.0014992503748125937
305 0.0024987506246876563
306 0.0024987506246876563
307 0.0024987506246876563
308 0.0029985007496251873
309 0.0014992503748125937
310 0.00399800099950025
311 0.0009995002498750624
312 0.004497751124437781
313 0.004997501249375313
314 0.001999000499750125
315 0.001999000499750125
316 0.0009995002498750624
317 0.001999000499750125
318 0.0024987506246876563
319 0.0034982508745627187
320 0.005497251374312844
321 0.0024987506246876563
322 0.0009995002498750624
323 0.001999000499750125
324 0.0029985007496251873
325 0.0024987506246876563
326 0.0009995002498750624
327 0.0014992503748125937
328 0.0024987506246876563
329 0.001999000499750125
330 0.0024987506246876563
331 0.0024987506246876563
332 0.00399800099950025
333 0.0009995002498750624
334 0.0034982508745627187
335 0.0029985007496251873
336 0.001999000499750125
337 0.001999000499750125
338 0.00399800099950025
339 0.004497751124437781
340 0.001999000499750125
341 0.0029985007496251873
342 0.0014992503748125937
343 0.001999000499750125
344 0.0014992503748125937
345 0.004497751124437781
346 0.00399800099950025
347 0.0034982508745627187
348 0.0034982508745627187
349 0.0029985007496251873
350 0.0034982508745627187
351 0.0029985007496251873
352 0.0034982508745627187
353 0.0024987506246876563
354 0.0029985007496251873
355 0.0034982508745627187
356 0.0034982508745627187
357 0.005497251374312844
358 0.0029985007496251873
359 0.0024987506246876563
360 0.0034982508745627187
361 0.00399800099950025
362 0.001999000499750125
363 0.0024987506246876563
364 0.0009995002498750624
365 0.004497751124437781
366 0.0029985007496251873
367 0.0029985007496251873
368 0.0034982508745627187
369 0.0029985007496251873
370 0.004497751124437781
371 0.001999000499750125
372 0.0034982508745627187
373 0.0029985007496251873
374 0.00399800099950025
375 0.0029985007496251873
376 0.0029985007496251873
377 0.001999000499750125
378 0.0024987506246876563
379 0.0004997501249375312
380 0.001999000499750125
381 0.0024987506246876563
382 0.00399800099950025
383 0.0014992503748125937
384 0.005997001499250375
385 0.0024987506246876563
386 0.0034982508745627187
387 0.001999000499750125
388 0.0009995002498750624
389 0.00399800099950025
390 0.0024987506246876563
391 0.0009995002498750624
392 0.0029985007496251873
393 0.001999000499750125
394 0.0024987506246876563
395 0.0024987506246876563
396 0.004497751124437781
397 0.0034982508745627187
398 0.0009995002498750624
399 0.00399800099950025
400 0.0014992503748125937
401 0.0034982508745627187
402 0.0014992503748125937
403 0.001999000499750125
404 0.004497751124437781
405 0.0029985007496251873
406 0.004997501249375313
407 0.0024987506246876563
408 0.0014992503748125937
409 0.00399800099950025
410 0.0014992503748125937
411 0.0034982508745627187
412 0.0034982508745627187
413 0.001999000499750125
414 0.00399800099950025
415 0.0029985007496251873
416 0.0034982508745627187
417 0.001999000499750125
418 0.0024987506246876563
419 0.00399800099950025
420 0.00399800099950025
421 0.0034982508745627187
422 0.0004997501249375312
423 0.0034982508745627187
424 0.004997501249375313
425 0.005497251374312844
426 0.0034982508745627187
427 0.004997501249375313
428 0.0014992503748125937
429 0.004997501249375313
430 0.00399800099950025
431 0.0034982508745627187
432 0.00399800099950025
433 0.0024987506246876563
434 0.0024987506246876563
435 0.004497751124437781
436 0.0034982508745627187
437 0.004997501249375313
438 0.001999000499750125
439 0.004497751124437781
440 0.0024987506246876563
441 0.00399800099950025
442 0.00399800099950025
443 0.0014992503748125937
444 0.001999000499750125
445 0.0014992503748125937
446 0.001999000499750125
447 0.001999000499750125
448 0.0029985007496251873
449 0.0024987506246876563
450 0.0029985007496251873
451 0.0009995002498750624
452 0.0034982508745627187
453 0.001999000499750125
454 0.0034982508745627187
455 0.0009995002498750624
456 0.00399800099950025
457 0.0014992503748125937
458 0.00399800099950025
459 0.00399800099950025
460 0.001999000499750125
461 0.0014992503748125937
462 0.00399800099950025
463 0.0029985007496251873
464 0.0014992503748125937
465 0.0009995002498750624
466 0.00399800099950025
467 0.001999000499750125
468 0.0029985007496251873
469 0.0014992503748125937
470 0.001999000499750125
471 0.0024987506246876563
472 0.001999000499750125
473 0.0024987506246876563
474 0.0024987506246876563
475 0.0024987506246876563
476 0.001999000499750125
477 0.0014992503748125937
478 0.0024987506246876563
479 0.0024987506246876563
480 0.001999000499750125
481 0.0029985007496251873
482 0.0024987506246876563
483 0.0029985007496251873
484 0.001999000499750125
485 0.0004997501249375312
486 0.0009995002498750624
487 0.0024987506246876563
488 0.0014992503748125937
489 0.001999000499750125
490 0.001999000499750125
491 0.0034982508745627187
492 0.0009995002498750624
493 0.001999000499750125
494 0.0004997501249375312
495 0.001999000499750125
496 0.001999000499750125
497 0.0029985007496251873
498 0.001999000499750125
499 0.0014992503748125937
500 0.001999000499750125
501 0.0014992503748125937
502 0.0014992503748125937
503 0.001999000499750125
504 0.001999000499750125
505 0.0029985007496251873
506 0.0014992503748125937
507 0.0024987506246876563
509 0.0034982508745627187
510 0.0009995002498750624
511 0.0014992503748125937
512 0.0014992503748125937
513 0.0009995002498750624
514 0.0024987506246876563
515 0.00399800099950025
516 0.0009995002498750624
517 0.0014992503748125937
518 0.0004997501249375312
519 0.0004997501249375312
520 0.0009995002498750624
521 0.0004997501249375312
522 0.001999000499750125
524 0.0009995002498750624
525 0.0024987506246876563
526 0.0009995002498750624
527 0.0014992503748125937
528 0.001999000499750125
529 0.001999000499750125
530 0.0004997501249375312
532 0.0004997501249375312
533 0.0024987506246876563
534 0.0004997501249375312
535 0.0004997501249375312
536 0.0014992503748125937
537 0.0004997501249375312
538 0.0004997501249375312
539 0.0009995002498750624
540 0.0004997501249375312
541 0.0009995002498750624
542 0.0004997501249375312
543 0.0009995002498750624
544 0.0004997501249375312
545 0.0009995002498750624
546 0.0014992503748125937
547 0.0014992503748125937
548 0.0014992503748125937
549 0.0014992503748125937
550 0.001999000499750125
551 0.0004997501249375312
553 0.0004997501249375312
555 0.0014992503748125937
556 0.0004997501249375312
557 0.0009995002498750624
558 0.0004997501249375312
559 0.0004997501249375312
560 0.0004997501249375312
562 0.0009995002498750624
563 0.0004997501249375312
564 0.0009995002498750624
566 0.0004997501249375312
569 0.0004997501249375312
574 0.0004997501249375312
581 0.0004997501249375312
582 0.0009995002498750624
585 0.0004997501249375312
586 0.0004997501249375312
589 0.0009995002498750624
594 0.0004997501249375312
597 0.0004997501249375312
610 0.0004997501249375312
