0.000000000000000000e+00 1.454689910000000097e+01 5.770554212500000176e+03 5.787327475000000049e+03
6.000000000000000125e-03 1.432632860000000008e+01 5.770353107500000078e+03 5.786890292500000214e+03
1.200000000000000025e-02 1.368618827499999924e+01 5.769768749999999272e+03 5.785619982499999423e+03
1.799999999999999864e-02 1.268600975000000020e+01 5.768853237499999523e+03 5.783630114999999932e+03
2.400000000000000050e-02 1.141153229999999930e+01 5.767681914999999208e+03 5.781084817500000099e+03
2.999999999999999889e-02 9.960616469999999723e+00 5.766341447499999049e+03 5.778172702500000014e+03
3.599999999999999728e-02 8.430381969999999114e+00 5.764918652499999553e+03 5.775082545000000209e+03
4.200000000000000261e-02 6.907585355000000149e+00 5.763491772500000479e+03 5.771984617500000240e+03
4.800000000000000100e-02 5.462695880000000059e+00 5.762124870000000556e+03 5.769018755000000056e+03
5.399999999999999939e-02 4.147218417499999532e+00 5.760865132500000072e+03 5.766288669999999911e+03
5.999999999999999778e-02 2.993514132500000091e+00 5.759742602500000430e+03 5.763861175000000003e+03
6.600000000000000311e-02 2.016426157499999761e+00 5.758771617500000502e+03 5.761769117499999993e+03
7.199999999999999456e-02 1.216180029999999856e+00 5.757953492500000721e+03 5.760016797500000393e+03
7.799999999999999989e-02 5.820788892500000644e-01 5.757279897500000516e+03 5.758587079999999332e+03
8.400000000000000522e-02 9.644108882250000681e-02 5.756736497500000041e+03 5.757448974999999336e+03
8.999999999999999667e-02 -2.617719195000000054e-01 5.756306242499999826e+03 5.756564712499999587e+03
9.600000000000000200e-02 -4.925242007499999741e-01 5.755992179999999280e+03 5.755940204999999878e+03
1.079999999999999988e-01 -7.637996932499999669e-01 5.755547322500000519e+03 5.755094130000000405e+03
1.199999999999999956e-01 -8.090909567499999788e-01 5.755339905000000726e+03 5.754752832500000295e+03
1.320000000000000062e-01 -7.063823679999998717e-01 5.755317825000000084e+03 5.754777664999999615e+03
1.439999999999999891e-01 -5.007153104999999549e-01 5.755450887500001045e+03 5.755085445000000618e+03
1.559999999999999998e-01 -2.219385054999999940e-01 5.755712845000000016e+03 5.755613177500000347e+03
1.680000000000000104e-01 1.020103644249999997e-01 5.756070775000000140e+03 5.756294207500000994e+03
1.799999999999999933e-01 4.392176505000000009e-01 5.756483129999999619e+03 5.757050229999999829e+03
1.920000000000000040e-01 7.404260034999999851e-01 5.756894807499999843e+03 5.757773000000000138e+03
2.159999999999999976e-01 1.165717872499999919e+00 5.757577975000000151e+03 5.758898397499999191e+03
2.399999999999999911e-01 1.227773032500000028e+00 5.757909070000000611e+03 5.759294374999999491e+03
2.640000000000000124e-01 9.633799709999999461e-01 5.757860022500000014e+03 5.758964024999999310e+03
2.879999999999999782e-01 5.469068672500000394e-01 5.757555547500000102e+03 5.758210427500000151e+03
3.119999999999999996e-01 1.632655110000000021e-01 5.757170007499999883e+03 5.757403402500000084e+03
3.360000000000000209e-01 -8.017972812500000213e-02 5.756844957500000419e+03 5.756803757499999847e+03
3.599999999999999867e-01 -1.648934817500000150e-01 5.756654889999999796e+03 5.756511762500000259e+03
3.840000000000000080e-01 -1.141220790000000013e-01 5.756635244999999486e+03 5.756542067500000485e+03
4.319999999999999951e-01 5.557368687500000015e-02 5.756771145000000615e+03 5.756862390000000232e+03
4.799999999999999822e-01 1.298489814999999881e-01 5.756904669999999896e+03 5.757086320000000342e+03
5.280000000000000249e-01 6.973310139999999713e-02 5.756858057499999632e+03 5.756978949999999713e+03
5.759999999999999565e-01 4.576848357499999770e-03 5.756733737499999734e+03 5.756778559999999743e+03
6.239999999999999991e-01 -2.265433725999999991e-03 5.756667612499999450e+03 5.756697677500000282e+03
6.720000000000000417e-01 1.525025372499999934e-02 5.756670592499999657e+03 5.756718367499999658e+03
7.199999999999999734e-01 1.650478887499999894e-02 5.756675849999999627e+03 5.756728122500000609e+03
7.680000000000000160e-01 2.569299759750000040e-03 5.756643307499999537e+03 5.756681422499999826e+03
8.639999999999999902e-01 -5.838063347500000236e-03 5.756580254999999852e+03 5.756605545000000347e+03
9.599999999999999645e-01 -2.501373093999999936e-03 5.756546252500000264e+03 5.756568554999999833e+03
1.056000000000000050e+00 -4.572336329250000289e-03 5.756508742500000153e+03 5.756526575000000776e+03
1.151999999999999913e+00 -2.753625096499999828e-03 5.756483767499999885e+03 5.756498594999999113e+03
1.247999999999999998e+00 -4.704485637499999408e-03 5.756455842499999562e+03 5.756465267500000664e+03
1.344000000000000083e+00 -1.974055851749999691e-03 5.756429364999999962e+03 5.756439682500000345e+03
1.439999999999999947e+00 -3.060436042500000193e-03 5.756416229999999814e+03 5.756424549999999726e+03
1.536000000000000032e+00 5.925340617499999995e-04 5.756398755000000165e+03 5.756409052500000143e+03
1.727999999999999980e+00 6.832936507500000749e-04 5.756373270000000048e+03 5.756383960000000116e+03
1.919999999999999929e+00 4.767004079999999280e-04 5.756350734999999986e+03 5.756356794999999693e+03
2.112000000000000099e+00 -8.547169292500000209e-04 5.756330982500000573e+03 5.756333262500000274e+03
2.303999999999999826e+00 1.321189637500000012e-03 5.756320972499999698e+03 5.756326557500000490e+03
2.495999999999999996e+00 1.385118377500000025e-04 5.756309927500000413e+03 5.756313527500000419e+03
2.688000000000000167e+00 -1.430244957500000080e-03 5.756298682500000723e+03 5.756298519999999371e+03
2.879999999999999893e+00 -6.707452687499999453e-04 5.756293239999999969e+03 5.756295217500000035e+03
3.072000000000000064e+00 -1.494042315000000155e-03 5.756288139999999657e+03 5.756291015000000698e+03
3.455999999999999961e+00 -1.361277901749999904e-03 5.756280632500000138e+03 5.756281337500000518e+03
3.839999999999999858e+00 -1.851316174999999720e-04 5.756272012500000528e+03 5.756273797500000001e+03
4.224000000000000199e+00 -7.657407749999997734e-05 5.756268534999999247e+03 5.756269342499999766e+03
4.607999999999999652e+00 -2.488421059999999969e-04 5.756263457500000186e+03 5.756265592500000821e+03
4.991999999999999993e+00 6.553101955000000716e-04 5.756260732499999904e+03 5.756263142499999958e+03
5.376000000000000334e+00 -3.628919512499999452e-04 5.756262612499999705e+03 5.756264159999999720e+03
5.759999999999999787e+00 1.403070027499999858e-03 5.756261604999999690e+03 5.756264837499998976e+03
6.144000000000000128e+00 2.660914099999999447e-05 5.756262542500000563e+03 5.756263367499999731e+03
6.911999999999999922e+00 3.823666285000001225e-04 5.756262504999999692e+03 5.756263722500000767e+03
7.679999999999999716e+00 -1.193006499999999502e-04 5.756261054999999942e+03 5.756261765000000196e+03
8.448000000000000398e+00 8.446277614999999142e-04 5.756261564999999791e+03 5.756262080000000424e+03
9.215999999999999304e+00 -2.689482647249999783e-04 5.756258759999999711e+03 5.756259570000000167e+03
9.983999999999999986e+00 -8.531910289999999897e-04 5.756259939999999915e+03 5.756259412499999598e+03
1.075200000000000067e+01 -9.026943225000000673e-05 5.756260177499999372e+03 5.756260262499999953e+03
1.151999999999999957e+01 3.078594890000000599e-04 5.756261542500000360e+03 5.756262007500000436e+03
1.228800000000000026e+01 1.073421171000000151e-03 5.756261257500000283e+03 5.756263655000000654e+03
1.382399999999999984e+01 -2.501192927500000044e-04 5.756261357499999576e+03 5.756261700000000019e+03
1.535999999999999943e+01 1.995680467499999597e-04 5.756259414999999535e+03 5.756260425000000396e+03
1.689600000000000080e+01 5.989346752499999805e-04 5.756260889999999563e+03 5.756263082499999655e+03
1.843199999999999861e+01 1.229751757499999965e-04 5.756258857500000886e+03 5.756259514999999737e+03
1.996799999999999997e+01 6.619849998749999720e-04 5.756260060000000522e+03 5.756261484999999993e+03
2.150400000000000134e+01 3.330860276499999812e-04 5.756261857500000588e+03 5.756263375000000451e+03
2.303999999999999915e+01 4.515510454999999948e-04 5.756261314999999740e+03 5.756262157500000285e+03
2.457600000000000051e+01 6.204550096749999587e-04 5.756261637499999779e+03 5.756263214999999946e+03
2.764799999999999969e+01 3.374251212499999788e-04 5.756261674999999741e+03 5.756262962499999048e+03
3.071999999999999886e+01 6.054895182500000597e-04 5.756263377499999478e+03 5.756265217500000290e+03
3.379200000000000159e+01 4.559714012500000252e-04 5.756260844999999790e+03 5.756262149999999565e+03
3.686399999999999721e+01 8.872037367749999875e-04 5.756262027499999931e+03 5.756263640000000123e+03
3.993599999999999994e+01 3.722992365000000114e-04 5.756262262499999451e+03 5.756262910000000375e+03
4.300800000000000267e+01 3.290529627499999814e-04 5.756262562500000058e+03 5.756263675000000148e+03
4.607999999999999829e+01 6.734244909999999307e-04 5.756263354999999137e+03 5.756265532499999608e+03
4.915200000000000102e+01 8.330397794999999661e-04 5.756262347500000942e+03 5.756264212500000212e+03
5.529599999999999937e+01 1.737252507999999978e-04 5.756261540000000423e+03 5.756262595000000147e+03
6.143999999999999773e+01 4.906325192249999783e-04 5.756261057499999879e+03 5.756262420000000020e+03
6.758400000000000318e+01 3.657739334749999984e-04 5.756261577500000385e+03 5.756262930000000779e+03
7.372799999999999443e+01 7.210467250000002280e-05 5.756261440000000221e+03 5.756261704999998983e+03
7.987199999999999989e+01 4.441408807500000448e-04 5.756260744999999588e+03 5.756262022500000057e+03
8.601600000000000534e+01 5.802539865000000451e-04 5.756261657500000183e+03 5.756262617499999578e+03
9.215999999999999659e+01 2.067687127499999943e-04 5.756261247500000536e+03 5.756261929999999666e+03
9.830400000000000205e+01 5.458848195500000822e-04 5.756261317499999677e+03 5.756262775000000147e+03
1.105919999999999987e+02 6.011382104000000245e-04 5.756261882500000866e+03 5.756263047500000539e+03
1.228799999999999955e+02 3.931316512500000141e-04 5.756260727499999120e+03 5.756261870000000272e+03
1.351680000000000064e+02 5.143657325499999614e-04 5.756258947499999522e+03 5.756259942499999852e+03
1.474559999999999889e+02 5.815001286750000027e-04 5.756260005000000092e+03 5.756261344999999892e+03
1.597439999999999998e+02 7.267529305000000736e-04 5.756259652499999902e+03 5.756261160000000018e+03
1.720320000000000107e+02 4.850640042499999860e-04 5.756261632499999905e+03 5.756262892499999907e+03
1.843199999999999932e+02 7.236557697499999831e-04 5.756260319999999410e+03 5.756261560000000827e+03
1.966080000000000041e+02 5.085212161250000093e-04 5.756259250000000065e+03 5.756260295000000042e+03
2.211839999999999975e+02 5.382509674324999866e-04 5.756261792499999501e+03 5.756263267499999529e+03
2.457599999999999909e+02 5.067882025750000555e-04 5.756262539999999717e+03 5.756263780000000224e+03
2.703360000000000127e+02 5.926354430249999253e-04 5.756261550000000170e+03 5.756262667500000134e+03
2.949119999999999777e+02 6.396611457500000954e-04 5.756260650000000169e+03 5.756262234999999237e+03
3.194879999999999995e+02 6.924402307499999496e-04 5.756259507499999927e+03 5.756261007499999323e+03
3.440640000000000214e+02 5.231159362500000486e-04 5.756260327500000130e+03 5.756261332500000208e+03
3.686399999999999864e+02 6.174817862749999893e-04 5.756258275000001049e+03 5.756259474999999838e+03
3.932160000000000082e+02 6.233047547500000004e-04 5.756258777500001088e+03 5.756260215000000244e+03
4.423679999999999950e+02 6.461875857500000431e-04 5.756261297500001092e+03 5.756262847500000134e+03
4.915199999999999818e+02 6.074360716999999306e-04 5.756261464999999589e+03 5.756262800000000425e+03
5.406720000000000255e+02 5.171671242499999545e-04 5.756259900000000016e+03 5.756261015000000043e+03
5.898239999999999554e+02 5.023364264999999589e-04 5.756260404999999992e+03 5.756261787499999627e+03
6.389759999999999991e+02 6.612838319999999595e-04 5.756261487499999930e+03 5.756262872500000412e+03
6.881280000000000427e+02 5.197974376974999998e-04 5.756262569999999869e+03 5.756263762500000666e+03
7.372799999999999727e+02 5.848126975000000156e-04 5.756262877500000286e+03 5.756264084999999795e+03
7.864320000000000164e+02 5.279861207200000055e-04 5.756263642500000060e+03 5.756264909999999873e+03
8.847359999999999900e+02 5.138347375750000048e-04 5.756264134999999442e+03 5.756265359999999419e+03
9.830399999999999636e+02 5.152466527500000138e-04 5.756263402500000666e+03 5.756264582499999960e+03
1.081339999999999918e+03 5.845269464249999280e-04 5.756261605000000600e+03 5.756262862499999756e+03
1.179650000000000091e+03 5.326764063749999962e-04 5.756259074999999939e+03 5.756260315000000446e+03
1.277950000000000045e+03 4.491573511500000239e-04 5.756259449999999561e+03 5.756260540000000219e+03
1.376259999999999991e+03 5.128824245975000494e-04 5.756261367499999324e+03 5.756262552499999401e+03
1.474559999999999945e+03 5.216702370000000401e-04 5.756265590000000884e+03 5.756266819999999825e+03
1.572859999999999900e+03 5.045332007499999999e-04 5.756262505000000601e+03 5.756263750000000073e+03
1.769470000000000027e+03 5.309498669999999660e-04 5.756262442499999452e+03 5.756263757499999883e+03
1.966079999999999927e+03 4.968342005500000352e-04 5.756264872499999910e+03 5.756266082500000266e+03
2.162690000000000055e+03 5.340366249249999800e-04 5.756267960000000130e+03 5.756269212500000322e+03
2.359300000000000182e+03 5.183969061750000155e-04 5.756262800000000425e+03 5.756263932500000010e+03
2.555900000000000091e+03 5.099070839999999714e-04 5.756260317499999474e+03 5.756261512500000208e+03
2.752510000000000218e+03 5.232849625249999699e-04 5.756262880000000223e+03 5.756264122499999758e+03
2.949119999999999891e+03 4.742268859249999823e-04 5.756260117499999978e+03 5.756261352499999703e+03
3.145730000000000018e+03 5.077726025950000249e-04 5.756263710000000174e+03 5.756264912499999809e+03
3.538940000000000055e+03 5.584358687749999949e-04 5.756266197500000089e+03 5.756267467499999839e+03
3.932159999999999854e+03 5.247581150250000019e-04 5.756262962499999958e+03 5.756264157500000692e+03
4.325380000000000109e+03 5.439564598900000587e-04 5.756262305000000197e+03 5.756263592499999504e+03
4.718590000000000146e+03 5.307578294592499562e-04 5.756267932499999915e+03 5.756269217500000195e+03
5.111810000000000400e+03 5.309172306000000318e-04 5.756272574999999961e+03 5.756273889999999483e+03
5.505020000000000437e+03 5.625430615750000741e-04 5.756264999999999418e+03 5.756266237499999988e+03
5.898239999999999782e+03 5.436573719250000370e-04 5.756267095000000154e+03 5.756268325000000004e+03
6.291460000000000036e+03 5.349097068875000027e-04 5.756252157499999157e+03 5.756253417500000069e+03
7.077890000000000327e+03 5.516015883250000246e-04 5.756257047500000226e+03 5.756258322499999849e+03
7.864319999999999709e+03 5.420144747250000379e-04 5.756259687499999927e+03 5.756261002499999449e+03
8.650750000000000000e+03 5.344924430999999608e-04 5.756255567500000325e+03 5.756256847500000731e+03
9.437180000000000291e+03 5.585867143749999320e-04 5.756245542499999829e+03 5.756246819999999389e+03
1.022360000000000036e+04 5.634391165749999758e-04 5.756258749999999964e+03 5.756260069999999359e+03
1.101000000000000000e+04 5.339322090250000910e-04 5.756261067499999626e+03 5.756262382500000058e+03
1.179650000000000000e+04 5.495716759750000424e-04 5.756262517500000286e+03 5.756263759999999820e+03
1.258289999999999964e+04 5.489311328250000288e-04 5.756256784999999581e+03 5.756258040000000619e+03
1.415579999999999927e+04 5.277104503000000068e-04 5.756270650000000387e+03 5.756271894999999859e+03
1.572860000000000036e+04 5.275804309250000431e-04 5.756269627499999842e+03 5.756270907500000249e+03
1.730150000000000000e+04 5.289709716249999926e-04 5.756261024999999790e+03 5.756262297500000386e+03
1.887440000000000146e+04 5.409153262000000566e-04 5.756254062500000146e+03 5.756255332499999895e+03
2.044720000000000073e+04 5.475038319249999914e-04 5.756250659999999698e+03 5.756251997499999561e+03
2.202009999999999854e+04 5.233773340124999503e-04 5.756262580000000526e+03 5.756263824999999997e+03
2.359300000000000000e+04 5.429442441250000115e-04 5.756257085000000188e+03 5.756258387500000026e+03
2.516579999999999927e+04 5.444854631249999811e-04 5.756253920000001017e+03 5.756255240000000413e+03
2.831159999999999854e+04 5.479010060749999302e-04 5.756241887500000303e+03 5.756243174999999610e+03
3.145729999999999927e+04 5.331356409749999758e-04 5.756244130000000041e+03 5.756245409999999538e+03
3.460300000000000000e+04 5.525036814499999227e-04 5.756245494999999210e+03 5.756246817500000361e+03
3.774869999999999709e+04 5.322861047000000592e-04 5.756236522499999410e+03 5.756237820000000283e+03
4.089450000000000000e+04 5.254142844499999935e-04 5.756225950000000012e+03 5.756227209999999104e+03
4.404019999999999709e+04 5.365768675960000140e-04 5.756218132500000138e+03 5.756219402499999887e+03
4.718590000000000146e+04 5.389898692249999465e-04 5.756214909999999691e+03 5.756216204999999718e+03
5.033159999999999854e+04 5.395127771499999732e-04 5.756121917499999654e+03 5.756123187499999403e+03
5.662309999999999854e+04 5.387397887250000182e-04 5.756119242499999928e+03 5.756120510000000650e+03
6.291459999999999854e+04 5.441504091999999201e-04 5.756127555000000029e+03 5.756128815000000031e+03
6.920600000000000000e+04 5.351976230499999989e-04 5.756146585000000414e+03 5.756147844999999506e+03
7.549750000000000000e+04 5.333002947500000215e-04 5.756157067500000267e+03 5.756158297500000117e+03
8.178889999999999418e+04 5.328096818000000031e-04 5.756150237500000003e+03 5.756151499999999942e+03
8.808039999999999418e+04 5.420994839249999950e-04 5.756136342499999955e+03 5.756137614999999641e+03
9.437180000000000291e+04 5.363835555250000015e-04 5.756140504999999393e+03 5.756141784999999800e+03
1.006630000000000000e+05 5.298677871099999543e-04 5.755998882500000036e+03 5.756000140000000101e+03
1.132460000000000000e+05 5.385548397500000131e-04 5.756058592499999577e+03 5.756059855000000425e+03
1.258290000000000000e+05 5.285510826499999508e-04 5.756021609999999782e+03 5.756022867499999847e+03
1.384120000000000000e+05 5.373226262749999753e-04 5.756090082500000790e+03 5.756091360000000350e+03
1.509950000000000000e+05 5.408603667999999825e-04 5.756040797499999826e+03 5.756042092500000763e+03
1.635780000000000000e+05 5.416469815500000356e-04 5.756070597500000076e+03 5.756071892500000104e+03
1.761610000000000000e+05 5.391888988499999799e-04 5.756027694999999767e+03 5.756028984999999921e+03
1.887440000000000000e+05 5.460400270000000241e-04 5.755995857500000056e+03 5.755997167499999705e+03
2.013270000000000000e+05 5.207761989000000155e-04 5.755891962499999863e+03 5.755893202499999461e+03
2.264920000000000000e+05 5.202197618249999357e-04 5.755818727500000023e+03 5.755819955000000846e+03
2.516580000000000000e+05 5.215894351999999894e-04 5.755751397499999257e+03 5.755752634999999827e+03
2.768240000000000000e+05 5.223476031750000099e-04 5.755935084999999162e+03 5.755936337500000263e+03
3.019900000000000000e+05 5.220476415250000987e-04 5.756083829999999580e+03 5.756085112499999013e+03
3.271560000000000000e+05 4.801907618944999860e-04 5.756181192499999270e+03 5.756182387500000004e+03
3.523220000000000000e+05 4.296539590874999580e-04 5.756078864999999496e+03 5.756079902500000571e+03
