0.06 0.005118278847584728
0.138 0.023432780253705893
0.24 0.05804969293936927
0.372 0.11144097780125134
0.542 0.18467050420630027
0.766 0.2835576279931875
1.054 0.41400494207872623
1.432 0.5901344011807235
1.92 0.8216896145851363
2.5580000000000003 1.1340919568104484
3.384 1.5444498740701484
4.46 2.086961554729695
5.8580000000000005 2.795836242678267
7.674 3.713949794027185
10.038 4.925947982967435
13.108 6.481957374115982
17.1 8.54098315398327
22.292 11.201689130153177
29.038 14.770968924378472
37.81 19.27511953429682
49.212 25.052560505900416
64.036 32.653564823977
83.308 42.534647900859255
108.36 55.36970151221177
140.928 71.98215227880715
183.266 93.9362930222731
238.306 121.79206401843628
309.858 158.38241235286972
402.87600000000003 206.8435684756331
523.8 269.0915408555906
680.998 351.36201854759406
885.3580000000001 455.7161060533615
1151.026 593.0048983486677
1496.394 765.40142450792
1945.372 995.7642972353372
2529.044 1295.756329736757
3287.8160000000003 1684.9676557337434
4274.222 2191.3600593092265
5556.548 2852.682542968302
5556.7480000000005 2852.8048597815864
11113.496000000001 5698.0384872271325
16670.244 8528.593321918059
22226.992000000002 11350.201638610824
27783.74 14154.789586400819
33340.488 16966.271171267887
38897.236000000004 19780.268219513167
44453.984000000004 22605.100920067616
50010.732 25436.56460422818
55567.48 28271.569871839118
61124.228 31086.724510102278
66680.976 33919.99929312435
72237.724 36771.607274277456
77794.47200000001 39596.692009414175
83351.22 42419.587649926216
88907.96800000001 45224.029917917425
94464.716 48021.015562365676
100021.464 50802.35577676872
105578.212 53598.81804439861
111134.96 56424.579886380496
116691.708 59251.13534942016
122248.456 62133.67123212356
127805.204 65035.39903485815
133361.952 67917.66546567954
138918.7 70828.62800439545
144475.448 73723.94745062906
150032.196 76642.88333726644
155588.94400000002 79543.67955337405
161145.692 82450.00073028507
166702.44 85317.96637222629
172259.188 88156.60118606647
177815.93600000002 90944.20602783785
183372.684 93754.43747575591
188929.432 96555.64309052004
194486.18 99360.78631017539
200042.928 102182.30962265219
205599.676 105021.81518052591
211156.424 107859.0036952555
216713.172 110706.0821192049
222269.92 113510.0557792112
227826.668 116329.05474024989
233383.416 119117.72421289292
238940.16400000002 121930.57806516661
244496.912 124744.8251961172
250053.66 127562.69581176167
255610.408 130327.9645316362
261167.15600000002 133100.7944336866
266723.904 135922.76359339783
272280.652 138728.50692407836
277837.4 141504.73931391817
283394.148 144306.18195957926
288950.896 147183.0520069258
294507.64400000003 150117.73900624606
300064.392 153031.59845156406
305621.14 155902.04313499157
311177.88800000004 158768.6168834784
316734.636 161536.87365838623
322291.384 164310.97403752577
327848.132 167126.62036226384
333404.88 169923.2876358362
338961.628 172533.60666807526
344518.376 175142.93449140975
350075.124 177844.13131710963
355631.87200000003 180404.16129024798
361188.62 182899.46518154023
366745.368 185302.01964291022
372302.116 187501.06152374228
377858.864 190111.33067453362
383415.612 192976.58044004228
388972.36 195690.01041203848
394529.108 197593.76196464314
