3.000000000000000062e-03 5.014680062474375505e-02 4.998034263429622370e-02 1.060093561034273074e-01
6.000000000000000125e-03 9.996499073698750237e-02 9.966902901859339692e-02 2.113804697068540073e-01
8.999999999999999320e-03 1.491319686367312269e-01 1.487796041528892943e-01 3.154864720602799655e-01
1.200000000000000025e-02 1.973367908489749856e-01 1.970355955371846934e-01 4.177224544137070339e-01
1.499999999999999944e-02 2.442853511362187147e-01 2.441748931714803339e-01 5.175151167671344643e-01
1.799999999999999864e-02 2.897049490859624488e-01 2.899536045557765673e-01 6.143313291205610982e-01
2.100000000000000130e-02 3.333481201732062527e-01 3.341492946900732619e-01 7.076853314739877110e-01
2.400000000000000050e-02 3.749956463354500169e-01 3.765635623243694940e-01 7.971444188274141585e-01
2.699999999999999969e-02 4.144587126351937378e-01 4.170238699586659159e-01 8.823330474308405114e-01
2.999999999999999889e-02 4.515802166474374713e-01 4.553846800929624572e-01 9.629353810342669018e-01
3.300000000000000155e-02 4.862352720096812519e-01 4.915278827272592799e-01 1.038696337137693826e+00
3.599999999999999728e-02 5.183309735219249204e-01 5.253626003615566864e-01 1.109421241991120910e+00
3.899999999999999994e-02 5.478055110066687439e-01 5.568244529958537026e-01 1.174974278094548463e+00
4.200000000000000261e-02 5.746267293501625684e-01 5.858743168801501255e-01 1.235275877947976220e+00
4.499999999999999833e-02 5.987902368824062904e-01 6.124967232644472626e-01 1.290299236551402995e+00
4.800000000000000100e-02 6.203240419409000728e-01 6.367023296487440698e-01 1.340077031404829810e+00
5.399999999999999939e-02 6.557385011953875686e-01 6.780126849173361281e-01 1.424266223611682758e+00
5.999999999999999778e-02 6.814146669898750730e-01 7.101854751859286718e-01 1.488755413318536558e+00
6.600000000000000311e-02 6.981616238218626425e-01 7.338164929545210047e-01 1.534952913025390719e+00
7.199999999999999456e-02 7.069438680831001687e-01 7.496363057231129057e-01 1.564575675232244834e+00
7.799999999999999989e-02 7.088066524190876905e-01 7.584496109917046036e-01 1.579511307439099621e+00
8.400000000000000522e-02 7.048141566733251429e-01 7.610866062602960058e-01 1.581704514645955406e+00
8.999999999999999667e-02 6.960026039953126631e-01 7.583678290288868862e-01 1.573071914352811351e+00
9.600000000000000200e-02 6.834557554048001915e-01 7.511727292974784698e-01 1.555651961559666230e+00
1.079999999999999988e-01 6.509068337487752265e-01 7.265263848346650288e-01 1.501681400973374325e+00
1.199999999999999956e-01 6.125537040027502211e-01 6.919603303718496745e-01 1.430489520387081104e+00
1.320000000000000062e-01 5.734519303167251447e-01 6.524328609090345177e-01 1.352615859800788689e+00
1.439999999999999891e-01 5.377272715257002123e-01 6.125040664462241269e-01 1.277204989214498765e+00
1.559999999999999998e-01 5.087450122496751659e-01 5.763312269834133250e-01 1.212152083628208921e+00
1.680000000000000104e-01 4.891168679486501691e-01 5.474893225205978986e-01 1.163923193041919157e+00
1.799999999999999933e-01 4.805681610041251939e-01 5.286919430577801116e-01 1.137145142455628921e+00
1.920000000000000040e-01 4.836179079506002232e-01 5.214908535949644985e-01 1.133993741869340655e+00
2.159999999999999976e-01 5.198518878205502514e-01 5.407543746693400655e-01 1.192820340696765902e+00
2.399999999999999911e-01 5.822488944985002579e-01 5.945642157437187603e-01 1.313764429524182598e+00
2.640000000000000124e-01 6.476447843964503459e-01 6.630238668180928885e-01 1.452950858351599983e+00
2.879999999999999782e-01 6.965690299344002856e-01 7.261543778924633985e-01 1.569946107179019279e+00
3.119999999999999996e-01 7.205775396263502941e-01 7.711411289668368418e-01 1.642699696006435284e+00
3.360000000000000209e-01 7.221891164303003707e-01 7.945146200412102067e-01 1.669945714833849681e+00
3.599999999999999867e-01 7.101913952362504112e-01 8.004722111155780917e-01 1.664886893661263523e+00
3.840000000000000080e-01 6.952256933962004393e-01 7.982267521899440998e-01 1.648013352488678862e+00
4.319999999999999951e-01 6.809629486467004833e-01 7.992863143386813585e-01 1.635854210143510734e+00
4.799999999999999822e-01 6.885418041992005245e-01 8.189971764874236504e-01 1.665805827798349403e+00
5.280000000000000249e-01 7.014864246211005572e-01 8.485621386361664742e-01 1.712182085453192837e+00
5.759999999999999565e-01 7.064094493205286263e-01 8.721133607849179681e-01 1.744309243108024265e+00
6.239999999999999991e-01 7.064563046066006935e-01 8.884476029336684233e-01 1.763837660762854531e+00
6.720000000000000417e-01 7.081578506291447139e-01 9.043020850824132761e-01 1.784730778417686681e+00
7.199999999999999734e-01 7.115415563134447341e-01 9.216583672311563502e-01 1.809177276072519991e+00
7.680000000000000160e-01 7.134860741390848249e-01 9.369810093799015860e-01 1.829974513727351315e+00
8.639999999999999902e-01 7.138674690311409554e-01 9.600440936774167211e-01 1.859633909036989330e+00
9.599999999999999645e-01 7.141102970067170208e-01 9.812565379749058625e-01 1.887300224346641686e+00
1.056000000000000050e+00 7.135510866631170623e-01 9.995120622723763226e-01 1.910715539656334006e+00
1.151999999999999913e+00 7.122948504535571157e-01 1.013608866569869038e+00 1.928455574966008612e+00
1.247999999999999998e+00 7.117815879145972247e-01 1.027055390867374740e+00 1.945932690275667509e+00
1.344000000000000083e+00 7.114634037280412882e-01 1.038238115164879849e+00 1.960793445585326422e+00
1.439999999999999947e+00 7.118411369423653934e-01 1.047865039462375636e+00 1.974329760894981467e+00
1.536000000000000032e+00 7.129141083261655298e-01 1.056733443759868551e+00 1.987293916204640354e+00
1.727999999999999980e+00 7.161393797732057420e-01 1.071277532354833362e+00 2.009680066823946287e+00
1.919999999999999929e+00 7.204786191016059327e-01 1.082509140949790227e+00 2.028384377443233078e+00
2.112000000000000099e+00 7.257323417676061483e-01 1.091236589544750446e+00 2.044585488062542478e+00
2.303999999999999826e+00 7.313266265768063601e-01 1.098997078139690942e+00 2.059526358681863289e+00
2.495999999999999996e+00 7.363983934468065762e-01 1.105531886734642644e+00 2.072191789301172093e+00
2.688000000000000167e+00 7.407079647720067328e-01 1.110641815329573845e+00 2.082406099920497411e+00
2.879999999999999893e+00 7.442991682292069422e-01 1.115068223924484681e+00 2.091253370539825518e+00
3.072000000000000064e+00 7.473748176256070908e-01 1.118939032519417509e+00 2.098950081159188130e+00
3.455999999999999961e+00 7.524837853640073959e-01 1.125131689709297778e+00 2.111582062397911130e+00
3.839999999999999858e+00 7.565549451763277089e-01 1.129156186899206160e+00 2.121554843636493715e+00
4.224000000000000199e+00 7.600395255779280879e-01 1.131617324089143395e+00 2.129468424875058385e+00
4.607999999999999652e+00 7.631190796702483903e-01 1.131925661279157280e+00 2.134031126113756116e+00
4.991999999999999993e+00 7.657123495113686840e-01 1.131824078469136463e+00 2.137624707352488773e+00
5.376000000000000334e+00 7.682025208758490598e-01 1.132386815659097268e+00 2.141874448591234437e+00
5.759999999999999787e+00 7.705007875150493568e-01 1.132789232849004568e+00 2.145526589829971797e+00
6.144000000000000128e+00 7.722771946564896961e-01 1.133317890038866071e+00 2.148575851068659670e+00
6.911999999999999922e+00 7.753601942446504136e-01 1.134193764418632178e+00 2.153230533546013792e+00
7.679999999999999716e+00 7.776831930443310892e-01 1.134657798798324846e+00 2.156389536023258557e+00
8.448000000000000398e+00 7.793115314932917981e-01 1.135322473178187686e+00 2.159395898500342970e+00
9.215999999999999304e+00 7.809679861819645019e-01 1.136338507557905553e+00 2.163782740977652885e+00
9.983999999999999986e+00 7.824556196384260254e-01 1.135860781937640507e+00 2.166719983455261289e+00
1.075200000000000067e+01 7.835669744513035218e-01 1.133335376317590404e+00 2.165612745932887329e+00
1.151999999999999957e+01 7.846698981242001825e-01 1.131694130697556311e+00 2.164689828410222727e+00
1.228800000000000026e+01 7.859803855483608048e-01 1.131033045077557642e+00 2.165803070887459381e+00
1.382399999999999984e+01 7.881018607298021506e-01 1.128837273837626887e+00 2.167672435842572742e+00
1.535999999999999943e+01 7.889430875486195260e-01 1.126764382597385872e+00 2.167752360797488898e+00
1.689600000000000080e+01 7.891912690607488789e-01 1.125764771356923433e+00 2.167573085751619111e+00
1.843199999999999861e+01 7.882849059750862697e-01 1.123736040116614543e+00 2.164458130705870786e+00
1.996799999999999997e+01 7.872418000633756296e-01 1.117919148875960111e+00 2.157084615660833204e+00
2.150400000000000134e+01 7.882861782099945813e-01 1.110312817635457971e+00 2.150237180615777177e+00
2.303999999999999915e+01 7.891045058613110896e-01 1.105413686395367634e+00 2.146004785571016260e+00
2.457600000000000051e+01 7.882732489473860404e-01 1.102135035155202392e+00 2.141805030526129361e+00
2.764799999999999969e+01 7.875732139669087140e-01 1.093327492674441181e+00 2.130709840436002089e+00
3.071999999999999886e+01 7.886988132428154330e-01 1.085833230193332888e+00 2.123992250346347532e+00
3.379200000000000159e+01 7.889942961315221659e-01 1.082889367712522866e+00 2.122988580256236713e+00
3.686399999999999721e+01 7.892598933381808068e-01 1.078858785232623019e+00 2.118329230165576504e+00
3.993599999999999994e+01 7.893021173251274503e-01 1.075246762753325314e+00 2.111922680074350911e+00
4.300800000000000267e+01 7.887064477758181091e-01 1.070847540273657694e+00 2.104798049983104491e+00
4.607999999999999829e+01 7.895905887848447824e-01 1.066728637793195045e+00 2.101041099891999497e+00
4.915200000000000102e+01 7.910920492189210673e-01 1.064433735312056317e+00 2.099695669801441511e+00
5.529599999999999937e+01 7.921923107759696325e-01 1.058377050350513882e+00 2.091137289620471851e+00
6.143999999999999773e+01 7.912702776380550196e-01 1.061912685389724276e+00 2.090051549439320144e+00
6.758400000000000318e+01 7.902102735988923987e-01 1.075455360427592710e+00 2.099533489258030183e+00
7.372799999999999443e+01 7.894344746121457757e-01 1.089228435465228628e+00 2.111281029076782723e+00
7.987199999999999989e+01 7.899048968882471655e-01 1.096711590503901990e+00 2.120148568894249852e+00
8.601600000000000534e+01 7.898230260517725698e-01 1.104133305542730481e+00 2.130536748712418049e+00
9.215999999999999659e+01 7.881332569522579989e-01 1.115003340581060209e+00 2.141539328531829156e+00
9.830400000000000205e+01 7.860446823404489969e-01 1.133691615618859228e+00 2.158770388350357727e+00
1.105919999999999987e+02 7.824332492175311016e-01 1.187211525697354997e+00 2.210067067986821066e+00
1.228799999999999955e+02 7.816768175689684517e-01 1.248580395775940932e+00 2.271071267623921308e+00
1.351680000000000064e+02 7.799937358472256443e-01 1.318796625854541382e+00 2.338910667261575593e+00
1.474559999999999889e+02 7.799596636352683632e-01 1.398612855933700327e+00 2.416426866897848580e+00
1.597439999999999998e+02 7.827039087085335689e-01 1.487844766009692732e+00 2.508258586532903234e+00
1.720320000000000107e+02 7.829101941898115591e-01 1.581868996084761614e+00 2.604007106172387953e+00
1.843199999999999932e+02 7.815151970661871061e-01 1.671838186161686446e+00 2.695009385814425951e+00
1.966080000000000041e+02 7.806723187553882282e-01 1.757322256240156255e+00 2.781372945453507217e+00
2.211839999999999975e+02 7.788912880873265498e-01 1.902854236397054644e+00 2.925253984728363399e+00
2.457599999999999909e+02 7.778155152445448417e-01 2.016283816554677255e+00 3.039275184003171759e+00
2.703360000000000127e+02 7.807866105057503781e-01 2.149896436710935888e+00 3.174155263281894346e+00
2.949119999999999777e+02 7.824822253003190786e-01 2.297701696871873533e+00 3.318619982558769443e+00
3.194879999999999995e+02 7.781218824856206417e-01 2.422743437032309100e+00 3.435651741835755502e+00
3.440640000000000214e+02 7.729899346152089290e-01 2.555495897187945342e+00 3.562053101110739028e+00
3.686399999999999864e+02 7.705782581416611432e-01 2.694115877340641507e+00 3.701387580383104225e+00
3.932160000000000082e+02 7.709424411688314827e-01 2.825363057495188901e+00 3.837373579656240707e+00
4.423679999999999950e+02 7.769918670732073318e-01 3.171538697802555706e+00 4.196283178207931286e+00
4.915199999999999818e+02 7.828896930882776051e-01 3.660132258110773584e+00 4.694600136758294795e+00
5.406720000000000255e+02 7.835406768244358444e-01 4.250224698425364878e+00 5.282312295307872496e+00
5.898239999999999554e+02 7.842924573872180893e-01 4.838904018730949552e+00 5.869410053861793486e+00
6.389759999999999991e+02 7.822167242287587641e-01 5.350168939025234494e+00 6.371597732414958415e+00
6.881280000000000427e+02 7.801059810444178622e-01 5.889327619318944329e+00 6.898791490973440688e+00
7.372799999999999727e+02 7.818768330466625560e-01 6.525745819625537791e+00 7.536392929525581152e+00
7.864320000000000164e+02 7.809685277867760567e-01 7.217460019932222082e+00 8.225112448071596916e+00
8.847359999999999900e+02 7.765617122771534264e-01 8.735442020543944253e+00 9.737842365188059901e+00
9.830399999999999636e+02 7.769865195521451495e-01 1.011874754116041508e+01 1.112756940230494429e+01
1.081339999999999918e+03 7.799951589036999700e-01 1.118276752494926818e+01 1.220698051627659453e+01
1.179650000000000091e+03 7.918378802401445649e-01 1.189838680084939782e+01 1.294954391308873376e+01
1.277950000000000045e+03 8.071885317459890352e-01 1.237813615962426717e+01 1.345414577705324533e+01
1.376259999999999991e+03 8.155805527738579919e-01 1.289996184802470225e+01 1.400045783638307206e+01
1.474559999999999945e+03 8.165775758452687993e-01 1.328091970679196265e+01 1.437714682536041622e+01
1.572859999999999900e+03 8.096933786812707812e-01 1.332274256554377345e+01 1.439270618931917056e+01
1.769470000000000027e+03 7.955472264685875539e-01 1.293723192516716480e+01 1.399128450005590274e+01
1.966079999999999927e+03 7.749520241478926597e-01 1.207297593481461817e+01 1.311996491077200666e+01
2.162690000000000055e+03 7.522104132759414030e-01 1.046479685697949336e+01 1.150029850902787842e+01
2.359300000000000182e+03 7.410631268631963087e-01 8.772812766660376127e+00 9.822877919812217584e+00
2.555900000000000091e+03 7.458902086392902309e-01 7.739524734173368614e+00 8.805135647718099534e+00
2.752510000000000218e+03 7.455036802173945487e-01 6.278065868797503057e+00 7.331452170996558770e+00
2.949119999999999891e+03 7.417859184273389861e-01 4.151327915964028392e+00 5.205269256807495637e+00
3.145730000000000018e+03 7.502737596266858544e-01 1.906132438083170122e+00 2.978077955077285566e+00
3.538940000000000055e+03 7.599843276693752925e-01 -4.477450472295924300e+00 -3.362616343725972179e+00
3.932159999999999854e+03 7.650023940780285026e-01 -1.231709277802827884e+01 -1.118050452215457113e+01
4.325380000000000109e+03 7.742273390485336915e-01 -1.988737938368073443e+01 -1.873149462562000167e+01
4.718590000000000146e+03 7.887160834108524199e-01 -2.956999419386648498e+01 -2.836876326188140496e+01
5.111810000000000400e+03 7.941433354967082359e-01 -4.108771807448807323e+01 -3.987505504029611103e+01
5.505020000000000437e+03 8.025177788519487487e-01 -5.336748493486676637e+01 -5.216452512652206508e+01
5.898239999999999782e+03 8.098716944567168063e-01 -6.531676776558339270e+01 -6.411269787994987723e+01
6.291460000000000036e+03 8.011867877407795602e-01 -7.511661177115004762e+01 -7.392912670849595713e+01
7.077890000000000327e+03 7.882761163381338809e-01 -8.999353841210859173e+01 -8.884806991074147220e+01
7.864319999999999709e+03 7.966617405728315671e-01 -1.004782535033381663e+02 -9.934727651305929896e+01
8.650750000000000000e+03 7.879761733989613104e-01 -1.104645685819626379e+02 -1.093323545031693556e+02
9.437180000000000291e+03 7.508702557558516455e-01 -1.141918838979528203e+02 -1.130338567932295177e+02
1.022360000000000036e+04 7.469140220340458880e-01 -1.146859825935173234e+02 -1.134952616160894650e+02
1.101000000000000000e+04 7.502427138092917502e-01 -1.170664457232191467e+02 -1.158567937045575462e+02
1.179650000000000000e+04 7.588253116057768199e-01 -1.152296053067411208e+02 -1.139921717144073199e+02
1.258289999999999964e+04 7.968401285528726730e-01 -1.076552274365212156e+02 -1.063467638026605471e+02
1.415579999999999927e+04 8.520392552333810876e-01 -1.024128124000038866e+02 -1.009465506508248325e+02
1.572860000000000036e+04 8.942475016537327903e-01 -1.305219546596439670e+02 -1.289509868275403903e+02
1.730150000000000000e+04 9.179964188882799858e-01 -1.606520944982732431e+02 -1.590216348008713112e+02
1.887440000000000146e+04 9.112070936249959674e-01 -1.638187960867595621e+02 -1.621720992743971124e+02
2.044720000000000073e+04 8.845552265677276704e-01 -1.691164403461938832e+02 -1.674869294510461657e+02
2.202009999999999854e+04 8.849979087225685603e-01 -2.073470151847567138e+02 -2.057071655491418483e+02
2.359300000000000000e+04 9.362801059799308323e-01 -2.763749720235284144e+02 -2.746520370224959606e+02
2.516579999999999927e+04 9.905598858847625143e-01 -3.595085222831779674e+02 -3.577044731993402138e+02
2.831159999999999854e+04 1.048644000449174385e+00 -4.667670539597971811e+02 -4.647850373954222505e+02
3.145729999999999927e+04 1.109924987497652005e+00 -4.605528449323165887e+02 -4.583928665447087951e+02
3.460300000000000000e+04 1.165038575523569708e+00 -4.182299320293603841e+02 -4.159037881939369754e+02
3.774869999999999709e+04 1.230846648243945962e+00 -3.819074418764536745e+02 -3.793443543428568887e+02
4.089450000000000000e+04 1.373448077922513111e+00 -3.313215263036323108e+02 -3.284939617895378774e+02
4.404019999999999709e+04 1.482240746496794381e+00 -2.270912374024834435e+02 -2.240424576898183204e+02
4.718590000000000146e+04 1.508064475899750345e+00 -9.189153200048949088e+01 -8.879455058917451993e+01
5.033159999999999854e+04 1.498822323819420266e+00 4.734027151799438116e+00 7.835956885711198083e+00
5.662309999999999854e+04 1.535050677494602889e+00 3.558100900110574116e+01 3.892876678870788965e+01
6.291459999999999854e+04 1.608608691063375007e+00 -8.792609727487726445e+01 -8.430891830775021845e+01
6.920600000000000000e+04 1.632714777615256629e+00 -2.366361617204150605e+02 -2.328046156075378121e+02
7.549750000000000000e+04 1.678525287716131853e+00 -4.370725842456482724e+02 -4.331131757025310662e+02
8.178889999999999418e+04 1.701067715625929289e+00 -5.882205661925409004e+02 -5.842591252511704170e+02
8.808039999999999418e+04 1.704942873753670707e+00 -7.927385993426614732e+02 -7.886964822241505999e+02
9.437180000000000291e+04 1.776245614603860989e+00 -9.791420140386975390e+02 -9.748855297744364634e+02
1.006630000000000000e+05 1.822647655750947671e+00 -7.602525350762454082e+02 -7.558131464800480899e+02
1.132460000000000000e+05 1.812474461534091752e+00 -3.955540387418307091e+01 -3.500184917537399087e+01
1.258290000000000000e+05 1.739752376418411961e+00 6.005790698260005911e+02 6.049794018784541549e+02
1.384120000000000000e+05 1.545257079286344704e+00 9.748976685235292052e+02 9.790975916836803208e+02
1.509950000000000000e+05 1.261470326856938717e+00 5.915938372226938782e+02 5.955147077396682107e+02
1.635780000000000000e+05 1.046884119302580407e+00 1.857192496726962645e+02 1.896913712938717254e+02
1.761610000000000000e+05 7.145360297404970140e-01 1.970812350871075523e+03 1.974489691099471429e+03
