1 70.2183908045977
2 24.777611194402798
3 10.16791604197901
4 5.011494252873563
5 2.6416791604197902
6 1.6456771614192904
7 1.0174912543728136
8 0.688655672163918
9 0.5097451274362819
10 0.3568215892053973
11 0.25037481259370314
12 0.19790104947526238
13 0.1489255372313843
14 0.11894052973513243
15 0.0769615192403798
16 0.07446276861569215
17 0.05847076461769116
18 0.047476261869065464
19 0.0399800099950025
20 0.031984007996002
21 0.02498750624687656
22 0.02448775612193903
23 0.017991004497751123
24 0.02148925537231384
25 0.01249375312343828
26 0.011494252873563218
27 0.010994502748625687
28 0.008995502248875561
29 0.0079960019990005
30 0.0069965017491254375
31 0.00399800099950025
32 0.005497251374312844
33 0.0034982508745627187
34 0.0029985007496251873
35 0.004497751124437781
36 0.004497751124437781
37 0.00399800099950025
38 0.0014992503748125937
39 0.0014992503748125937
40 0.0024987506246876563
41 0.001999000499750125
42 0.0004997501249375312
43 0.0029985007496251873
44 0.0014992503748125937
45 0.0024987506246876563
48 0.0009995002498750624
49 0.0009995002498750624
50 0.0009995002498750624
51 0.0009995002498750624
52 0.0014992503748125937
53 0.0004997501249375312
54 0.0009995002498750624
56 0.0004997501249375312
58 0.0004997501249375312
63 0.0004997501249375312
67 0.0004997501249375312
73 0.0004997501249375312
76 0.0004997501249375312
87 0.0004997501249375312
622 0.0004997501249375312
626 0.0004997501249375312
635 0.0004997501249375312
636 0.0004997501249375312
637 0.0004997501249375312
646 0.0004997501249375312
649 0.0004997501249375312
654 0.0004997501249375312
660 0.0004997501249375312
662 0.0004997501249375312
663 0.0004997501249375312
664 0.0004997501249375312
665 0.0004997501249375312
667 0.0004997501249375312
668 0.0009995002498750624
669 0.0004997501249375312
670 0.0004997501249375312
672 0.0004997501249375312
678 0.0004997501249375312
679 0.0009995002498750624
680 0.0004997501249375312
681 0.0014992503748125937
683 0.0009995002498750624
685 0.0014992503748125937
686 0.0004997501249375312
687 0.0009995002498750624
688 0.0009995002498750624
689 0.0004997501249375312
691 0.0024987506246876563
692 0.0009995002498750624
693 0.0004997501249375312
694 0.0009995002498750624
695 0.0009995002498750624
696 0.0004997501249375312
698 0.0004997501249375312
699 0.0009995002498750624
700 0.0004997501249375312
701 0.0029985007496251873
702 0.001999000499750125
703 0.0029985007496251873
704 0.0014992503748125937
705 0.0034982508745627187
706 0.0009995002498750624
707 0.001999000499750125
708 0.004497751124437781
709 0.0024987506246876563
710 0.0014992503748125937
711 0.00399800099950025
712 0.0024987506246876563
713 0.004997501249375313
714 0.00399800099950025
715 0.0024987506246876563
716 0.004497751124437781
717 0.005497251374312844
718 0.005497251374312844
719 0.004497751124437781
720 0.004497751124437781
721 0.004497751124437781
722 0.0034982508745627187
723 0.00399800099950025
724 0.005497251374312844
725 0.006496751624187906
726 0.005497251374312844
727 0.004497751124437781
728 0.0034982508745627187
729 0.00399800099950025
730 0.00399800099950025
731 0.004497751124437781
732 0.0034982508745627187
733 0.005497251374312844
734 0.006496751624187906
735 0.004997501249375313
736 0.006496751624187906
737 0.0029985007496251873
738 0.008995502248875561
739 0.0069965017491254375
740 0.009495252373813094
741 0.005497251374312844
742 0.011494252873563218
743 0.013493253373313344
744 0.009495252373813094
745 0.005997001499250375
746 0.009495252373813094
747 0.0079960019990005
748 0.005997001499250375
749 0.00849575212393803
750 0.008995502248875561
751 0.009495252373813094
752 0.013493253373313344
753 0.011494252873563218
754 0.0079960019990005
755 0.012993503248375811
756 0.013493253373313344
757 0.01249375312343828
758 0.01199400299850075
759 0.014992503748125937
760 0.009995002498750625
761 0.014992503748125937
762 0.019490254872563718
763 0.009995002498750625
764 0.010994502748625687
765 0.01249375312343828
766 0.010494752623688156
767 0.013493253373313344
768 0.009495252373813094
769 0.009995002498750625
770 0.010994502748625687
771 0.009495252373813094
772 0.017491254372813594
773 0.01649175412293853
774 0.009495252373813094
775 0.01199400299850075
776 0.012993503248375811
777 0.008995502248875561
778 0.010494752623688156
779 0.01699150424787606
780 0.012993503248375811
781 0.01249375312343828
782 0.010994502748625687
783 0.017491254372813594
784 0.011494252873563218
785 0.010494752623688156
786 0.013993003498250875
787 0.009495252373813094
788 0.008995502248875561
789 0.009995002498750625
790 0.009495252373813094
791 0.013493253373313344
792 0.01199400299850075
793 0.010494752623688156
794 0.010494752623688156
795 0.0079960019990005
796 0.009495252373813094
797 0.008995502248875561
798 0.009495252373813094
799 0.011494252873563218
800 0.008995502248875561
801 0.0069965017491254375
802 0.005497251374312844
803 0.004497751124437781
804 0.0069965017491254375
805 0.0079960019990005
806 0.0029985007496251873
807 0.005997001499250375
808 0.0069965017491254375
809 0.006496751624187906
810 0.006496751624187906
811 0.004497751124437781
812 0.00399800099950025
813 0.00399800099950025
814 0.0014992503748125937
815 0.006496751624187906
816 0.0024987506246876563
817 0.004497751124437781
818 0.004997501249375313
819 0.0024987506246876563
820 0.004497751124437781
821 0.0029985007496251873
822 0.0034982508745627187
823 0.0024987506246876563
824 0.0024987506246876563
825 0.0024987506246876563
826 0.0014992503748125937
827 0.0024987506246876563
829 0.0009995002498750624
830 0.0004997501249375312
831 0.0004997501249375312
832 0.0004997501249375312
834 0.0004997501249375312
835 0.0004997501249375312
836 0.001999000499750125
837 0.0004997501249375312
838 0.0004997501249375312
845 0.0004997501249375312
846 0.0004997501249375312
848 0.0004997501249375312
855 0.0004997501249375312
860 0.0004997501249375312
