0 1.15242011e+01  7.67357883e+03  7.68746252e+03
0.003 1.14831199e+01  7.67353888e+03  7.68737697e+03
0.006 1.13609876e+01  7.67342009e+03  7.68712254e+03
0.009 1.11609906e+01  7.67322542e+03  7.68670561e+03
0.012 1.08881732e+01  7.67295961e+03  7.68613625e+03
0.015 1.05491537e+01  7.67262884e+03  7.68542767e+03
0.018 1.01517821e+01  7.67224048e+03  7.68459562e+03
0.021 9.70477431e+00  7.67180279e+03  7.68365766e+03
0.024 9.21735174e+00  7.67132455e+03  7.68263249e+03
0.027 8.69890646e+00  7.67081477e+03  7.68153925e+03
0.03 8.15870724e+00  7.67028244e+03  7.68039697e+03
0.033 7.60565275e+00  7.66973622e+03  7.67922405e+03
0.036 7.04807408e+00  7.66918433e+03  7.67803784e+03
0.039 6.49358443e+00  7.66863431e+03  7.67685431e+03
0.042 5.94897185e+00  7.66809294e+03  7.67568782e+03
0.045 5.42013008e+00  7.66756615e+03  7.67455096e+03
0.048 4.91821214e+00  7.66706492e+03  7.67346672e+03
0.054 3.98070785e+00  7.66612638e+03  7.67143097e+03
0.06 3.16188165e+00  7.66530337e+03  7.66963630e+03
0.066 2.47016610e+00  7.66460525e+03  7.66810387e+03
0.072 1.90338280e+00  7.66403063e+03  7.66683236e+03
0.078 1.45174861e+00  7.66357031e+03  7.66580397e+03
0.084 1.10095767e+00  7.66321029e+03  7.66499068e+03
0.09 8.34891395e-01  7.66293463e+03  7.66436002e+03
0.096 6.51326616e-01  7.66274132e+03  7.66390972e+03
0.108 4.03278285e-01  7.66247485e+03  7.66327508e+03
0.12 2.92087043e-01  7.66235088e+03  7.66295548e+03
0.132 2.66426815e-01  7.66232510e+03  7.66284618e+03
0.144 2.99078769e-01  7.66237694e+03  7.66289224e+03
0.156 3.74195506e-01  7.66249451e+03  7.66306043e+03
0.168 4.78139797e-01  7.66266454e+03  7.66331960e+03
0.18 5.95191048e-01  7.66286860e+03  7.66363212e+03
0.192 7.01484961e-01  7.66308060e+03  7.66394531e+03
0.216 8.35172568e-01  7.66344150e+03  7.66442951e+03
0.24 7.95161269e-01  7.66361758e+03  7.66454869e+03
0.264 5.97266511e-01  7.66357748e+03  7.66428538e+03
0.288 3.36928570e-01  7.66338948e+03  7.66380732e+03
0.312 1.14792798e-01  7.66315933e+03  7.66332681e+03
0.336 -1.63079962e-02  7.66297134e+03  7.66298659e+03
0.36 -5.50328182e-02  7.66286631e+03  7.66283187e+03
0.384 -2.18105212e-02  7.66286403e+03  7.66286205e+03
0.432 7.14865618e-02  7.66296549e+03  7.66306036e+03
0.48 9.70807579e-02  7.66305038e+03  7.66316917e+03
0.528 4.68860467e-02  7.66300368e+03  7.66306647e+03
0.576 2.29459341e-03  7.66291119e+03  7.66292572e+03
0.624 -2.34846999e-04  7.66286509e+03  7.66287689e+03
0.672 1.34529036e-02  7.66287074e+03  7.66289173e+03
0.72 1.41547496e-02  7.66287716e+03  7.66289879e+03
0.768 4.54285428e-03  7.66284934e+03  7.66286485e+03
0.864 -2.11429659e-03  7.66278518e+03  7.66279338e+03
0.96 1.80462754e-03  7.66275409e+03  7.66276841e+03
1.056 3.92577472e-04  7.66270695e+03  7.66271866e+03
1.152 1.05987371e-03  7.66267789e+03  7.66268869e+03
1.248 6.03398653e-03  7.66265303e+03  7.66266841e+03
1.344 2.44516884e-03  7.66262578e+03  7.66263464e+03
1.44 3.43966069e-03  7.66259791e+03  7.66261189e+03
1.536 5.43091980e-04  7.66257386e+03  7.66258140e+03
1.728 -6.63982060e-04  7.66253320e+03  7.66253858e+03
1.92 -3.09001560e-03  7.66249250e+03  7.66249901e+03
2.112 -3.71357821e-03  7.66246111e+03  7.66246260e+03
2.304 -2.41761613e-03  7.66243692e+03  7.66243756e+03
2.496 2.51445021e-03  7.66241033e+03  7.66241773e+03
2.688 1.28289880e-04  7.66238524e+03  7.66239384e+03
2.88 1.02273745e-03  7.66237245e+03  7.66237854e+03
3.072 -2.09919548e-03  7.66236550e+03  7.66236652e+03
3.456 7.18922794e-06  7.66233906e+03  7.66233937e+03
3.84 -5.41650266e-03  7.66231806e+03  7.66231187e+03
4.224 2.25371426e-03  7.66231180e+03  7.66231543e+03
4.608 2.79082820e-04  7.66229939e+03  7.66230366e+03
4.992 1.07087918e-03  7.66229366e+03  7.66229716e+03
5.376 -1.44107173e-03  7.66228294e+03  7.66227854e+03
5.76 -1.19533066e-03  7.66227966e+03  7.66227773e+03
6.144 1.17798392e-03  7.66227357e+03  7.66227538e+03
6.912 -1.09353463e-03  7.66227200e+03  7.66227308e+03
7.68 -1.87197400e-03  7.66226837e+03  7.66227015e+03
8.448 7.71965728e-04  7.66226190e+03  7.66226212e+03
9.216 -6.91408147e-04  7.66226377e+03  7.66226126e+03
9.984 -1.06678335e-03  7.66225928e+03  7.66225531e+03
10.752 5.94385836e-04  7.66225718e+03  7.66226017e+03
11.52 5.76053095e-04  7.66226256e+03  7.66226574e+03
12.288 1.52501123e-03  7.66226310e+03  7.66226820e+03
13.824 7.16175483e-04  7.66225739e+03  7.66225695e+03
15.36 -8.07842442e-04  7.66225593e+03  7.66225465e+03
16.896 -9.72800188e-04  7.66224783e+03  7.66224445e+03
18.432 2.40773191e-04  7.66225033e+03  7.66225098e+03
19.968 -2.75360528e-05  7.66224741e+03  7.66224690e+03
21.504 -6.73066133e-04  7.66225050e+03  7.66224742e+03
23.04 -2.07979118e-04  7.66224756e+03  7.66224756e+03
24.576 1.53200507e-05  7.66224961e+03  7.66224967e+03
27.648 -3.00515028e-04  7.66224797e+03  7.66224885e+03
30.72 -5.57221535e-04  7.66224860e+03  7.66224735e+03
33.792 1.26801808e-04  7.66224494e+03  7.66224526e+03
36.864 1.11669712e-06  7.66224408e+03  7.66224223e+03
39.936 1.01093378e-03  7.66223818e+03  7.66224022e+03
43.008 -3.60689146e-04  7.66223923e+03  7.66223793e+03
46.08 -8.39670466e-04  7.66224242e+03  7.66224157e+03
49.152 -1.08949113e-04  7.66224528e+03  7.66224579e+03
55.296 -4.59361115e-04  7.66223906e+03  7.66224003e+03
61.44 -2.95580979e-04  7.66224818e+03  7.66224809e+03
67.584 -3.79913874e-04  7.66224584e+03  7.66224369e+03
73.728 -3.90742857e-04  7.66223962e+03  7.66223864e+03
79.872 7.78559685e-04  7.66224069e+03  7.66224183e+03
86.016 -5.29173284e-05  7.66223716e+03  7.66223722e+03
92.16 -5.86811615e-04  7.66223718e+03  7.66223691e+03
98.304 4.23159650e-04  7.66224296e+03  7.66224358e+03
110.592 -3.67769296e-06  7.66223736e+03  7.66223733e+03
122.88 -1.59919501e-05  7.66225009e+03  7.66225019e+03
135.168 3.50340631e-04  7.66225202e+03  7.66225263e+03
147.456 3.19785272e-04  7.66225580e+03  7.66225634e+03
159.744 -6.24893687e-04  7.66225649e+03  7.66225553e+03
172.032 -1.69742883e-05  7.66225928e+03  7.66226011e+03
184.32 1.25444425e-04  7.66225220e+03  7.66225330e+03
196.608 2.00010917e-04  7.66224549e+03  7.66224583e+03
221.184 8.41098396e-05  7.66224331e+03  7.66224359e+03
245.76 7.95180254e-05  7.66223887e+03  7.66223873e+03
270.336 1.29979011e-04  7.66224508e+03  7.66224571e+03
294.912 -2.33425362e-04  7.66225798e+03  7.66225747e+03
319.488 1.48250441e-04  7.66226488e+03  7.66226565e+03
344.064 2.48488200e-04  7.66226880e+03  7.66226921e+03
368.64 -2.31856991e-04  7.66226285e+03  7.66226223e+03
393.216 -1.36782893e-04  7.66225675e+03  7.66225643e+03
442.368 6.00111173e-05  7.66224841e+03  7.66224858e+03
491.52 -5.91776284e-05  7.66224604e+03  7.66224576e+03
540.672 8.11581669e-05  7.66224933e+03  7.66224928e+03
589.824 -3.39362150e-04  7.66224203e+03  7.66224145e+03
638.976 -4.82011861e-05  7.66224852e+03  7.66224848e+03
688.128 1.18855170e-04  7.66226350e+03  7.66226357e+03
737.28 -2.85630472e-04  7.66226833e+03  7.66226805e+03
786.432 -2.57216102e-05  7.66226474e+03  7.66226483e+03
884.736 -1.33867851e-04  7.66226379e+03  7.66226347e+03
983.04 -1.14295921e-04  7.66225772e+03  7.66225769e+03
1081.34 1.45057171e-04  7.66227024e+03  7.66227055e+03
1179.65 -2.98284887e-04  7.66226062e+03  7.66226039e+03
1277.95 1.05235596e-04  7.66228102e+03  7.66228147e+03
1376.26 -1.61803033e-04  7.66227538e+03  7.66227539e+03
1474.56 1.22509770e-04  7.66226841e+03  7.66226850e+03
1572.86 3.79707899e-06  7.66227233e+03  7.66227230e+03
1769.47 1.32493641e-05  7.66227827e+03  7.66227822e+03
1966.08 -4.25244624e-05  7.66225752e+03  7.66225734e+03
2162.69 -1.89116542e-04  7.66226267e+03  7.66226228e+03
2359.3 2.58351681e-04  7.66224290e+03  7.66224315e+03
2555.9 2.90886070e-05  7.66222465e+03  7.66222462e+03
2752.51 -2.37397508e-05  7.66221121e+03  7.66221129e+03
2949.12 -2.50553608e-05  7.66221037e+03  7.66221025e+03
3145.73 2.01188917e-05  7.66219275e+03  7.66219288e+03
3538.94 9.31925007e-05  7.66223428e+03  7.66223439e+03
3932.16 -5.37049253e-05  7.66222779e+03  7.66222789e+03
4325.38 5.80587057e-05  7.66218565e+03  7.66218567e+03
4718.59 1.06022283e-05  7.66219764e+03  7.66219770e+03
5111.81 -3.11647878e-05  7.66220132e+03  7.66220102e+03
5505.02 -3.96116944e-05  7.66219688e+03  7.66219683e+03
5898.24 5.58909779e-05  7.66223936e+03  7.66223920e+03
6291.46 5.23077552e-05  7.66220154e+03  7.66220154e+03
7077.89 4.39865815e-05  7.66219696e+03  7.66219700e+03
7864.32 6.97027966e-05  7.66221752e+03  7.66221760e+03
8650.75 3.99624519e-05  7.66222591e+03  7.66222585e+03
9437.18 -6.74830933e-06  7.66223064e+03  7.66223081e+03
10223.6 -4.22576592e-05  7.66227812e+03  7.66227803e+03
11010 2.08550482e-05  7.66232618e+03  7.66232628e+03
11796.5 5.84385403e-06  7.66229560e+03  7.66229566e+03
12582.9 3.57499728e-05  7.66231297e+03  7.66231309e+03
14155.8 4.01346904e-05  7.66231618e+03  7.66231627e+03
15728.6 7.80275978e-06  7.66226428e+03  7.66226427e+03
17301.5 -1.64773686e-05  7.66226924e+03  7.66226932e+03
18874.4 9.85960656e-06  7.66222461e+03  7.66222463e+03
20447.2 6.28252441e-06  7.66226156e+03  7.66226149e+03
22020.1 5.89820851e-05  7.66225779e+03  7.66225786e+03
23593 4.37525554e-06  7.66224546e+03  7.66224554e+03
25165.8 2.31965447e-05  7.66218961e+03  7.66218967e+03
28311.6 2.86755947e-05  7.66216999e+03  7.66216999e+03
31457.3 -2.18748665e-05  7.66227467e+03  7.66227470e+03
34603 3.11341373e-05  7.66224126e+03  7.66224135e+03
37748.7 1.29703127e-05  7.66214458e+03  7.66214460e+03
40894.5 3.82129783e-05  7.66210533e+03  7.66210542e+03
44040.2 3.01343707e-05  7.66227054e+03  7.66227057e+03
47185.9 9.38867273e-06  7.66236045e+03  7.66236053e+03
50331.6 3.74066687e-05  7.66221543e+03  7.66221552e+03
56623.1 5.93731004e-06  7.66244892e+03  7.66244892e+03
62914.6 5.90060265e-05  7.66243749e+03  7.66243761e+03
69206 1.42926462e-05  7.66243449e+03  7.66243450e+03
75497.5 3.25365673e-05  7.66224345e+03  7.66224349e+03
81788.9 9.42808683e-06  7.66240102e+03  7.66240103e+03
88080.4 6.12530352e-05  7.66236011e+03  7.66236021e+03
94371.8 -2.31279923e-05  7.66229481e+03  7.66229472e+03
100663 -8.20836020e-07  7.66241079e+03  7.66241078e+03
113246 3.33146779e-05  7.66232579e+03  7.66232580e+03
125829 1.39191838e-05  7.66199226e+03  7.66199229e+03
138412 6.10299800e-06  7.66264819e+03  7.66264817e+03
150995 9.21321171e-06  7.66246693e+03  7.66246696e+03
163578 1.12941337e-05  7.66293488e+03  7.66293482e+03
176161 -3.34738311e-05  7.66267584e+03  7.66267579e+03

