0.000000000000000000e+00 3.190664065399887050e+01 9.674424169999999776e+02 1.001493630000000053e+03
6.000000000000000125e-03 3.155633275399886983e+01 9.671465849999999591e+02 1.000839090000000056e+03
1.200000000000000025e-02 3.052114205399886870e+01 9.662719640000000254e+02 9.989042540000000372e+02
1.799999999999999864e-02 2.884650995399886853e+01 9.648553530000000364e+02 9.957716659999999820e+02
2.400000000000000050e-02 2.660357535399887041e+01 9.629538909999999987e+02 9.915700689999999895e+02
2.999999999999999889e-02 2.388339955399886705e+01 9.606401180000000295e+02 9.864636890000000449e+02
3.599999999999999728e-02 2.079013245399886856e+01 9.579962540000000217e+02 9.806397090000000389e+02
4.200000000000000261e-02 1.743398725399886828e+01 9.551084919999999556e+02 9.742955719999999928e+02
4.800000000000000100e-02 1.392476925399886944e+01 9.520619860000000472e+02 9.676275070000000369e+02
5.399999999999999939e-02 1.036650225399886871e+01 9.489369759999999587e+02 9.608212819999999965e+02
5.999999999999999778e-02 6.853462553998869389e+00 9.458062579999999571e+02 9.540456930000000284e+02
6.600000000000000311e-02 3.467696853998869067e+00 9.427339709999999968e+02 9.474488400000000183e+02
7.199999999999999456e-02 2.779123719988694785e-01 9.397754879999999957e+02 9.411568559999999479e+02
7.799999999999999989e-02 -2.660515416001130617e+00 9.369780550000000403e+02 9.352745039999999790e+02
8.400000000000000522e-02 -5.304741256001130445e+00 9.343817970000000059e+02 9.298869210000000294e+02
8.999999999999999667e-02 -7.623191966001130027e+00 9.320207430000000386e+02 9.250618269999999939e+02
9.600000000000000200e-02 -9.503983846001130331e+00 9.299954739999999447e+02 9.210150129999999535e+02
1.079999999999999988e-01 -1.235688784600113088e+01 9.266903600000000552e+02 9.145910209999999552e+02
1.199999999999999956e-01 -1.375982614600113152e+01 9.246491750000000138e+02 9.109127099999999473e+02
1.320000000000000062e-01 -1.379141944600113057e+01 9.238944269999999506e+02 9.099299969999999576e+02
1.439999999999999891e-01 -1.262227684600113164e+01 9.243302009999999882e+02 9.113777029999999968e+02
1.559999999999999998e-01 -1.050732804600113113e+01 9.257437419999999975e+02 9.147865430000000515e+02
1.680000000000000104e-01 -7.767753746001130111e+00 9.278353889999999637e+02 9.195335189999999557e+02
1.799999999999999933e-01 -4.757621836001129978e+00 9.302711470000000418e+02 9.249298280000000432e+02
1.920000000000000040e-01 -1.908314146001130585e+00 9.326889179999999442e+02 9.301928349999999455e+02
2.159999999999999976e-01 2.636050073998869259e+00 9.367973030000000563e+02 9.389343380000000252e+02
2.399999999999999911e-01 4.834493663998869373e+00 9.393242930000000115e+02 9.438920540000000301e+02
2.640000000000000124e-01 5.011160903998869820e+00 9.403645209999999679e+02 9.454257320000000391e+02
2.879999999999999782e-01 4.218752413998870132e+00 9.405067940000000135e+02 9.450860239999999521e+02
3.119999999999999996e-01 3.386669973998869043e+00 9.403922400000000152e+02 9.443688329999999951e+02
3.360000000000000209e-01 2.859983233998869334e+00 9.403298439999999800e+02 9.438944470000000138e+02
3.599999999999999867e-01 2.459160153998869447e+00 9.401793139999999767e+02 9.433449209999999994e+02
3.840000000000000080e-01 1.792628363998869379e+00 9.395500980000000482e+02 9.419466609999999491e+02
4.319999999999999951e-01 -2.673601880113051985e-02 9.374976900000000342e+02 9.377710339999999860e+02
4.799999999999999822e-01 -1.373392376001130621e+00 9.356018780000000561e+02 9.342215459999999894e+02
5.280000000000000249e-01 -1.179140266001130533e+00 9.352872449999999844e+02 9.339425559999999678e+02
5.759999999999999565e-01 -2.143721330011305048e-01 9.360162390000000414e+02 9.356762099999999691e+02
6.239999999999999991e-01 5.303116269988694675e-01 9.369127489999999625e+02 9.375092210000000250e+02
6.720000000000000417e-01 9.195454539988694442e-01 9.376895610000000261e+02 9.388789669999999887e+02
7.199999999999999734e-01 9.162524449988694863e-01 9.379574280000000499e+02 9.392208020000000488e+02
7.680000000000000160e-01 5.114826159988694609e-01 9.374611210000000483e+02 9.382457699999999932e+02
8.639999999999999902e-01 2.648576119886947994e-02 9.366511130000000094e+02 9.367988890000000310e+02
9.599999999999999645e-01 1.096104669988694769e-01 9.365742539999999963e+02 9.367978940000000421e+02
1.056000000000000050e+00 2.895283279988694614e-01 9.368784699999999930e+02 9.373581299999999601e+02
1.151999999999999913e+00 2.836987869988694677e-01 9.369351870000000417e+02 9.374089800000000423e+02
1.247999999999999998e+00 1.471131269988694701e-01 9.367052009999999882e+02 9.370085679999999684e+02
1.344000000000000083e+00 1.339610299988694964e-01 9.366297610000000304e+02 9.369045909999999822e+02
1.439999999999999947e+00 1.756615729988694752e-01 9.367151659999999538e+02 9.370455240000000003e+02
1.536000000000000032e+00 1.712148739988694768e-01 9.367145719999999756e+02 9.370332439999999679e+02
1.727999999999999980e+00 1.392973519988694731e-01 9.366575309999999490e+02 9.369150309999999990e+02
1.919999999999999929e+00 1.524027799988694754e-01 9.366495099999999638e+02 9.369133779999999661e+02
2.112000000000000099e+00 1.525589269988694707e-01 9.366457149999999956e+02 9.368845479999999952e+02
2.303999999999999826e+00 1.681575649988694965e-01 9.366203960000000279e+02 9.368746149999999489e+02
2.495999999999999996e+00 1.712232839988694910e-01 9.366230020000000422e+02 9.368591310000000476e+02
2.688000000000000167e+00 1.929924839988694796e-01 9.366000639999999748e+02 9.368626400000000558e+02
2.879999999999999893e+00 1.916648429988694891e-01 9.365966989999999441e+02 9.368523820000000342e+02
3.072000000000000064e+00 2.014090029988694908e-01 9.365994819999999663e+02 9.368607210000000123e+02
3.455999999999999961e+00 2.137566659988694717e-01 9.366002760000000080e+02 9.368775920000000497e+02
3.839999999999999858e+00 2.206430019988694924e-01 9.366076349999999593e+02 9.369031609999999546e+02
4.224000000000000199e+00 2.259227479988694942e-01 9.366102389999999787e+02 9.369143340000000535e+02
4.607999999999999652e+00 2.247582869988694887e-01 9.366190890000000309e+02 9.369279400000000351e+02
4.991999999999999993e+00 2.221344349988694789e-01 9.366182430000000068e+02 9.369227309999999989e+02
5.376000000000000334e+00 2.204752599988694939e-01 9.366210310000000163e+02 9.369239460000000008e+02
5.759999999999999787e+00 2.202305039988694813e-01 9.366213119999999890e+02 9.369272079999999505e+02
6.144000000000000128e+00 2.171695489988694772e-01 9.366142429999999877e+02 9.369145200000000386e+02
6.911999999999999922e+00 2.126625769988694792e-01 9.366098799999999756e+02 9.369036119999999528e+02
7.679999999999999716e+00 2.101942459988694889e-01 9.366177709999999479e+02 9.369052460000000337e+02
8.448000000000000398e+00 2.069616209988694722e-01 9.366015979999999672e+02 9.368865889999999581e+02
9.215999999999999304e+00 2.062339339988694953e-01 9.366004189999999880e+02 9.368837969999999586e+02
9.983999999999999986e+00 2.061086369988694711e-01 9.365978910000000042e+02 9.368816120000000183e+02
1.075200000000000067e+01 2.030285499988694897e-01 9.366031480000000329e+02 9.368826229999999669e+02
1.151999999999999957e+01 2.030583829988694966e-01 9.366013390000000527e+02 9.368836410000000114e+02
1.228800000000000026e+01 2.026854779988694899e-01 9.365949960000000374e+02 9.368747700000000123e+02
1.382399999999999984e+01 2.005355239988694804e-01 9.365922020000000430e+02 9.368659810000000334e+02
1.535999999999999943e+01 1.990204779988694883e-01 9.365913910000000442e+02 9.368642569999999523e+02
1.689600000000000080e+01 1.965887899988694731e-01 9.365877199999999903e+02 9.368604820000000473e+02
1.843199999999999861e+01 1.938832339988694753e-01 9.365879049999999779e+02 9.368566230000000132e+02
1.996799999999999997e+01 1.938473289988694725e-01 9.365858490000000529e+02 9.368517970000000332e+02
2.150400000000000134e+01 1.925773749988694827e-01 9.365826289999999972e+02 9.368475419999999758e+02
2.303999999999999915e+01 1.909448159988694771e-01 9.365788909999999987e+02 9.368427140000000009e+02
2.457600000000000051e+01 1.902140129988694750e-01 9.365769350000000486e+02 9.368400259999999662e+02
2.764799999999999969e+01 1.884258689988694835e-01 9.365792050000000017e+02 9.368393579999999474e+02
3.071999999999999886e+01 1.880652359988694844e-01 9.365718339999999671e+02 9.368311390000000074e+02
3.379200000000000159e+01 1.866611769988694713e-01 9.365746490000000222e+02 9.368312170000000378e+02
3.686399999999999721e+01 1.846511099988694948e-01 9.365709640000000036e+02 9.368257740000000240e+02
3.993599999999999994e+01 1.846197039988694832e-01 9.365664910000000418e+02 9.368230730000000221e+02
4.300800000000000267e+01 1.833798369988694776e-01 9.365649079999999458e+02 9.368178060000000187e+02
4.607999999999999829e+01 1.813566459988694701e-01 9.365690260000000080e+02 9.368209980000000314e+02
4.915200000000000102e+01 1.797777509988694733e-01 9.365641349999999647e+02 9.368140339999999924e+02
5.529599999999999937e+01 1.776953919988694952e-01 9.365610090000000127e+02 9.368087679999999864e+02
6.143999999999999773e+01 1.761354759988694729e-01 9.365580270000000382e+02 9.368036909999999580e+02
6.758400000000000318e+01 1.750422449988694729e-01 9.365543790000000399e+02 9.367979540000000043e+02
7.372799999999999443e+01 1.737674269988694897e-01 9.365520060000000058e+02 9.367947709999999688e+02
7.987199999999999989e+01 1.723070429988694807e-01 9.365490630000000465e+02 9.367878680000000031e+02
8.601600000000000534e+01 1.704898389988694918e-01 9.365456090000000131e+02 9.367820319999999583e+02
9.215999999999999659e+01 1.684905179988694934e-01 9.365481859999999870e+02 9.367833660000000009e+02
9.830400000000000205e+01 1.670157299988694888e-01 9.365448089999999866e+02 9.367769869999999628e+02
1.105919999999999987e+02 1.642515279988694954e-01 9.365421330000000353e+02 9.367703269999999520e+02
1.228799999999999955e+02 1.617538999988694937e-01 9.365368969999999536e+02 9.367623009999999795e+02
1.351680000000000064e+02 1.596372879988694760e-01 9.365350799999999936e+02 9.367573059999999714e+02
1.474559999999999889e+02 1.566724279988694901e-01 9.365319799999999759e+02 9.367505670000000464e+02
1.597439999999999998e+02 1.542838219988694748e-01 9.365288649999999961e+02 9.367447630000000345e+02
1.720320000000000107e+02 1.522801789988694754e-01 9.365246799999999894e+02 9.367371570000000247e+02
1.843199999999999932e+02 1.498526089988694854e-01 9.365248629999999821e+02 9.367352170000000342e+02
1.966080000000000041e+02 1.471696279988694844e-01 9.365210049999999455e+02 9.367275540000000547e+02
2.211839999999999975e+02 1.427557309988694845e-01 9.365121890000000349e+02 9.367125019999999722e+02
2.457599999999999909e+02 1.389529269988694915e-01 9.365026769999999487e+02 9.366979609999999639e+02
2.703360000000000127e+02 1.354128689988694789e-01 9.364986979999999903e+02 9.366891429999999445e+02
2.949119999999999777e+02 1.315313559988694758e-01 9.364937559999999621e+02 9.366783090000000129e+02
3.194879999999999995e+02 1.290353419988694850e-01 9.364886639999999716e+02 9.366694370000000163e+02
3.440640000000000214e+02 1.257743519988694936e-01 9.364799580000000105e+02 9.366565289999999777e+02
3.686399999999999864e+02 1.221356849988694815e-01 9.364736390000000483e+02 9.366448870000000397e+02
3.932160000000000082e+02 1.193433639988694811e-01 9.364689379999999801e+02 9.366370379999999614e+02
4.423679999999999950e+02 1.135516989988694797e-01 9.364571889999999712e+02 9.366183280000000195e+02
4.915199999999999818e+02 1.083532119988694781e-01 9.364526059999999461e+02 9.366079620000000432e+02
5.406720000000000255e+02 1.027565009988694877e-01 9.364439840000000004e+02 9.365926009999999451e+02
5.898239999999999554e+02 9.754622499886948794e-02 9.364378010000000359e+02 9.365791329999999562e+02
6.389759999999999991e+02 9.288930929886948795e-02 9.364308720000000221e+02 9.365657230000000482e+02
6.881280000000000427e+02 8.874819799886948801e-02 9.364266949999999952e+02 9.365554509999999482e+02
7.372799999999999727e+02 8.520172189886948688e-02 9.364187590000000228e+02 9.365421239999999443e+02
7.864320000000000164e+02 8.175338499886948551e-02 9.364101329999999734e+02 9.365278779999999870e+02
8.847359999999999900e+02 7.515925989886948488e-02 9.363932119999999486e+02 9.365007369999999582e+02
9.830399999999999636e+02 6.946885349886948446e-02 9.363860770000000002e+02 9.364867460000000392e+02
1.081339999999999918e+03 6.427568859886947927e-02 9.363790619999999763e+02 9.364736860000000434e+02
1.179650000000000091e+03 5.997854299886947599e-02 9.363780309999999645e+02 9.364662730000000010e+02
1.277950000000000045e+03 5.581818049886947547e-02 9.363780349999999544e+02 9.364588959999999815e+02
1.376259999999999991e+03 5.121828369886947951e-02 9.363753420000000460e+02 9.364495670000000018e+02
1.474559999999999945e+03 4.732339749886947666e-02 9.363783419999999751e+02 9.364485519999999497e+02
1.572859999999999900e+03 4.442224199886947444e-02 9.363733660000000327e+02 9.364396779999999580e+02
1.769470000000000027e+03 3.991100739886947746e-02 9.363649050000000216e+02 9.364247000000000298e+02
1.966079999999999927e+03 3.543310789886947726e-02 9.363571349999999711e+02 9.364112310000000434e+02
2.162690000000000055e+03 3.194202819886947375e-02 9.363512690000000021e+02 9.363991330000000062e+02
2.359300000000000182e+03 2.814451919886947970e-02 9.363499960000000328e+02 9.363915690000000041e+02
2.555900000000000091e+03 2.466563099886948107e-02 9.363551949999999806e+02 9.363910009999999602e+02
2.752510000000000218e+03 2.202267049886948158e-02 9.363556009999999787e+02 9.363867820000000393e+02
2.949119999999999891e+03 2.026139509886948006e-02 9.363477229999999736e+02 9.363769979999999578e+02
3.145730000000000018e+03 1.905169989886948065e-02 9.363361310000000231e+02 9.363637559999999667e+02
3.538940000000000055e+03 1.777785959886947834e-02 9.362959720000000061e+02 9.363210119999999961e+02
3.932159999999999854e+03 1.667367079886947906e-02 9.362971730000000434e+02 9.363224229999999579e+02
4.325380000000000109e+03 1.529646339886948057e-02 9.363227889999999434e+02 9.363487219999999525e+02
4.718590000000000146e+03 1.523534079886947924e-02 9.363255169999999907e+02 9.363525170000000344e+02
5.111810000000000400e+03 1.468797099886948003e-02 9.363182910000000447e+02 9.363440150000000131e+02
5.505020000000000437e+03 1.154775649886947975e-02 9.363319520000000011e+02 9.363521210000000110e+02
5.898239999999999782e+03 8.971405208869480744e-03 9.363521540000000414e+02 9.363643869999999652e+02
6.291460000000000036e+03 6.909779658869480250e-03 9.364097170000000006e+02 9.364161219999999730e+02
7.077890000000000327e+03 3.301018078869479271e-03 9.364445590000000266e+02 9.364418990000000349e+02
7.864319999999999709e+03 3.409781608869479324e-03 9.364370499999999993e+02 9.364322519999999486e+02
8.650750000000000000e+03 4.917480398869480095e-03 9.364250849999999673e+02 9.364219339999999647e+02
9.437180000000000291e+03 3.281774038869479573e-03 9.364284059999999954e+02 9.364225599999999758e+02
1.022360000000000036e+04 4.482349478869479716e-03 9.364049999999999727e+02 9.364003820000000360e+02
1.101000000000000000e+04 5.834128998869480241e-03 9.363952070000000276e+02 9.363964620000000423e+02
1.179650000000000000e+04 5.970524908869480167e-03 9.364116219999999657e+02 9.364177190000000337e+02
1.258289999999999964e+04 7.250386508869479697e-03 9.364132329999999911e+02 9.364195789999999988e+02
1.415579999999999927e+04 6.714752528869479507e-03 9.363724180000000388e+02 9.363768420000000106e+02
1.572860000000000036e+04 4.317482548869479471e-03 9.364255150000000185e+02 9.364243440000000192e+02
1.730150000000000000e+04 3.488499848869479423e-03 9.364392139999999927e+02 9.364461740000000418e+02
1.887440000000000146e+04 -2.060050551130520463e-03 9.364619440000000168e+02 9.364559249999999793e+02
2.044720000000000073e+04 -8.504904751305205094e-04 9.364958050000000185e+02 9.364807489999999461e+02
2.202009999999999854e+04 1.850258708869479633e-03 9.363678370000000086e+02 9.363614910000000009e+02
2.359300000000000000e+04 4.270418358869479923e-03 9.363623179999999593e+02 9.363648709999999937e+02
2.516579999999999927e+04 7.101669178869479682e-03 9.363930050000000165e+02 9.364018889999999828e+02
2.831159999999999854e+04 4.638224728869480215e-03 9.365575420000000122e+02 9.365614369999999553e+02
3.145729999999999927e+04 2.265675788869479269e-03 9.366845260000000053e+02 9.366855649999999969e+02
3.460300000000000000e+04 -3.788152391130520692e-03 9.366762089999999716e+02 9.366701279999999770e+02
3.774869999999999709e+04 -5.254448721130519986e-03 9.366052700000000186e+02 9.365976110000000290e+02
4.089450000000000000e+04 -8.883738481130519504e-03 9.364811789999999974e+02 9.364657859999999800e+02
4.404019999999999709e+04 -6.026879171130520088e-03 9.362467679999999746e+02 9.362291880000000219e+02
4.718590000000000146e+04 -4.324171441130520051e-03 9.363716570000000274e+02 9.363646390000000110e+02
5.033159999999999854e+04 -3.416682611130520634e-03 9.363210990000000038e+02 9.363118960000000470e+02
5.662309999999999854e+04 8.862012828694794484e-04 9.359439459999999826e+02 9.359493370000000141e+02
6.291459999999999854e+04 -1.898549821130520593e-03 9.359370069999999942e+02 9.359416169999999511e+02
6.920600000000000000e+04 -3.029489591305205439e-04 9.356258299999999508e+02 9.356345049999999901e+02
7.549750000000000000e+04 6.933669748869480259e-03 9.356712880000000041e+02 9.356849979999999505e+02
8.178889999999999418e+04 1.264720138869479494e-03 9.357565540000000510e+02 9.357533809999999903e+02
8.808039999999999418e+04 3.216586688869479266e-03 9.356698979999999892e+02 9.356728859999999486e+02
9.437180000000000291e+04 3.776229388869479456e-03 9.357622460000000046e+02 9.357687069999999494e+02
1.006630000000000000e+05 3.120941008869479276e-03 9.364900659999999561e+02 9.364905569999999670e+02
1.132460000000000000e+05 -1.277191351130520496e-03 9.368338439999999991e+02 9.368253339999999980e+02
1.258290000000000000e+05 2.820513258869479425e-03 9.366088889999999765e+02 9.366189729999999827e+02
1.384120000000000000e+05 3.694323978869479622e-03 9.364594150000000354e+02 9.364594080000000531e+02
1.509950000000000000e+05 -9.405473241305205116e-04 9.363144569999999476e+02 9.363145369999999730e+02
1.635780000000000000e+05 -5.557333151130519795e-03 9.371651369999999588e+02 9.371461209999999937e+02
1.761610000000000000e+05 -8.915680901130519642e-03 9.371376209999999674e+02 9.371231199999999717e+02
1.887440000000000000e+05 -4.570672691305205154e-04 9.367972620000000461e+02 9.367916699999999537e+02
2.013270000000000000e+05 1.203740638869479473e-03 9.368072969999999486e+02 9.368114630000000034e+02
2.264920000000000000e+05 -2.077479401305205127e-04 9.365214919999999665e+02 9.365110959999999523e+02
2.516580000000000000e+05 3.104445858869479390e-03 9.374130169999999680e+02 9.374068290000000161e+02
2.768240000000000000e+05 3.657542208869479609e-03 9.382356869999999844e+02 9.382368300000000545e+02
3.019900000000000000e+05 -4.245026641130520036e-03 9.395351610000000164e+02 9.395310130000000299e+02
3.271560000000000000e+05 -4.111175911130519889e-03 9.404593670000000429e+02 9.404617779999999811e+02
3.523220000000000000e+05 -2.348962321130520624e-03 9.419076410000000124e+02 9.419050140000000511e+02
