0.03 0.001067421406081793
0.069 0.005345847972684274
0.12 0.014542087111305205
0.186 0.030280587073046945
0.271 0.054841455623893046
0.383 0.0911123068993917
0.527 0.1393023219146355
0.716 0.2036536578276607
0.96 0.28738932142725626
1.2790000000000001 0.3978867311794485
1.692 0.541405609849472
2.23 0.734133756219761
2.9290000000000003 0.9849502344688462
3.837 1.3152161020781992
5.019 1.7458443329471653
6.554 2.316404763363136
8.55 3.0654672245349404
11.146 4.035329974810569
14.519 5.302663060957741
18.905 6.96694139514776
24.606 9.061004938684185
32.018 11.826950601518908
41.654 15.3982455786085
54.18 20.073456040049095
70.464 26.191178670458445
91.633 34.090685217373085
119.153 44.2190290428476
154.929 57.660550478797596
201.43800000000002 75.13621977632897
261.9 97.75989454502422
340.499 127.58023411035067
442.67900000000003 166.09549880287443
575.513 215.7118651972438
748.197 279.0814495109785
972.686 363.08276449306936
1264.522 474.56071331132193
1643.9080000000001 616.0907275488107
2137.111 801.2808206894074
2778.274 1042.9794938725565
2778.3740000000003 1043.0008174557001
5556.7480000000005 2088.8358455775074
8335.122 3138.32063545553
11113.496000000001 4192.786915428551
13891.87 5235.944573902572
16670.244 6281.395891898068
19448.618000000002 7326.240869553141
22226.992000000002 8371.961309407461
25005.366 9417.072598724693
27783.74 10461.988023886164
30562.114 11509.913760369638
33340.488 12555.759405448509
36118.862 13603.448926889958
38897.236000000004 14659.534459962668
41675.61 15706.723995942366
44453.984000000004 16739.96025166574
47232.358 17768.484133254107
50010.732 18796.516574054924
52789.106 19832.085281131025
55567.48 20875.825536287466
58345.854 21922.37426091451
61124.228 22969.026125112727
63902.602 24018.895177346658
66680.976 25067.397322519635
69459.35 26117.447246231513
72237.724 27177.462407254217
75016.098 28233.280401024567
77794.47200000001 29289.134731938037
80572.846 30331.229853184137
83351.22 31394.90186274895
86129.594 32449.865224714158
88907.96800000001 33520.53183509315
91686.342 34582.53759506975
94464.716 35651.35103694634
97243.09 36732.18948262999
100021.464 37812.99359353287
102799.838 38881.032623840314
105578.212 39963.20043424759
108356.586 41044.30329705459
111134.96 42144.20186978938
113913.334 43243.07313391399
116691.708 44328.59170551391
119470.08200000001 45411.27264411502
122248.456 46484.72626950157
125026.83 47570.13971500524
127805.204 48648.07939802261
130583.57800000001 49734.802344434655
133361.952 50800.497897160596
136140.326 51858.102307363435
138918.7 52915.96182635944
141697.074 53965.40088677696
144475.448 54978.51983985647
147253.82200000001 56007.71435728327
150032.196 57019.39978483988
152810.57 58045.0928242077
155588.94400000002 59078.25943581847
158367.318 60104.986129469406
161145.692 61148.493886301396
163924.066 62181.63862097181
166702.44 63214.3408251156
169480.814 64264.904594433196
172259.188 65293.454604764374
175037.562 66259.61500947968
177815.93600000002 67220.58056941486
180594.31 68222.84404897965
183372.684 69319.83695627788
186151.058 70484.29619253264
188929.432 71690.84418622695
191707.806 72770.13297615737
194486.18 73738.16869487133
197264.554 74641.56340202517
