0.000000000000000000e+00 2.268899773313808410e+01 1.123001260000000002e+03 1.147435140000000047e+03
6.000000000000000125e-03 2.244416753313808144e+01 1.122800559999999905e+03 1.146979430000000093e+03
1.200000000000000025e-02 2.171915433313808208e+01 1.122205709999999954e+03 1.145629269999999906e+03
1.799999999999999864e-02 2.054136843313808214e+01 1.121237350000000106e+03 1.143433410000000094e+03
2.400000000000000050e-02 1.895410063313808280e+01 1.119927830000000085e+03 1.140468540000000075e+03
2.999999999999999889e-02 1.701357973313808358e+01 1.118318890000000010e+03 1.136834070000000111e+03
3.599999999999999728e-02 1.478538183313808396e+01 1.116459000000000060e+03 1.132645780000000059e+03
4.200000000000000261e-02 1.234059393313808251e+01 1.114400380000000041e+03 1.128029039999999895e+03
4.800000000000000100e-02 9.752113133138083256e+00 1.112196380000000090e+03 1.123112409999999954e+03
5.399999999999999939e-02 7.091389743138083013e+00 1.109899159999999938e+03 1.118021979999999985e+03
5.999999999999999778e-02 4.425821053138083272e+00 1.107557949999999892e+03 1.112877030000000104e+03
6.600000000000000311e-02 1.816890753138082681e+00 1.105218020000000024e+03 1.107786970000000110e+03
7.199999999999999456e-02 -6.809518358619172096e-01 1.102920159999999896e+03 1.102849699999999984e+03
7.799999999999999989e-02 -3.020758446861917523e+00 1.100700659999999971e+03 1.098151010000000042e+03
8.400000000000000522e-02 -5.163033156861916773e+00 1.098591689999999971e+03 1.093764989999999898e+03
8.999999999999999667e-02 -7.075332686861917075e+00 1.096621769999999970e+03 1.089754789999999957e+03
9.600000000000000200e-02 -8.662661286861917276e+00 1.094863139999999930e+03 1.086292189999999891e+03
1.079999999999999988e-01 -1.112610346686191676e+01 1.091843699999999899e+03 1.080603929999999991e+03
1.199999999999999956e-01 -1.239578586686191741e+01 1.089719830000000002e+03 1.077055190000000039e+03
1.320000000000000062e-01 -1.244955386686191723e+01 1.088596819999999980e+03 1.075777329999999893e+03
1.439999999999999891e-01 -1.134483796686191681e+01 1.088518190000000004e+03 1.076755329999999958e+03
1.559999999999999998e-01 -9.225511136861916484e+00 1.089447769999999991e+03 1.079804039999999986e+03
1.680000000000000104e-01 -6.324543636861917228e+00 1.091260009999999966e+03 1.084557260000000042e+03
1.799999999999999933e-01 -2.953275676861917276e+00 1.093746239999999943e+03 1.090486380000000054e+03
1.920000000000000040e-01 4.638264661380828158e-01 1.096668229999999994e+03 1.096924490000000105e+03
2.159999999999999976e-01 6.209702763138083448e+00 1.102413230000000112e+03 1.108643759999999929e+03
2.399999999999999911e-01 9.020274673138082733e+00 1.106807700000000068e+03 1.116088520000000017e+03
2.640000000000000124e-01 8.534475383138083515e+00 1.108916690000000017e+03 1.117906240000000025e+03
2.879999999999999782e-01 5.800257073138083364e+00 1.108691630000000032e+03 1.115047790000000077e+03
3.119999999999999996e-01 2.324961943138082798e+00 1.106671520000000100e+03 1.109543529999999919e+03
3.360000000000000209e-01 -6.485585578619171843e-01 1.103774300000000039e+03 1.103574749999999995e+03
3.599999999999999867e-01 -2.432415266861917225e+00 1.100964459999999917e+03 1.098828289999999924e+03
3.840000000000000080e-01 -2.700100676861917126e+00 1.099068760000000111e+03 1.096485069999999951e+03
4.319999999999999951e-01 -1.647004096861917288e+00 1.097371090000000095e+03 1.095528589999999895e+03
4.799999999999999822e-01 -2.460352938619171925e-01 1.098354370000000017e+03 1.097842219999999998e+03
5.280000000000000249e-01 6.376714531380828221e-01 1.100654549999999972e+03 1.101235429999999951e+03
5.759999999999999565e-01 1.405518083138082686e+00 1.102838150000000041e+03 1.104471260000000029e+03
6.239999999999999991e-01 1.292639043138082755e+00 1.103279569999999921e+03 1.104896940000000086e+03
6.720000000000000417e-01 1.673011491380828053e-01 1.101691669999999931e+03 1.102026159999999891e+03
7.199999999999999734e-01 -9.145214458619171927e-01 1.099633260000000064e+03 1.098668709999999919e+03
7.680000000000000160e-01 -6.551738908619172408e-01 1.099371740000000045e+03 1.098632520000000113e+03
8.639999999999999902e-01 5.211650061380828092e-01 1.101070459999999912e+03 1.101680029999999988e+03
9.599999999999999645e-01 1.247645891380828043e-01 1.101238450000000057e+03 1.101495339999999942e+03
1.056000000000000050e+00 -2.259953158619172064e-01 1.100167899999999918e+03 1.099939640000000054e+03
1.151999999999999913e+00 1.472265581380828026e-01 1.100577140000000099e+03 1.100798659999999927e+03
1.247999999999999998e+00 3.681104953808279207e-02 1.100836919999999964e+03 1.100970949999999903e+03
1.344000000000000083e+00 -3.331016176191720773e-02 1.100520009999999957e+03 1.100531289999999899e+03
1.439999999999999947e+00 1.137648333808279413e-02 1.100475030000000061e+03 1.100556250000000091e+03
1.536000000000000032e+00 1.636125263808279467e-02 1.100578999999999951e+03 1.100662309999999934e+03
1.727999999999999980e+00 9.278078308082794018e-03 1.100527180000000044e+03 1.100592210000000023e+03
1.919999999999999929e+00 2.048622053808279303e-02 1.100539649999999938e+03 1.100615710000000036e+03
2.112000000000000099e+00 3.341269073808279116e-02 1.100518190000000004e+03 1.100604579999999942e+03
2.303999999999999826e+00 4.841496213808279409e-02 1.100505169999999907e+03 1.100592669999999998e+03
2.495999999999999996e+00 5.837969693808279376e-02 1.100491940000000113e+03 1.100589230000000043e+03
2.688000000000000167e+00 6.763794673808280755e-02 1.100492240000000038e+03 1.100590079999999944e+03
2.879999999999999893e+00 7.991792963808280748e-02 1.100481559999999945e+03 1.100589130000000068e+03
3.072000000000000064e+00 8.560589383808279995e-02 1.100475419999999986e+03 1.100581570000000056e+03
3.455999999999999961e+00 8.926847023808280601e-02 1.100473760000000084e+03 1.100580050000000028e+03
3.839999999999999858e+00 8.623411133808280005e-02 1.100473790000000008e+03 1.100577089999999998e+03
4.224000000000000199e+00 7.950673613808280360e-02 1.100475609999999961e+03 1.100572660000000042e+03
4.607999999999999652e+00 6.732320323808280160e-02 1.100481029999999919e+03 1.100568880000000036e+03
4.991999999999999993e+00 5.919888563808279464e-02 1.100475480000000061e+03 1.100559709999999995e+03
5.376000000000000334e+00 5.295477413808279132e-02 1.100478669999999966e+03 1.100552500000000009e+03
5.759999999999999787e+00 5.190413413808279280e-02 1.100471080000000029e+03 1.100543120000000044e+03
6.144000000000000128e+00 4.943114983808279128e-02 1.100472160000000031e+03 1.100540379999999914e+03
6.911999999999999922e+00 4.772864673808279584e-02 1.100461720000000014e+03 1.100525319999999965e+03
7.679999999999999716e+00 4.997030843808279721e-02 1.100451479999999947e+03 1.100518010000000004e+03
8.448000000000000398e+00 4.614845173808279633e-02 1.100447769999999991e+03 1.100508370000000014e+03
9.215999999999999304e+00 4.537851913808279430e-02 1.100443130000000110e+03 1.100504750000000058e+03
9.983999999999999986e+00 4.187829253808279112e-02 1.100447719999999890e+03 1.100505149999999958e+03
1.075200000000000067e+01 3.995713293808279137e-02 1.100439849999999979e+03 1.100497239999999920e+03
1.151999999999999957e+01 3.787159363808279694e-02 1.100437239999999974e+03 1.100489739999999983e+03
1.228800000000000026e+01 3.547854333808279220e-02 1.100432039999999915e+03 1.100480579999999918e+03
1.382399999999999984e+01 3.441018263808279243e-02 1.100430659999999989e+03 1.100478049999999939e+03
1.535999999999999943e+01 3.313630423808279490e-02 1.100427899999999909e+03 1.100472620000000006e+03
1.689600000000000080e+01 3.084835733808279426e-02 1.100427400000000034e+03 1.100469939999999951e+03
1.843199999999999861e+01 2.942641973808279507e-02 1.100424040000000105e+03 1.100464089999999942e+03
1.996799999999999997e+01 2.766904363808279574e-02 1.100420519999999897e+03 1.100459970000000112e+03
2.150400000000000134e+01 2.696624893808279369e-02 1.100413770000000113e+03 1.100451700000000073e+03
2.303999999999999915e+01 2.528753403808279426e-02 1.100415050000000065e+03 1.100451250000000073e+03
2.457600000000000051e+01 2.383183313808279538e-02 1.100413669999999911e+03 1.100448309999999992e+03
2.764799999999999969e+01 2.328848673808279340e-02 1.100409270000000106e+03 1.100442140000000109e+03
3.071999999999999886e+01 2.076647893808279341e-02 1.100407870000000003e+03 1.100437820000000102e+03
3.379200000000000159e+01 1.998210563808279494e-02 1.100405909999999949e+03 1.100434250000000020e+03
3.686399999999999721e+01 1.839856033808279570e-02 1.100404430000000048e+03 1.100431129999999939e+03
3.993599999999999994e+01 1.690392863808279356e-02 1.100399930000000040e+03 1.100424719999999979e+03
4.300800000000000267e+01 1.739084943808279562e-02 1.100398979999999938e+03 1.100423829999999953e+03
4.607999999999999829e+01 1.606084933808279297e-02 1.100396430000000009e+03 1.100420910000000049e+03
4.915200000000000102e+01 1.515925793808279437e-02 1.100394369999999981e+03 1.100415880000000016e+03
5.529599999999999937e+01 1.420138203808279410e-02 1.100392689999999902e+03 1.100412350000000060e+03
6.143999999999999773e+01 1.328839123808279489e-02 1.100390329999999949e+03 1.100409969999999930e+03
6.758400000000000318e+01 1.247374243808279347e-02 1.100386559999999918e+03 1.100405189999999948e+03
7.372799999999999443e+01 1.138936213808279356e-02 1.100385800000000017e+03 1.100402119999999968e+03
7.987199999999999989e+01 9.858813228082794963e-03 1.100383829999999989e+03 1.100399220000000014e+03
8.601600000000000534e+01 9.819468528082794107e-03 1.100383340000000089e+03 1.100397789999999986e+03
9.215999999999999659e+01 9.808283378082793477e-03 1.100379830000000084e+03 1.100395119999999906e+03
9.830400000000000205e+01 9.326979478082794706e-03 1.100378030000000081e+03 1.100391190000000051e+03
1.105919999999999987e+02 8.140634728082794466e-03 1.100374219999999923e+03 1.100385579999999891e+03
1.228799999999999955e+02 8.042225818082794284e-03 1.100369609999999966e+03 1.100380940000000010e+03
1.351680000000000064e+02 7.469037098082794909e-03 1.100368750000000091e+03 1.100379310000000032e+03
1.474559999999999889e+02 6.696650598082795267e-03 1.100364520000000084e+03 1.100374900000000025e+03
1.597439999999999998e+02 6.115365648082795105e-03 1.100362300000000005e+03 1.100371560000000045e+03
1.720320000000000107e+02 5.848020418082794727e-03 1.100359140000000025e+03 1.100368019999999888e+03
1.843199999999999932e+02 5.646870908082794738e-03 1.100357240000000047e+03 1.100365620000000035e+03
1.966080000000000041e+02 5.280942568082795489e-03 1.100354669999999942e+03 1.100362489999999980e+03
2.211839999999999975e+02 4.964558628082794967e-03 1.100348379999999906e+03 1.100355649999999969e+03
2.457599999999999909e+02 4.543436758082794978e-03 1.100344180000000051e+03 1.100350770000000011e+03
2.703360000000000127e+02 4.184529168082795278e-03 1.100341139999999996e+03 1.100346909999999980e+03
2.949119999999999777e+02 4.019312918082795262e-03 1.100337320000000091e+03 1.100343139999999948e+03
3.194879999999999995e+02 4.152947898082795346e-03 1.100333959999999934e+03 1.100340729999999894e+03
3.440640000000000214e+02 3.797560668082794553e-03 1.100332419999999956e+03 1.100338770000000068e+03
3.686399999999999864e+02 3.751088548082794506e-03 1.100331840000000057e+03 1.100337119999999913e+03
3.932160000000000082e+02 3.548813278082794693e-03 1.100328839999999900e+03 1.100334170000000086e+03
4.423679999999999950e+02 2.848709108082794501e-03 1.100329349999999977e+03 1.100333260000000109e+03
4.915199999999999818e+02 2.450135318082794899e-03 1.100330590000000029e+03 1.100333949999999959e+03
5.406720000000000255e+02 1.992237198082794526e-03 1.100328880000000026e+03 1.100331370000000106e+03
5.898239999999999554e+02 1.529681038082794913e-03 1.100328340000000026e+03 1.100330510000000004e+03
6.389759999999999991e+02 1.554310348082794946e-03 1.100330089999999927e+03 1.100331470000000081e+03
6.881280000000000427e+02 1.595997498082794884e-03 1.100329469999999901e+03 1.100331010000000106e+03
7.372799999999999727e+02 1.596668068082794916e-03 1.100329359999999951e+03 1.100331670000000031e+03
7.864320000000000164e+02 1.506664888082795027e-03 1.100331190000000106e+03 1.100333319999999958e+03
8.847359999999999900e+02 1.442650588082794883e-03 1.100337060000000065e+03 1.100339019999999891e+03
9.830399999999999636e+02 1.150750788082794849e-03 1.100341390000000047e+03 1.100342750000000024e+03
1.081339999999999918e+03 1.315242118082794948e-03 1.100341589999999997e+03 1.100343219999999974e+03
1.179650000000000091e+03 1.033481978082795034e-03 1.100339089999999942e+03 1.100340439999999944e+03
1.277950000000000045e+03 7.239957230827947674e-04 1.100340320000000020e+03 1.100341149999999971e+03
1.376259999999999991e+03 5.046321860827947649e-04 1.100333129999999983e+03 1.100334419999999909e+03
1.474559999999999945e+03 2.469189780827948737e-04 1.100336589999999887e+03 1.100337479999999914e+03
1.572859999999999900e+03 2.520630620827948669e-04 1.100350059999999985e+03 1.100350410000000011e+03
1.769470000000000027e+03 -1.431649270172051459e-04 1.100350439999999935e+03 1.100350460000000112e+03
1.966079999999999927e+03 -5.190830797720514492e-05 1.100340470000000096e+03 1.100340899999999920e+03
2.162690000000000055e+03 2.094901008279486125e-05 1.100342789999999923e+03 1.100343149999999923e+03
2.359300000000000182e+03 -8.964680471720514582e-05 1.100346039999999903e+03 1.100346180000000004e+03
2.555900000000000091e+03 6.046056308279485554e-05 1.100357240000000047e+03 1.100357940000000099e+03
2.752510000000000218e+03 8.695697108279484995e-05 1.100349420000000009e+03 1.100350370000000112e+03
2.949119999999999891e+03 -3.906272909172051467e-04 1.100346389999999928e+03 1.100346430000000055e+03
3.145730000000000018e+03 7.685972908279485973e-05 1.100345849999999928e+03 1.100346340000000055e+03
3.538940000000000055e+03 7.277061208279485868e-05 1.100342579999999998e+03 1.100342879999999923e+03
3.932159999999999854e+03 3.637636630827948553e-04 1.100345010000000002e+03 1.100345420000000104e+03
4.325380000000000109e+03 1.749341720827948614e-04 1.100347389999999905e+03 1.100347940000000108e+03
4.718590000000000146e+03 -1.091441851172051449e-04 1.100335929999999962e+03 1.100336340000000064e+03
5.111810000000000400e+03 -1.820168599172051647e-04 1.100325880000000097e+03 1.100326119999999946e+03
5.505020000000000437e+03 -3.156987509172051514e-04 1.100334689999999910e+03 1.100334810000000061e+03
5.898239999999999782e+03 -4.383125429172051173e-04 1.100354409999999916e+03 1.100354779999999892e+03
6.291460000000000036e+03 -3.287953799172051161e-04 1.100359009999999898e+03 1.100359410000000025e+03
7.077890000000000327e+03 -2.159901079172051172e-04 1.100378619999999955e+03 1.100378809999999930e+03
7.864319999999999709e+03 3.035630750827948742e-04 1.100409450000000106e+03 1.100410049999999956e+03
8.650750000000000000e+03 1.517032250827948445e-04 1.100400959999999941e+03 1.100400900000000092e+03
9.437180000000000291e+03 7.420226808279484665e-05 1.100384440000000041e+03 1.100384639999999990e+03
1.022360000000000036e+04 -1.116560739172051369e-04 1.100348019999999906e+03 1.100348030000000108e+03
1.101000000000000000e+04 -1.588493659172051427e-04 1.100335299999999961e+03 1.100335849999999937e+03
1.179650000000000000e+04 -2.686541799172051641e-04 1.100312899999999900e+03 1.100312930000000051e+03
1.258289999999999964e+04 -1.929073599172051174e-04 1.100358629999999948e+03 1.100358349999999973e+03
1.415579999999999927e+04 -1.130304752172051394e-04 1.100350449999999910e+03 1.100350410000000011e+03
1.572860000000000036e+04 2.224710488279486474e-05 1.100323069999999916e+03 1.100323270000000093e+03
1.730150000000000000e+04 1.297882030827948686e-04 1.100324910000000045e+03 1.100325460000000021e+03
1.887440000000000146e+04 -6.426179759720514705e-05 1.100356029999999919e+03 1.100355829999999969e+03
2.044720000000000073e+04 -1.150532024172051468e-04 1.100374870000000101e+03 1.100374700000000075e+03
2.202009999999999854e+04 -2.818538619172051294e-04 1.100393379999999979e+03 1.100393109999999979e+03
2.359300000000000000e+04 -1.501527065172051408e-04 1.100369619999999941e+03 1.100369329999999991e+03
2.516579999999999927e+04 2.253645378279485782e-05 1.100364649999999983e+03 1.100365170000000035e+03
2.831159999999999854e+04 -1.369574786172051372e-04 1.100380329999999958e+03 1.100380220000000008e+03
3.145729999999999927e+04 2.481610718279485348e-05 1.100369189999999890e+03 1.100369359999999915e+03
3.460300000000000000e+04 -9.072241461720514184e-05 1.100371990000000096e+03 1.100372020000000020e+03
3.774869999999999709e+04 3.721212368279486335e-05 1.100381159999999909e+03 1.100381290000000035e+03
4.089450000000000000e+04 -7.775951341720513832e-05 1.100342910000000074e+03 1.100343339999999898e+03
4.404019999999999709e+04 1.455332050827948666e-04 1.100373109999999997e+03 1.100373289999999997e+03
4.718590000000000146e+04 1.360663560827948771e-04 1.100310140000000047e+03 1.100309999999999945e+03
5.033159999999999854e+04 1.264157980827948394e-04 1.100400939999999991e+03 1.100401129999999966e+03
5.662309999999999854e+04 -1.295706633172051395e-04 1.100466869999999972e+03 1.100467000000000098e+03
6.291459999999999854e+04 1.078842100827948552e-04 1.100575849999999946e+03 1.100576070000000072e+03
6.920600000000000000e+04 -1.505128266172051305e-04 1.100543589999999995e+03 1.100543650000000071e+03
7.549750000000000000e+04 -4.972884217205143851e-06 1.100522339999999986e+03 1.100522470000000112e+03
8.178889999999999418e+04 1.918927788279485428e-05 1.100409930000000031e+03 1.100409730000000081e+03
8.808039999999999418e+04 -7.265332331720514552e-05 1.100498309999999947e+03 1.100498329999999896e+03
9.437180000000000291e+04 -4.379838061720514218e-05 1.100469239999999900e+03 1.100468939999999975e+03
1.006630000000000000e+05 -2.058095551720514319e-05 1.100435829999999896e+03 1.100435930000000099e+03
1.132460000000000000e+05 2.984440618279485811e-05 1.100542339999999967e+03 1.100542819999999892e+03
1.258290000000000000e+05 2.465362010827948911e-04 1.100662049999999908e+03 1.100662360000000035e+03
1.384120000000000000e+05 -2.363030671720514403e-05 1.100636410000000069e+03 1.100636389999999892e+03
1.509950000000000000e+05 -8.675810421720513599e-05 1.100445899999999938e+03 1.100445919999999887e+03
1.635780000000000000e+05 -3.073044417205139233e-06 1.100454829999999902e+03 1.100455079999999953e+03
1.761610000000000000e+05 2.632699998279485723e-05 1.100496830000000045e+03 1.100496849999999995e+03
1.887440000000000000e+05 6.745290308279485575e-05 1.100521400000000085e+03 1.100521709999999985e+03
2.013270000000000000e+05 -1.637282759172051282e-04 1.100055730000000040e+03 1.100055569999999989e+03
2.264920000000000000e+05 2.515505618279485192e-05 1.100162080000000060e+03 1.100162309999999934e+03
2.516580000000000000e+05 1.310496400827948710e-04 1.099508059999999887e+03 1.099508430000000089e+03
2.768240000000000000e+05 -4.313084917205141713e-06 1.099819259999999986e+03 1.099819300000000112e+03
3.019900000000000000e+05 7.316403208279486888e-05 1.099552560000000085e+03 1.099552869999999984e+03
3.271560000000000000e+05 -1.785408689172051505e-04 1.100014719999999897e+03 1.100014719999999897e+03
3.523220000000000000e+05 2.911417968279485366e-05 1.099014010000000098e+03 1.099014280000000099e+03
