0.000000000000000000e+00 2.899056081698058307e+01 7.948820170000000189e+02 8.258502829999999904e+02
6.000000000000000125e-03 2.868117421698058322e+01 7.946209959999999910e+02 8.252723730000000160e+02
1.200000000000000025e-02 2.776525861698058506e+01 7.938477609999999913e+02 8.235608270000000175e+02
1.799999999999999864e-02 2.627832641698058325e+01 7.925904699999999821e+02 8.207795519999999669e+02
2.400000000000000050e-02 2.427651721698058296e+01 7.908933140000000321e+02 8.170292070000000422e+02
2.999999999999999889e-02 2.183275151698058281e+01 7.888133249999999634e+02 8.124401980000000094e+02
3.599999999999999728e-02 1.903203251698058196e+01 7.864165729999999712e+02 8.071641949999999497e+02
4.200000000000000261e-02 1.596641921698058120e+01 7.837741979999999558e+02 8.013651660000000447e+02
4.800000000000000100e-02 1.273016551698058230e+01 7.809587390000000369e+02 7.952108590000000277e+02
5.399999999999999939e-02 9.415427946980582163e+00 7.780410699999999906e+02 7.888654589999999871e+02
5.999999999999999778e-02 6.108807766980582699e+00 7.750881440000000566e+02 7.824838680000000295e+02
6.600000000000000311e-02 2.888846386980582714e+00 7.721615580000000136e+02 7.762077510000000302e+02
7.199999999999999456e-02 -1.755379930194174154e-01 7.693168490000000475e+02 7.701632439999999633e+02
7.799999999999999989e-02 -3.025788453019417013e+00 7.666033300000000281e+02 7.644600189999999884e+02
8.400000000000000522e-02 -5.613801303019417155e+00 7.640642400000000407e+02 7.591912909999999783e+02
8.999999999999999667e-02 -7.901576393019417388e+00 7.617369959999999764e+02 7.544343699999999444e+02
9.600000000000000200e-02 -9.773526123019417255e+00 7.597208120000000235e+02 7.504067519999999831e+02
1.079999999999999988e-01 -1.263117638301941881e+01 7.563917529999999942e+02 7.439518299999999726e+02
1.199999999999999956e-01 -1.404865628301941882e+01 7.542664929999999686e+02 7.401660849999999527e+02
1.320000000000000062e-01 -1.407952648301941778e+01 7.533772699999999531e+02 7.390370809999999437e+02
1.439999999999999891e-01 -1.288228628301941825e+01 7.536463250000000471e+02 7.403340940000000501e+02
1.559999999999999998e-01 -1.070657118301941857e+01 7.548948390000000472e+02 7.436315879999999652e+02
1.680000000000000104e-01 -7.870621263019416780e+00 7.568702729999999974e+02 7.483602019999999584e+02
1.799999999999999933e-01 -4.727477153019417067e+00 7.592864710000000059e+02 7.538815280000000030e+02
1.920000000000000040e-01 -1.706710793019417416e+00 7.618468540000000075e+02 7.594807399999999689e+02
2.159999999999999976e-01 3.205284956980582578e+00 7.665333729999999832e+02 7.692202419999999847e+02
2.399999999999999911e-01 5.689620456980582830e+00 7.698901240000000143e+02 7.753350500000000238e+02
2.640000000000000124e-01 5.921020236980583107e+00 7.716615269999999782e+02 7.776642359999999599e+02
2.879999999999999782e-01 4.884183896980582418e+00 7.721485139999999774e+02 7.774048490000000129e+02
3.119999999999999996e-01 3.529227566980582598e+00 7.717863160000000562e+02 7.758868300000000318e+02
3.360000000000000209e-01 2.345582786980582757e+00 7.708957269999999653e+02 7.739085569999999734e+02
3.599999999999999867e-01 1.424165456980582611e+00 7.696862119999999550e+02 7.717816639999999779e+02
3.840000000000000080e-01 7.348433919805825720e-01 7.683696310000000267e+02 7.696846180000000004e+02
4.319999999999999951e-01 -3.282157300194173954e-01 7.661608390000000099e+02 7.661051670000000513e+02
4.799999999999999822e-01 -9.445299260194174318e-01 7.651659399999999778e+02 7.641533110000000306e+02
5.280000000000000249e-01 -9.702213340194174584e-01 7.653062099999999646e+02 7.641067689999999857e+02
5.759999999999999565e-01 -2.650053200194174008e-01 7.661969239999999672e+02 7.657934050000000070e+02
6.239999999999999991e-01 6.927685319805825248e-01 7.674285740000000260e+02 7.682016019999999799e+02
6.720000000000000417e-01 1.067580196980582485e+00 7.680709600000000137e+02 7.693671319999999696e+02
7.199999999999999734e-01 5.333801649805826051e-01 7.675325179999999818e+02 7.683022459999999683e+02
7.680000000000000160e-01 8.808769468058257057e-02 7.668015460000000303e+02 7.670590630000000374e+02
8.639999999999999902e-01 1.950496599805825737e-01 7.666690499999999702e+02 7.669445839999999635e+02
9.599999999999999645e-01 9.653376758058257456e-02 7.667496079999999665e+02 7.669316850000000159e+02
1.056000000000000050e+00 9.646420538058257665e-02 7.666912379999999985e+02 7.668897540000000390e+02
1.151999999999999913e+00 2.145805209805825842e-01 7.667700670000000400e+02 7.671016349999999875e+02
1.247999999999999998e+00 1.100820929805825799e-01 7.666596009999999524e+02 7.668842049999999517e+02
1.344000000000000083e+00 1.293544819805825807e-01 7.666530619999999772e+02 7.668872239999999465e+02
1.439999999999999947e+00 8.564609898058257731e-02 7.666029479999999694e+02 7.667715759999999818e+02
1.536000000000000032e+00 1.080553859805825773e-01 7.666254669999999578e+02 7.668328119999999899e+02
1.727999999999999980e+00 1.064040779805825732e-01 7.666017739999999776e+02 7.668007430000000113e+02
1.919999999999999929e+00 1.069346669805825711e-01 7.665934750000000122e+02 7.667830430000000206e+02
2.112000000000000099e+00 1.081157619805825781e-01 7.665862019999999575e+02 7.667769160000000284e+02
2.303999999999999826e+00 1.188918689805825712e-01 7.665705010000000357e+02 7.667588590000000295e+02
2.495999999999999996e+00 1.207969839805825701e-01 7.665586439999999584e+02 7.667426609999999982e+02
2.688000000000000167e+00 1.355743469805825718e-01 7.665531130000000530e+02 7.667401979999999639e+02
2.879999999999999893e+00 1.402513519805825837e-01 7.665507119999999759e+02 7.667402869999999666e+02
3.072000000000000064e+00 1.474024889805825855e-01 7.665416169999999738e+02 7.667380759999999782e+02
3.455999999999999961e+00 1.601895779805825870e-01 7.665411729999999579e+02 7.667459039999999959e+02
3.839999999999999858e+00 1.628164429805825653e-01 7.665381039999999757e+02 7.667432390000000169e+02
4.224000000000000199e+00 1.635159199805825692e-01 7.665461259999999584e+02 7.667592979999999443e+02
4.607999999999999652e+00 1.623816909805825826e-01 7.665494230000000471e+02 7.667656009999999469e+02
4.991999999999999993e+00 1.597507389805825906e-01 7.665542120000000068e+02 7.667720289999999750e+02
5.376000000000000334e+00 1.580413329805825662e-01 7.665484249999999520e+02 7.667648000000000366e+02
5.759999999999999787e+00 1.560843869805825790e-01 7.665510199999999941e+02 7.667715510000000450e+02
6.144000000000000128e+00 1.538074129805825641e-01 7.665508700000000317e+02 7.667633499999999458e+02
6.911999999999999922e+00 1.531356549805825695e-01 7.665433629999999994e+02 7.667553169999999909e+02
7.679999999999999716e+00 1.533083249805825832e-01 7.665387690000000021e+02 7.667473300000000336e+02
8.448000000000000398e+00 1.503409659805825804e-01 7.665305580000000418e+02 7.667339170000000195e+02
9.215999999999999304e+00 1.473606309805825798e-01 7.665322059999999738e+02 7.667343949999999495e+02
9.983999999999999986e+00 1.443899429805825807e-01 7.665262699999999541e+02 7.667229899999999816e+02
1.075200000000000067e+01 1.447303619805825892e-01 7.665225920000000315e+02 7.667211389999999938e+02
1.151999999999999957e+01 1.416205359805825792e-01 7.665234470000000329e+02 7.667207720000000108e+02
1.228800000000000026e+01 1.419677609805825858e-01 7.665200270000000273e+02 7.667146669999999631e+02
1.382399999999999984e+01 1.400630049805825783e-01 7.665204179999999496e+02 7.667128549999999905e+02
1.535999999999999943e+01 1.376852849805825785e-01 7.665177270000000362e+02 7.667066119999999501e+02
1.689600000000000080e+01 1.367332659805825801e-01 7.665166470000000345e+02 7.667048979999999574e+02
1.843199999999999861e+01 1.348394809805825711e-01 7.665165080000000444e+02 7.667033050000000003e+02
1.996799999999999997e+01 1.344783979805825869e-01 7.665123740000000225e+02 7.666994969999999512e+02
2.150400000000000134e+01 1.338796169805825664e-01 7.665159909999999854e+02 7.667005450000000337e+02
2.303999999999999915e+01 1.326473139805825763e-01 7.665131350000000339e+02 7.666952199999999493e+02
2.457600000000000051e+01 1.319266769805825801e-01 7.665116629999999986e+02 7.666934469999999919e+02
2.764799999999999969e+01 1.282809969805825678e-01 7.665059330000000273e+02 7.666820870000000241e+02
3.071999999999999886e+01 1.273895819805825891e-01 7.665040810000000420e+02 7.666797269999999571e+02
3.379200000000000159e+01 1.258275269805825824e-01 7.665038439999999582e+02 7.666780959999999823e+02
3.686399999999999721e+01 1.253757879805825759e-01 7.665029269999999997e+02 7.666783709999999701e+02
3.993599999999999994e+01 1.234730709805825777e-01 7.665002940000000535e+02 7.666725940000000037e+02
4.300800000000000267e+01 1.229017539805825759e-01 7.664980630000000019e+02 7.666680900000000065e+02
4.607999999999999829e+01 1.228525129805825705e-01 7.664990709999999581e+02 7.666682510000000548e+02
4.915200000000000102e+01 1.216617279805825708e-01 7.664968830000000253e+02 7.666666330000000471e+02
5.529599999999999937e+01 1.191650829805825790e-01 7.664936229999999568e+02 7.666596590000000333e+02
6.143999999999999773e+01 1.175162079805825710e-01 7.664897879999999759e+02 7.666538180000000011e+02
6.758400000000000318e+01 1.172159289805825705e-01 7.664883210000000417e+02 7.666516159999999900e+02
7.372799999999999443e+01 1.149340739805825712e-01 7.664894490000000360e+02 7.666497359999999617e+02
7.987199999999999989e+01 1.144199499805825804e-01 7.664836759999999458e+02 7.666422679999999445e+02
8.601600000000000534e+01 1.126708409805825817e-01 7.664826369999999542e+02 7.666388789999999744e+02
9.215999999999999659e+01 1.112058559805825797e-01 7.664789269999999988e+02 7.666335609999999861e+02
9.830400000000000205e+01 1.100668259805825805e-01 7.664759050000000116e+02 7.666290579999999864e+02
1.105919999999999987e+02 1.080405749805825738e-01 7.664731219999999894e+02 7.666232889999999998e+02
1.228799999999999955e+02 1.057989209805825781e-01 7.664696460000000116e+02 7.666174929999999677e+02
1.351680000000000064e+02 1.042039659805825830e-01 7.664675859999999830e+02 7.666132479999999987e+02
1.474559999999999889e+02 1.025940429805825838e-01 7.664626359999999750e+02 7.666067229999999881e+02
1.597439999999999998e+02 1.007795119805825756e-01 7.664620139999999537e+02 7.666028029999999944e+02
1.720320000000000107e+02 9.916432718058257323e-02 7.664580519999999524e+02 7.665973040000000083e+02
1.843199999999999932e+02 9.702262278058257361e-02 7.664553369999999859e+02 7.665909460000000308e+02
1.966080000000000041e+02 9.559460688058257771e-02 7.664521029999999655e+02 7.665858580000000302e+02
2.211839999999999975e+02 9.285516958058258330e-02 7.664478560000000016e+02 7.665775919999999815e+02
2.457599999999999909e+02 9.012234288058257325e-02 7.664438539999999875e+02 7.665712019999999711e+02
2.703360000000000127e+02 8.747611648058258027e-02 7.664370900000000120e+02 7.665609699999999975e+02
2.949119999999999777e+02 8.437285838058257437e-02 7.664334609999999657e+02 7.665541399999999612e+02
3.194879999999999995e+02 8.220699478058257625e-02 7.664315820000000485e+02 7.665485190000000557e+02
3.440640000000000214e+02 7.941611638058257427e-02 7.664243539999999939e+02 7.665380340000000388e+02
3.686399999999999864e+02 7.756398068058258100e-02 7.664214110000000346e+02 7.665321020000000090e+02
3.932160000000000082e+02 7.552925818058257856e-02 7.664186829999999873e+02 7.665260469999999486e+02
4.423679999999999950e+02 7.180920198058257653e-02 7.664134309999999459e+02 7.665170429999999442e+02
4.915199999999999818e+02 6.730711808058258139e-02 7.664064530000000559e+02 7.665037539999999581e+02
5.406720000000000255e+02 6.393475008058258080e-02 7.664021410000000287e+02 7.664953490000000329e+02
5.898239999999999554e+02 6.052557468058258200e-02 7.663985539999999901e+02 7.664872319999999490e+02
6.389759999999999991e+02 5.755636368058258262e-02 7.663934420000000500e+02 7.664776960000000372e+02
6.881280000000000427e+02 5.426091418058258398e-02 7.663883710000000065e+02 7.664688760000000229e+02
7.372799999999999727e+02 5.123561968058258642e-02 7.663808279999999513e+02 7.664570360000000164e+02
7.864320000000000164e+02 4.852586838058258606e-02 7.663736460000000079e+02 7.664467959999999493e+02
8.847359999999999900e+02 4.386642378058258629e-02 7.663646740000000364e+02 7.664317620000000488e+02
9.830399999999999636e+02 3.964463038058258643e-02 7.663528489999999920e+02 7.664135730000000422e+02
1.081339999999999918e+03 3.602045368058258423e-02 7.663414030000000139e+02 7.663978160000000344e+02
1.179650000000000091e+03 3.288295408058258124e-02 7.663286659999999983e+02 7.663808589999999867e+02
1.277950000000000045e+03 3.020228508058258113e-02 7.663211579999999685e+02 7.663696850000000040e+02
1.376259999999999991e+03 2.809275108058258141e-02 7.663165790000000470e+02 7.663628879999999981e+02
1.474559999999999945e+03 2.574264318058257922e-02 7.663125119999999697e+02 7.663559490000000096e+02
1.572859999999999900e+03 2.382349758058258105e-02 7.663127009999999473e+02 7.663538939999999684e+02
1.769470000000000027e+03 2.000781158058257889e-02 7.663018140000000358e+02 7.663384680000000344e+02
1.966079999999999927e+03 1.744406198058258070e-02 7.663002549999999928e+02 7.663335150000000340e+02
2.162690000000000055e+03 1.578833298058257908e-02 7.663052159999999731e+02 7.663351959999999963e+02
2.359300000000000182e+03 1.405423738058258175e-02 7.663014869999999519e+02 7.663290650000000142e+02
2.555900000000000091e+03 1.286362708058258128e-02 7.663027710000000070e+02 7.663261579999999640e+02
2.752510000000000218e+03 1.166131838058258145e-02 7.663051570000000083e+02 7.663242440000000215e+02
2.949119999999999891e+03 1.104467788058258182e-02 7.663020530000000008e+02 7.663192239999999629e+02
3.145730000000000018e+03 9.712839040582581587e-03 7.663016639999999597e+02 7.663165679999999611e+02
3.538940000000000055e+03 8.293328460582581607e-03 7.663157240000000456e+02 7.663280349999999999e+02
3.932159999999999854e+03 6.596205400582580945e-03 7.663457019999999602e+02 7.663545430000000351e+02
4.325380000000000109e+03 6.029287530582580837e-03 7.663523099999999886e+02 7.663608709999999746e+02
4.718590000000000146e+03 4.263975740582581081e-03 7.663502680000000282e+02 7.663565499999999702e+02
5.111810000000000400e+03 3.046199900582581468e-03 7.663549970000000258e+02 7.663585000000000491e+02
5.505020000000000437e+03 2.264169890582581109e-03 7.663635369999999511e+02 7.663659619999999677e+02
5.898239999999999782e+03 4.579244685825813893e-04 7.663548939999999448e+02 7.663544180000000097e+02
6.291460000000000036e+03 -1.585966279417418742e-03 7.663601539999999659e+02 7.663556879999999865e+02
7.077890000000000327e+03 -1.364664269417418738e-03 7.663482109999999921e+02 7.663442469999999958e+02
7.864319999999999709e+03 -1.386197539417418755e-03 7.663207949999999755e+02 7.663174840000000358e+02
8.650750000000000000e+03 -5.921127664174186773e-04 7.663032869999999548e+02 7.663028779999999642e+02
9.437180000000000291e+03 -2.946764529417418912e-03 7.662804099999999607e+02 7.662796670000000177e+02
1.022360000000000036e+04 -3.089574049417418821e-03 7.662832170000000360e+02 7.662854710000000296e+02
1.101000000000000000e+04 -3.481349284174186254e-04 7.662343949999999495e+02 7.662388399999999820e+02
1.179650000000000000e+04 1.201673490582581176e-03 7.662176729999999907e+02 7.662230070000000524e+02
1.258289999999999964e+04 1.874421100582581356e-03 7.661991120000000137e+02 7.662053620000000365e+02
1.415579999999999927e+04 1.454243820582581297e-03 7.662114309999999477e+02 7.662165800000000218e+02
1.572860000000000036e+04 -4.677163214174186331e-04 7.662792970000000423e+02 7.662812079999999924e+02
1.730150000000000000e+04 -1.310327869417418720e-03 7.662537839999999960e+02 7.662555459999999812e+02
1.887440000000000146e+04 -3.783375484174186483e-04 7.663245769999999766e+02 7.663199190000000272e+02
2.044720000000000073e+04 -2.197224789417418812e-03 7.663236150000000180e+02 7.663184099999999717e+02
2.202009999999999854e+04 -4.283923689417418364e-03 7.663450729999999567e+02 7.663374109999999746e+02
2.359300000000000000e+04 -2.524422719417418557e-03 7.663589849999999615e+02 7.663521110000000363e+02
2.516579999999999927e+04 -2.893067979417418729e-03 7.663778290000000197e+02 7.663724220000000287e+02
2.831159999999999854e+04 -1.843595319417418686e-03 7.663124450000000252e+02 7.663135819999999967e+02
3.145729999999999927e+04 -5.882086354174186635e-04 7.661711109999999962e+02 7.661707750000000487e+02
3.460300000000000000e+04 -3.417805618741864707e-05 7.660367529999999761e+02 7.660347170000000006e+02
3.774869999999999709e+04 -4.434227364174186470e-04 7.661082020000000057e+02 7.661062970000000405e+02
4.089450000000000000e+04 -1.208292879417418794e-03 7.662600250000000415e+02 7.662606479999999465e+02
4.404019999999999709e+04 -7.424156664174186033e-04 7.661359210000000530e+02 7.661396670000000313e+02
4.718590000000000146e+04 2.127481075825813424e-04 7.661914600000000064e+02 7.661947239999999510e+02
5.033159999999999854e+04 3.883513555825813873e-04 7.660919689999999491e+02 7.660889859999999771e+02
5.662309999999999854e+04 -1.582895529417418720e-03 7.659902210000000196e+02 7.659893029999999499e+02
6.291459999999999854e+04 7.028199185825813452e-04 7.659391550000000279e+02 7.659364960000000337e+02
6.920600000000000000e+04 2.368197010582581089e-03 7.657629829999999629e+02 7.657689779999999473e+02
7.549750000000000000e+04 6.772231275825813445e-04 7.660221729999999525e+02 7.660210319999999911e+02
8.178889999999999418e+04 1.737419310582581167e-03 7.660188789999999699e+02 7.660239390000000412e+02
8.808039999999999418e+04 4.168897540582580837e-03 7.656946400000000494e+02 7.657001830000000382e+02
9.437180000000000291e+04 6.925625818258135489e-05 7.656781489999999621e+02 7.656807499999999891e+02
1.006630000000000000e+05 -1.026490099417418653e-03 7.656714520000000448e+02 7.656714930000000550e+02
1.132460000000000000e+05 -5.398982624174186598e-04 7.659747519999999668e+02 7.659691109999999981e+02
1.258290000000000000e+05 -5.058571944174186522e-04 7.655428910000000542e+02 7.655407870000000230e+02
1.384120000000000000e+05 1.710145640582581275e-03 7.653744410000000471e+02 7.653719989999999598e+02
1.509950000000000000e+05 3.368594455825813655e-04 7.655025319999999738e+02 7.655066160000000082e+02
1.635780000000000000e+05 -8.936979434174186681e-04 7.653761110000000372e+02 7.653789849999999433e+02
1.761610000000000000e+05 1.525259455825813456e-04 7.657699740000000475e+02 7.657728439999999637e+02
1.887440000000000000e+05 -7.367424234174186140e-04 7.660384810000000471e+02 7.660349559999999656e+02
2.013270000000000000e+05 -3.695849394174186421e-04 7.667347610000000486e+02 7.667274099999999635e+02
2.264920000000000000e+05 1.319878870582581309e-03 7.675553589999999531e+02 7.675625360000000228e+02
2.516580000000000000e+05 -7.805941254174186524e-04 7.676372020000000020e+02 7.676363069999999880e+02
2.768240000000000000e+05 1.500748350582581294e-03 7.682910100000000284e+02 7.682936270000000150e+02
3.019900000000000000e+05 5.784668115825813322e-04 7.672847239999999829e+02 7.672860439999999471e+02
3.271560000000000000e+05 -4.016541229417418431e-03 7.701668079999999463e+02 7.701601050000000441e+02
3.523220000000000000e+05 -5.258487839417418444e-03 7.666993290000000343e+02 7.666850279999999884e+02
