0.06 0.0006915147680530964
0.138 0.0028457333530679894
0.24 0.007039411367194736
0.372 0.014643426328029514
0.542 0.02581317518189336
0.766 0.04081302530699753
1.054 0.058931970435502676
1.432 0.08007130090811737
1.92 0.10416930558315546
2.5580000000000003 0.13125544187734683
3.384 0.16163668981336377
4.46 0.19374175918511127
5.8580000000000005 0.2231393581574151
7.674 0.24498693111631564
10.038 0.2586862786198832
13.108 0.26974650436718917
17.1 0.278706776618262
22.292 0.2895132932760902
29.038 0.30114876161445375
37.81 0.31733227494220057
49.212 0.32744269369955414
64.036 0.34386819255176615
83.308 0.35833083124651277
108.36 0.3700163735039704
140.928 0.3917391720326583
183.266 0.418511602881777
238.306 0.44262436188423204
309.858 0.4765602224185326
402.87600000000003 0.5304438762985407
523.8 0.5819884738858261
680.998 0.6633580834898392
885.3580000000001 0.7577883035832742
1151.026 0.8969370046377207
1496.394 1.0529254350441841
1945.372 1.2711014500003013
2529.044 1.5142220434611349
3287.8160000000003 1.8741199038974088
4274.222 2.322691189806637
5556.548 2.875716039266972
5556.7480000000005 2.8755705392927995
11113.496000000001 5.354641379215614
16670.244 7.838707605181562
22226.992000000002 10.292620352462997
27783.74 12.738090101748773
33340.488 15.207248656571736
38897.236000000004 17.67005710084714
44453.984000000004 20.11985258460215
50010.732 22.571480519371498
55567.48 25.02470198516625
61124.228 27.481696917385896
66680.976 29.91815205206515
72237.724 32.379353599277756
77794.47200000001 34.86294285953732
83351.22 37.337909117685335
88907.96800000001 39.84363855474471
94464.716 42.32032409031308
100021.464 44.79158570818891
105578.212 47.25351290108055
111134.96 49.69737549054139
116691.708 52.15471366086809
122248.456 54.600138738056785
127805.204 57.060533600467636
133361.952 59.439232270327295
138918.7 61.819891628091064
144475.448 64.22720547002984
150032.196 66.62844547186764
155588.94400000002 69.00776467104714
161145.692 71.37291970218399
166702.44 73.76794408559073
172259.188 76.16778218086537
177815.93600000002 78.56116354724644
183372.684 80.98751228625231
188929.432 83.3875418842047
194486.18 85.79923583685036
200042.928 88.18467264792221
205599.676 90.63734839306345
211156.424 93.06490765948118
216713.172 95.51746730090467
222269.92 97.95601761097664
227826.668 100.38401013760641
233383.416 102.8096770098507
238940.16400000002 105.30642907186402
244496.912 107.80797995195128
250053.66 110.30276397543778
255610.408 112.78909830224835
261167.15600000002 115.29903923884666
266723.904 117.7648743736958
272280.652 120.31766192676123
277837.4 122.85650514456157
283394.148 125.48649361539712
288950.896 128.07613228712702
294507.64400000003 130.60255277803776
300064.392 132.97052908016306
305621.14 135.31552514170585
311177.88800000004 137.5046309971679
316734.636 139.68334358350438
322291.384 141.91229574497316
327848.132 144.03046513110286
333404.88 146.13862622196282
338961.628 148.30900163117403
344518.376 150.42593882566553
350075.124 152.5912490181157
355631.87200000003 154.8547920381555
361188.62 156.99209771289742
366745.368 159.32372762393643
372302.116 161.36089845591226
377858.864 163.59794409320673
383415.612 165.4487319486157
388972.36 167.55728281715773
394529.108 169.93359055746816
