0.000000000000000000e+00 1.283106392834853260e+01 7.952824959999999919e+03 7.968126989999999751e+03
3.000000000000000062e-03 1.277919552834853256e+01 7.952775859999999739e+03 7.968020959999999832e+03
6.000000000000000125e-03 1.262517882834853289e+01 7.952630049999999756e+03 7.967706019999999626e+03
8.999999999999999320e-03 1.237358262834853306e+01 7.952391649999999572e+03 7.967191120000000410e+03
1.200000000000000025e-02 1.203160862834853262e+01 7.952067219999999907e+03 7.966490340000000288e+03
1.499999999999999944e-02 1.160862442834853425e+01 7.951665250000000015e+03 7.965622059999999692e+03
1.799999999999999864e-02 1.111561502834853421e+01 7.951195810000000165e+03 7.964607920000000377e+03
2.100000000000000130e-02 1.056461362834853368e+01 7.950669969999999921e+03 7.963471760000000359e+03
2.400000000000000050e-02 9.968158078348533735e+00 7.950099390000000312e+03 7.962238550000000032e+03
2.699999999999999969e-02 9.338806278348533496e+00 7.949495829999999842e+03 7.960933519999999589e+03
2.999999999999999889e-02 8.688726538348532813e+00 7.948870789999999943e+03 7.959581250000000182e+03
3.300000000000000155e-02 8.029370828348532996e+00 7.948235200000000077e+03 7.958205090000000382e+03
3.599999999999999728e-02 7.371227378348534032e+00 7.947599129999999604e+03 7.956826549999999770e+03
3.899999999999999994e-02 6.723645598348534591e+00 7.946971639999999752e+03 7.955464990000000398e+03
4.200000000000000261e-02 6.094723808348534000e+00 7.946360649999999623e+03 7.954137329999999565e+03
4.499999999999999833e-02 5.491250358348533922e+00 7.945772810000000391e+03 7.952857899999999972e+03
4.800000000000000100e-02 4.927459078348534582e+00 7.945221770000000106e+03 7.951655630000000201e+03
5.399999999999999939e-02 3.891664718348534002e+00 7.944205839999999625e+03 7.949432810000000245e+03
5.999999999999999778e-02 3.012835118348534014e+00 7.943338440000000446e+03 7.947524680000000444e+03
6.600000000000000311e-02 2.293535458348533673e+00 7.942623230000000149e+03 7.945940950000000157e+03
7.199999999999999456e-02 1.723898608348533923e+00 7.942051660000000084e+03 7.944665310000000318e+03
7.799999999999999989e-02 1.286184688348533722e+00 7.941607250000000022e+03 7.943664459999999963e+03
8.400000000000000522e-02 9.590049053485337760e-01 7.941269860000000335e+03 7.942896749999999884e+03
8.999999999999999667e-02 7.206525713485337770e-01 7.941018949999999677e+03 7.942319110000000364e+03
9.600000000000000200e-02 5.644054223485338584e-01 7.940849089999999705e+03 7.941921080000000075e+03
1.079999999999999988e-01 3.636753393485338548e-01 7.940623929999999746e+03 7.941378789999999753e+03
1.199999999999999956e-01 2.851500113485338495e-01 7.940533260000000155e+03 7.941128770000000259e+03
1.320000000000000062e-01 2.783188013485338730e-01 7.940536079999999856e+03 7.941069220000000314e+03
1.439999999999999891e-01 3.185310313485338884e-01 7.940612970000000132e+03 7.941148320000000240e+03
1.559999999999999998e-01 3.913890943485338614e-01 7.940749569999999949e+03 7.941331869999999981e+03
1.680000000000000104e-01 4.836580783485338597e-01 7.940928420000000187e+03 7.941585610000000088e+03
1.799999999999999933e-01 5.802465403485338458e-01 7.941127819999999701e+03 7.941870319999999992e+03
1.920000000000000040e-01 6.586119543485338124e-01 7.941318210000000363e+03 7.942132560000000012e+03
2.159999999999999976e-01 7.369223903485337956e-01 7.941615190000000439e+03 7.942497879999999896e+03
2.399999999999999911e-01 6.683592813485338402e-01 7.941726870000000417e+03 7.942526939999999740e+03
2.640000000000000124e-01 4.871072043485338843e-01 7.941659599999999955e+03 7.942255129999999554e+03
2.879999999999999782e-01 2.749725333485338874e-01 7.941488360000000284e+03 7.941844229999999698e+03
3.119999999999999996e-01 1.044429983485338637e-01 7.941299380000000383e+03 7.941460439999999835e+03
3.360000000000000209e-01 8.263690618533861901e-03 7.941153180000000248e+03 7.941200890000000072e+03
3.599999999999999867e-01 -1.879378415146613912e-02 7.941075319999999920e+03 7.941085049999999683e+03
3.840000000000000080e-01 1.787969258533861133e-03 7.941072030000000268e+03 7.941097539999999753e+03
4.319999999999999951e-01 5.531440274853385852e-02 7.941126599999999598e+03 7.941203120000000126e+03
4.799999999999999822e-01 6.512357004853386311e-02 7.941163419999999860e+03 7.941252169999999751e+03
5.280000000000000249e-01 3.099717634853385931e-02 7.941118510000000242e+03 7.941174879999999575e+03
5.759999999999999565e-01 4.374158368533860933e-03 7.941047110000000430e+03 7.941072269999999662e+03
6.239999999999999991e-01 6.266688388533861627e-03 7.941007639999999810e+03 7.941030569999999898e+03
6.720000000000000417e-01 9.230282948533861942e-03 7.940987049999999726e+03 7.941014849999999569e+03
7.199999999999999734e-01 3.179741268533860764e-03 7.940966819999999643e+03 7.940989270000000033e+03
7.680000000000000160e-01 -2.379951974661390763e-04 7.940936959999999999e+03 7.940956680000000233e+03
8.639999999999999902e-01 4.731917995338609149e-04 7.940877840000000106e+03 7.940896459999999934e+03
9.599999999999999645e-01 -2.840300241466139214e-03 7.940838929999999891e+03 7.940856520000000273e+03
1.056000000000000050e+00 3.794978815338609520e-04 7.940800970000000234e+03 7.940812740000000304e+03
1.151999999999999913e+00 -3.297093031466139228e-03 7.940756339999999909e+03 7.940763020000000324e+03
1.247999999999999998e+00 -3.097999766661390557e-04 7.940729489999999714e+03 7.940741570000000138e+03
1.344000000000000083e+00 7.744375485338609102e-04 7.940696460000000116e+03 7.940701229999999669e+03
1.439999999999999947e+00 2.291076938533860834e-03 7.940668020000000070e+03 7.940666650000000118e+03
1.536000000000000032e+00 -3.540497501466139101e-03 7.940642969999999877e+03 7.940641980000000331e+03
1.727999999999999980e+00 -5.716057281466138673e-03 7.940605260000000271e+03 7.940598270000000412e+03
1.919999999999999929e+00 -1.906926151466139087e-03 7.940562310000000252e+03 7.940561980000000403e+03
2.112000000000000099e+00 -1.507758221466138932e-03 7.940537669999999707e+03 7.940539740000000165e+03
2.303999999999999826e+00 -2.055777041466139068e-03 7.940509020000000419e+03 7.940515260000000126e+03
2.495999999999999996e+00 1.471427045338609472e-04 7.940478180000000066e+03 7.940487369999999828e+03
2.688000000000000167e+00 -1.238140873466139031e-03 7.940464939999999842e+03 7.940468570000000000e+03
2.879999999999999893e+00 -2.044746871466139333e-03 7.940448809999999867e+03 7.940452830000000176e+03
3.072000000000000064e+00 -4.857099174661390524e-04 7.940442579999999907e+03 7.940452169999999569e+03
3.455999999999999961e+00 3.309746118533860807e-03 7.940415390000000116e+03 7.940418209999999817e+03
3.839999999999999858e+00 9.884930185338610883e-04 7.940395800000000236e+03 7.940395010000000184e+03
4.224000000000000199e+00 -5.303686231466138955e-03 7.940389439999999922e+03 7.940382429999999658e+03
4.607999999999999652e+00 -1.380004661466139020e-03 7.940386050000000068e+03 7.940383880000000318e+03
4.991999999999999993e+00 1.056274558533860930e-03 7.940377120000000104e+03 7.940380540000000110e+03
5.376000000000000334e+00 -1.765093364661390624e-04 7.940364270000000033e+03 7.940368669999999838e+03
5.759999999999999787e+00 1.054246858533860976e-03 7.940370009999999638e+03 7.940373990000000049e+03
6.144000000000000128e+00 1.896856415338609033e-04 7.940369609999999739e+03 7.940370380000000296e+03
6.911999999999999922e+00 1.367167908533861069e-03 7.940362240000000384e+03 7.940364419999999882e+03
7.679999999999999716e+00 -8.583671546613907532e-05 7.940364999999999782e+03 7.940364910000000236e+03
8.448000000000000398e+00 7.796118285338610263e-04 7.940366109999999935e+03 7.940368480000000091e+03
9.215999999999999304e+00 1.880545153386091331e-05 7.940358890000000429e+03 7.940356530000000021e+03
9.983999999999999986e+00 -1.773497091466139097e-03 7.940358470000000125e+03 7.940357519999999568e+03
1.075200000000000067e+01 1.164600118533860905e-03 7.940356170000000020e+03 7.940359760000000279e+03
1.151999999999999957e+01 -2.999590968661390578e-04 7.940362189999999828e+03 7.940357619999999770e+03
1.228800000000000026e+01 -2.246940651466139069e-03 7.940360759999999573e+03 7.940356410000000324e+03
1.382399999999999984e+01 -1.051898629466139047e-03 7.940366960000000290e+03 7.940366289999999935e+03
1.535999999999999943e+01 -6.686805104661390324e-04 7.940360050000000228e+03 7.940358720000000176e+03
1.689600000000000080e+01 1.643089538533860873e-03 7.940353280000000268e+03 7.940355679999999666e+03
1.843199999999999861e+01 1.272686348533860930e-03 7.940363049999999930e+03 7.940365439999999580e+03
1.996799999999999997e+01 1.885353888533861056e-03 7.940361050000000432e+03 7.940364209999999730e+03
2.150400000000000134e+01 -3.846311932661390653e-04 7.940361130000000230e+03 7.940359279999999671e+03
2.303999999999999915e+01 2.497865595338609186e-04 7.940359169999999722e+03 7.940361729999999625e+03
2.457600000000000051e+01 8.795326953386093174e-05 7.940359669999999824e+03 7.940361009999999624e+03
2.764799999999999969e+01 -3.138289172661390663e-04 7.940355169999999816e+03 7.940357500000000073e+03
3.071999999999999886e+01 -4.008958539661390845e-04 7.940357460000000174e+03 7.940358989999999721e+03
3.379200000000000159e+01 3.257695953386093067e-05 7.940363089999999829e+03 7.940364529999999831e+03
3.686399999999999721e+01 8.740675585338609447e-04 7.940358400000000074e+03 7.940358430000000226e+03
3.993599999999999994e+01 -1.035646085466139033e-03 7.940352289999999812e+03 7.940352479999999559e+03
4.300800000000000267e+01 -3.982913687661390431e-04 7.940360560000000078e+03 7.940362290000000030e+03
4.607999999999999829e+01 5.773666653386094576e-05 7.940359129999999823e+03 7.940358799999999974e+03
4.915200000000000102e+01 -3.927915424661390393e-04 7.940354470000000219e+03 7.940353219999999965e+03
5.529599999999999937e+01 -7.516393834661390686e-04 7.940355690000000322e+03 7.940354540000000270e+03
6.143999999999999773e+01 1.478319648533861020e-03 7.940349919999999656e+03 7.940352880000000368e+03
6.758400000000000318e+01 -2.101417124661390703e-04 7.940355580000000373e+03 7.940357229999999618e+03
7.372799999999999443e+01 3.231814353386094213e-05 7.940356789999999819e+03 7.940356319999999869e+03
7.987199999999999989e+01 -1.285008224661390646e-04 7.940358199999999670e+03 7.940358479999999872e+03
8.601600000000000534e+01 2.182025435338609000e-04 7.940361119999999573e+03 7.940361460000000079e+03
9.215999999999999659e+01 -3.021690367661390426e-04 7.940366299999999683e+03 7.940366409999999632e+03
9.830400000000000205e+01 1.475758465338609091e-04 7.940358009999999922e+03 7.940359349999999722e+03
1.105919999999999987e+02 6.624748253386092238e-05 7.940360829999999623e+03 7.940361950000000434e+03
1.228799999999999955e+02 6.215535853386095627e-05 7.940361130000000230e+03 7.940362219999999979e+03
1.351680000000000064e+02 7.713836785338610939e-04 7.940365050000000338e+03 7.940366820000000189e+03
1.474559999999999889e+02 6.317891295338610731e-04 7.940364099999999780e+03 7.940364510000000337e+03
1.597439999999999998e+02 8.020449885338609090e-04 7.940369840000000295e+03 7.940371100000000297e+03
1.720320000000000107e+02 -1.851233234661390560e-04 7.940363479999999981e+03 7.940363919999999780e+03
1.843199999999999932e+02 3.595247705338609008e-04 7.940363830000000235e+03 7.940364529999999831e+03
1.966080000000000041e+02 3.743969695338609485e-04 7.940372210000000450e+03 7.940373669999999947e+03
2.211839999999999975e+02 -4.731732246613908543e-05 7.940374890000000050e+03 7.940375430000000051e+03
2.457599999999999909e+02 -2.404572904661390616e-04 7.940375229999999647e+03 7.940376390000000356e+03
2.703360000000000127e+02 3.042860925338609110e-04 7.940377720000000409e+03 7.940378950000000259e+03
2.949119999999999777e+02 4.345567265338609098e-04 7.940387990000000173e+03 7.940389710000000377e+03
3.194879999999999995e+02 3.630114285338609009e-04 7.940384280000000217e+03 7.940385400000000118e+03
3.440640000000000214e+02 1.552084685338609555e-04 7.940372839999999997e+03 7.940374759999999696e+03
3.686399999999999864e+02 2.329906245338609640e-04 7.940374780000000101e+03 7.940376930000000357e+03
3.932160000000000082e+02 -1.940331784661390605e-04 7.940385460000000421e+03 7.940386379999999917e+03
4.423679999999999950e+02 9.691009853386093990e-05 7.940376049999999850e+03 7.940377220000000307e+03
4.915199999999999818e+02 -1.024818064661390648e-04 7.940377929999999651e+03 7.940378480000000309e+03
5.406720000000000255e+02 2.179821915338609026e-04 7.940374850000000151e+03 7.940375909999999749e+03
5.898239999999999554e+02 -8.339896146613906200e-05 7.940372500000000400e+03 7.940373480000000200e+03
6.389759999999999991e+02 3.947461653386091958e-05 7.940364760000000388e+03 7.940365439999999580e+03
6.881280000000000427e+02 -1.020153374661390768e-04 7.940355120000000170e+03 7.940355739999999969e+03
7.372799999999999727e+02 2.463230533860955723e-06 7.940349879999999757e+03 7.940351150000000416e+03
7.864320000000000164e+02 8.567603453386093016e-05 7.940339909999999691e+03 7.940341209999999592e+03
8.847359999999999900e+02 4.406157553386093632e-05 7.940323220000000219e+03 7.940324480000000221e+03
9.830399999999999636e+02 2.849215385338609431e-04 7.940316029999999955e+03 7.940317420000000311e+03
1.081339999999999918e+03 -3.016715571661390642e-04 7.940317299999999705e+03 7.940318159999999807e+03
1.179650000000000091e+03 -7.148852466139080705e-06 7.940339979999999741e+03 7.940340799999999945e+03
1.277950000000000045e+03 -2.229567644661390575e-04 7.940357640000000174e+03 7.940358870000000024e+03
1.376259999999999991e+03 1.637409345338609423e-04 7.940387550000000374e+03 7.940388229999999567e+03
1.474559999999999945e+03 7.781856853386094619e-05 7.940374820000000000e+03 7.940376049999999850e+03
1.572859999999999900e+03 -1.885749466139078658e-06 7.940361060000000180e+03 7.940362070000000131e+03
1.769470000000000027e+03 7.945962053386093496e-05 7.940337129999999888e+03 7.940338219999999637e+03
1.966079999999999927e+03 1.608129785338609599e-04 7.940354889999999614e+03 7.940355870000000323e+03
2.162690000000000055e+03 8.532970553386091690e-05 7.940352719999999863e+03 7.940353900000000067e+03
2.359300000000000182e+03 -1.187947046613904104e-05 7.940351779999999962e+03 7.940352549999999610e+03
2.555900000000000091e+03 1.387027385338609532e-04 7.940346929999999702e+03 7.940347939999999653e+03
2.752510000000000218e+03 -1.606804846613908407e-05 7.940347130000000107e+03 7.940348200000000361e+03
2.949119999999999891e+03 -3.915974146613906580e-05 7.940314239999999700e+03 7.940314929999999549e+03
3.145730000000000018e+03 -6.801870346613905771e-05 7.940329160000000229e+03 7.940329749999999876e+03
3.538940000000000055e+03 -1.113462794661390469e-04 7.940305320000000393e+03 7.940306029999999737e+03
3.932159999999999854e+03 1.192845595338609135e-04 7.940310510000000249e+03 7.940311579999999594e+03
4.325380000000000109e+03 -3.879799346613908113e-05 7.940339850000000297e+03 7.940340769999999793e+03
4.718590000000000146e+03 -1.943062246613903952e-05 7.940362290000000030e+03 7.940363190000000031e+03
5.111810000000000400e+03 -1.206451204661390523e-04 7.940356340000000273e+03 7.940357219999999870e+03
5.505020000000000437e+03 -1.008733294661390712e-04 7.940358309999999619e+03 7.940359120000000075e+03
5.898239999999999782e+03 1.443135353386095681e-05 7.940342069999999694e+03 7.940342980000000352e+03
6.291460000000000036e+03 -1.177988946613904488e-05 7.940353699999999662e+03 7.940354690000000119e+03
7.077890000000000327e+03 2.148822553386090959e-05 7.940370920000000297e+03 7.940371860000000197e+03
7.864319999999999709e+03 -3.997691746613908333e-05 7.940335610000000088e+03 7.940336540000000241e+03
8.650750000000000000e+03 -8.030127946613904851e-05 7.940276869999999690e+03 7.940277729999999792e+03
9.437180000000000291e+03 3.384216953386092732e-05 7.940262279999999919e+03 7.940263210000000072e+03
1.022360000000000036e+04 -4.710099646613904708e-05 7.940249359999999797e+03 7.940250250000000051e+03
1.101000000000000000e+04 2.260227153386091875e-05 7.940251400000000103e+03 7.940252459999999701e+03
1.179650000000000000e+04 -3.652843646613908269e-05 7.940265540000000328e+03 7.940266419999999925e+03
1.258289999999999964e+04 -4.507221646613907224e-05 7.940260620000000017e+03 7.940261499999999614e+03
1.415579999999999927e+04 -4.969540246613907402e-05 7.940264049999999770e+03 7.940264849999999569e+03
1.572860000000000036e+04 -4.224808446613904532e-05 7.940269479999999930e+03 7.940270360000000437e+03
1.730150000000000000e+04 -9.085007746613903926e-05 7.940274989999999889e+03 7.940275819999999840e+03
1.887440000000000146e+04 1.802395553386095233e-05 7.940259189999999762e+03 7.940260059999999612e+03
2.044720000000000073e+04 -5.031032646613908636e-05 7.940264869999999974e+03 7.940265749999999571e+03
2.202009999999999854e+04 5.533901253386094583e-05 7.940291040000000066e+03 7.940292080000000169e+03
2.359300000000000000e+04 2.146836533860915601e-06 7.940302730000000338e+03 7.940303659999999581e+03
2.516579999999999927e+04 -4.717956466139040274e-06 7.940353519999999662e+03 7.940354409999999916e+03
2.831159999999999854e+04 -1.215189946613906167e-05 7.940371670000000449e+03 7.940372639999999592e+03
3.145729999999999927e+04 -4.935840946613905249e-05 7.940534779999999955e+03 7.940535630000000310e+03
3.460300000000000000e+04 -4.654391246613906940e-05 7.940469439999999850e+03 7.940470279999999548e+03
3.774869999999999709e+04 -7.026333146613908355e-05 7.940549649999999929e+03 7.940550479999999880e+03
4.089450000000000000e+04 -5.242595446613908684e-05 7.940410850000000210e+03 7.940411619999999857e+03
4.404019999999999709e+04 -4.838013346613906796e-05 7.940438350000000355e+03 7.940439159999999902e+03
4.718590000000000146e+04 -5.129848346613905333e-05 7.940466029999999591e+03 7.940466849999999795e+03
5.033159999999999854e+04 -5.013639046613907252e-05 7.940665070000000014e+03 7.940665869999999813e+03
5.662309999999999854e+04 -2.629373146613905648e-05 7.940650040000000445e+03 7.940650880000000143e+03
6.291459999999999854e+04 -1.670480046613904588e-05 7.940528449999999793e+03 7.940529400000000351e+03
6.920600000000000000e+04 -1.092117346613907585e-05 7.940796099999999569e+03 7.940796980000000076e+03
7.549750000000000000e+04 4.273727253386092441e-05 7.940520000000000437e+03 7.940520969999999579e+03
8.178889999999999418e+04 -1.178560146613904331e-05 7.940685319999999592e+03 7.940686230000000251e+03
8.808039999999999418e+04 -6.711007466139045936e-06 7.940398009999999886e+03 7.940398930000000291e+03
9.437180000000000291e+04 -1.629883646613906889e-05 7.940333040000000437e+03 7.940333969999999681e+03
1.006630000000000000e+05 2.660531253386095359e-05 7.939957610000000386e+03 7.939958609999999680e+03
1.132460000000000000e+05 -3.074474146613905912e-05 7.939353180000000066e+03 7.939354159999999865e+03
1.258290000000000000e+05 2.048588053386093131e-05 7.938977780000000166e+03 7.938978790000000117e+03
1.384120000000000000e+05 1.059485053386095225e-05 7.938877319999999600e+03 7.938878410000000258e+03
1.509950000000000000e+05 2.594953853386094316e-05 7.939759680000000117e+03 7.939760720000000219e+03
1.635780000000000000e+05 -2.988004046613904410e-05 7.939113260000000082e+03 7.939114260000000286e+03
1.761610000000000000e+05 7.310346853386094114e-05 7.938970370000000003e+03 7.938971819999999752e+03
