1 159.85507246376812
2 44.68865567216392
3 17.861069465267366
4 9.157421289355323
5 5.302348825587206
6 3.5432283858070965
7 2.47376311844078
8 1.6816591704147925
9 1.3023488255872064
10 1.0589705147426287
11 0.8025987006496752
12 0.6826586706646677
13 0.5387306346826587
14 0.46276861569215394
15 0.41879060469765117
16 0.3503248375812094
17 0.2888555722138931
18 0.26286856571714146
19 0.23738130934532733
20 0.22038980509745126
21 0.18840579710144928
22 0.1744127936031984
23 0.15092453773113443
24 0.12043978010994502
25 0.10594702648675662
26 0.09945027486256872
27 0.11344327836081959
28 0.0944527736131934
29 0.08395802098950525
30 0.08095952023988005
31 0.079960019990005
32 0.07946026986506746
33 0.05697151424287856
34 0.05897051474262868
35 0.05347326336831584
36 0.05547226386806597
37 0.0544727636181909
38 0.05247376311844078
39 0.04297851074462768
40 0.03648175912043978
41 0.038980509745127435
42 0.037481259370314844
43 0.04097951024487756
44 0.029985007496251874
45 0.03298350824587706
46 0.026986506746626688
47 0.021989005497251374
48 0.02948525737131434
49 0.022488755622188907
50 0.02848575712143928
51 0.027486256871564217
52 0.020989505247376312
53 0.02048975512243878
54 0.021989005497251374
55 0.026486756621689155
56 0.01699150424787606
57 0.02148925537231384
58 0.019490254872563718
59 0.020989505247376312
60 0.015492253873063468
61 0.01249375312343828
62 0.013993003498250875
63 0.015992003998001
64 0.01699150424787606
65 0.009495252373813094
66 0.017991004497751123
67 0.012993503248375811
68 0.009995002498750625
69 0.011494252873563218
70 0.008995502248875561
71 0.010494752623688156
72 0.009995002498750625
73 0.01199400299850075
74 0.012993503248375811
75 0.0079960019990005
76 0.005497251374312844
77 0.010994502748625687
78 0.010494752623688156
79 0.009495252373813094
80 0.009995002498750625
81 0.005997001499250375
82 0.0074962518740629685
83 0.0034982508745627187
84 0.0074962518740629685
85 0.009995002498750625
86 0.005997001499250375
87 0.00849575212393803
88 0.005997001499250375
89 0.005497251374312844
90 0.010494752623688156
91 0.0069965017491254375
92 0.0074962518740629685
93 0.0024987506246876563
94 0.00849575212393803
95 0.005497251374312844
96 0.0024987506246876563
97 0.005997001499250375
98 0.00849575212393803
99 0.0069965017491254375
100 0.004497751124437781
101 0.004997501249375313
102 0.0079960019990005
103 0.00399800099950025
104 0.004997501249375313
105 0.0034982508745627187
106 0.004497751124437781
107 0.004997501249375313
108 0.004497751124437781
109 0.00399800099950025
110 0.004997501249375313
111 0.004497751124437781
112 0.0029985007496251873
113 0.0069965017491254375
114 0.0014992503748125937
115 0.004997501249375313
116 0.001999000499750125
117 0.0009995002498750624
118 0.004497751124437781
119 0.005997001499250375
120 0.0034982508745627187
121 0.0029985007496251873
122 0.0034982508745627187
123 0.00399800099950025
124 0.004997501249375313
125 0.004997501249375313
126 0.0029985007496251873
127 0.0014992503748125937
128 0.0034982508745627187
129 0.0034982508745627187
130 0.0029985007496251873
131 0.0029985007496251873
132 0.0029985007496251873
133 0.0034982508745627187
134 0.0009995002498750624
135 0.0029985007496251873
136 0.005497251374312844
137 0.0034982508745627187
138 0.0024987506246876563
139 0.0024987506246876563
140 0.004997501249375313
141 0.0014992503748125937
142 0.00399800099950025
143 0.00399800099950025
144 0.001999000499750125
145 0.0009995002498750624
146 0.0024987506246876563
147 0.0034982508745627187
148 0.0024987506246876563
149 0.001999000499750125
150 0.0029985007496251873
151 0.0014992503748125937
152 0.004497751124437781
153 0.0014992503748125937
154 0.0014992503748125937
155 0.0024987506246876563
156 0.0029985007496251873
157 0.0024987506246876563
158 0.0029985007496251873
159 0.0029985007496251873
160 0.001999000499750125
161 0.001999000499750125
162 0.0009995002498750624
163 0.0034982508745627187
164 0.001999000499750125
165 0.001999000499750125
166 0.0004997501249375312
167 0.004997501249375313
168 0.001999000499750125
169 0.0034982508745627187
170 0.00399800099950025
171 0.001999000499750125
172 0.0014992503748125937
173 0.0024987506246876563
174 0.0034982508745627187
175 0.0029985007496251873
176 0.0029985007496251873
177 0.0009995002498750624
178 0.0024987506246876563
179 0.0014992503748125937
180 0.0034982508745627187
181 0.0029985007496251873
182 0.0029985007496251873
183 0.0029985007496251873
184 0.0024987506246876563
185 0.0034982508745627187
186 0.0009995002498750624
187 0.001999000499750125
188 0.0034982508745627187
189 0.0009995002498750624
190 0.0024987506246876563
191 0.0024987506246876563
192 0.0014992503748125937
193 0.0009995002498750624
194 0.0024987506246876563
195 0.0014992503748125937
196 0.0014992503748125937
197 0.0009995002498750624
198 0.001999000499750125
199 0.0024987506246876563
200 0.0004997501249375312
201 0.0029985007496251873
202 0.0009995002498750624
203 0.001999000499750125
204 0.0024987506246876563
205 0.0014992503748125937
206 0.0024987506246876563
207 0.0029985007496251873
208 0.0024987506246876563
209 0.0014992503748125937
210 0.0009995002498750624
212 0.001999000499750125
213 0.0009995002498750624
214 0.0004997501249375312
215 0.0014992503748125937
216 0.0024987506246876563
218 0.0004997501249375312
219 0.0009995002498750624
220 0.001999000499750125
221 0.0034982508745627187
222 0.0034982508745627187
223 0.00399800099950025
224 0.0004997501249375312
225 0.0009995002498750624
226 0.0024987506246876563
227 0.0004997501249375312
228 0.0014992503748125937
229 0.001999000499750125
230 0.001999000499750125
231 0.0024987506246876563
232 0.0009995002498750624
233 0.0024987506246876563
234 0.0024987506246876563
235 0.0024987506246876563
236 0.001999000499750125
237 0.001999000499750125
238 0.001999000499750125
239 0.0029985007496251873
240 0.0014992503748125937
241 0.00399800099950025
242 0.0014992503748125937
243 0.0014992503748125937
244 0.001999000499750125
245 0.0014992503748125937
246 0.001999000499750125
247 0.001999000499750125
248 0.0014992503748125937
249 0.0014992503748125937
250 0.0024987506246876563
251 0.001999000499750125
252 0.0004997501249375312
253 0.0029985007496251873
254 0.0024987506246876563
255 0.0024987506246876563
256 0.0024987506246876563
257 0.0014992503748125937
258 0.00399800099950025
259 0.001999000499750125
260 0.0014992503748125937
261 0.0009995002498750624
262 0.0014992503748125937
263 0.0004997501249375312
264 0.0029985007496251873
265 0.004497751124437781
266 0.001999000499750125
267 0.001999000499750125
269 0.0024987506246876563
270 0.0004997501249375312
271 0.0009995002498750624
272 0.0014992503748125937
273 0.0024987506246876563
274 0.0014992503748125937
275 0.001999000499750125
276 0.001999000499750125
277 0.0009995002498750624
278 0.001999000499750125
279 0.0009995002498750624
280 0.0024987506246876563
281 0.0024987506246876563
282 0.0014992503748125937
283 0.0024987506246876563
284 0.001999000499750125
285 0.0004997501249375312
286 0.0009995002498750624
287 0.0014992503748125937
288 0.0014992503748125937
289 0.0029985007496251873
290 0.0004997501249375312
291 0.0014992503748125937
292 0.0034982508745627187
293 0.0024987506246876563
294 0.0004997501249375312
295 0.0034982508745627187
296 0.0014992503748125937
297 0.0029985007496251873
298 0.0014992503748125937
299 0.0009995002498750624
300 0.0014992503748125937
301 0.0009995002498750624
302 0.001999000499750125
303 0.0024987506246876563
304 0.0029985007496251873
305 0.0014992503748125937
306 0.004497751124437781
307 0.0029985007496251873
308 0.001999000499750125
309 0.001999000499750125
310 0.0009995002498750624
311 0.001999000499750125
312 0.0014992503748125937
313 0.0004997501249375312
314 0.0004997501249375312
315 0.001999000499750125
316 0.0009995002498750624
317 0.0029985007496251873
318 0.0024987506246876563
319 0.0034982508745627187
320 0.00399800099950025
321 0.0014992503748125937
322 0.0024987506246876563
323 0.0014992503748125937
324 0.001999000499750125
325 0.0009995002498750624
326 0.0029985007496251873
327 0.001999000499750125
328 0.0014992503748125937
329 0.0014992503748125937
330 0.001999000499750125
331 0.0024987506246876563
332 0.00399800099950025
333 0.0024987506246876563
334 0.001999000499750125
335 0.0034982508745627187
336 0.0024987506246876563
337 0.0014992503748125937
338 0.0024987506246876563
339 0.004497751124437781
340 0.001999000499750125
341 0.0009995002498750624
342 0.001999000499750125
343 0.00399800099950025
344 0.006496751624187906
345 0.0029985007496251873
346 0.0009995002498750624
347 0.0034982508745627187
348 0.001999000499750125
349 0.004997501249375313
350 0.0029985007496251873
351 0.00399800099950025
352 0.0034982508745627187
353 0.0029985007496251873
354 0.001999000499750125
355 0.0024987506246876563
356 0.004997501249375313
357 0.0004997501249375312
358 0.001999000499750125
359 0.0034982508745627187
360 0.001999000499750125
361 0.00399800099950025
362 0.0014992503748125937
363 0.001999000499750125
364 0.0034982508745627187
365 0.001999000499750125
366 0.0014992503748125937
367 0.0034982508745627187
368 0.0009995002498750624
369 0.004997501249375313
370 0.0034982508745627187
371 0.0024987506246876563
372 0.0024987506246876563
373 0.001999000499750125
374 0.001999000499750125
375 0.00399800099950025
376 0.00399800099950025
377 0.0024987506246876563
378 0.0034982508745627187
379 0.0024987506246876563
380 0.001999000499750125
381 0.0014992503748125937
382 0.0029985007496251873
383 0.005497251374312844
384 0.0024987506246876563
385 0.0034982508745627187
386 0.0024987506246876563
387 0.0069965017491254375
388 0.0009995002498750624
389 0.0029985007496251873
390 0.004497751124437781
391 0.0014992503748125937
392 0.00399800099950025
393 0.0034982508745627187
394 0.0009995002498750624
395 0.0034982508745627187
396 0.001999000499750125
397 0.004497751124437781
398 0.0014992503748125937
399 0.001999000499750125
400 0.0024987506246876563
401 0.004497751124437781
402 0.0024987506246876563
403 0.0034982508745627187
404 0.005997001499250375
405 0.0009995002498750624
406 0.0014992503748125937
407 0.0014992503748125937
408 0.0014992503748125937
409 0.001999000499750125
410 0.00399800099950025
411 0.00399800099950025
412 0.00399800099950025
413 0.0024987506246876563
414 0.00399800099950025
415 0.004997501249375313
416 0.0024987506246876563
417 0.004497751124437781
418 0.00399800099950025
419 0.0029985007496251873
420 0.004497751124437781
421 0.0014992503748125937
422 0.005997001499250375
423 0.00399800099950025
424 0.0029985007496251873
425 0.006496751624187906
426 0.00399800099950025
427 0.0034982508745627187
428 0.0014992503748125937
429 0.0034982508745627187
430 0.004497751124437781
431 0.001999000499750125
432 0.0009995002498750624
433 0.0034982508745627187
434 0.004497751124437781
435 0.00399800099950025
436 0.004497751124437781
437 0.0034982508745627187
438 0.0024987506246876563
439 0.005497251374312844
440 0.006496751624187906
441 0.0024987506246876563
442 0.0034982508745627187
443 0.001999000499750125
444 0.0029985007496251873
445 0.0034982508745627187
446 0.00399800099950025
447 0.0024987506246876563
448 0.006496751624187906
449 0.0029985007496251873
450 0.00399800099950025
451 0.0014992503748125937
452 0.00399800099950025
453 0.00399800099950025
454 0.0029985007496251873
455 0.0029985007496251873
456 0.00399800099950025
457 0.0034982508745627187
458 0.0009995002498750624
459 0.0029985007496251873
460 0.004997501249375313
461 0.0029985007496251873
462 0.0029985007496251873
463 0.0029985007496251873
464 0.0014992503748125937
465 0.0069965017491254375
466 0.0014992503748125937
467 0.004997501249375313
468 0.0009995002498750624
469 0.004997501249375313
470 0.0024987506246876563
471 0.00399800099950025
472 0.0034982508745627187
473 0.001999000499750125
474 0.004997501249375313
475 0.00399800099950025
476 0.004997501249375313
477 0.0034982508745627187
478 0.0009995002498750624
479 0.0009995002498750624
480 0.00399800099950025
481 0.00399800099950025
482 0.0029985007496251873
483 0.0014992503748125937
484 0.001999000499750125
485 0.0029985007496251873
486 0.001999000499750125
487 0.00399800099950025
488 0.005997001499250375
489 0.004497751124437781
490 0.0034982508745627187
491 0.0029985007496251873
492 0.00399800099950025
493 0.004497751124437781
494 0.0024987506246876563
495 0.004497751124437781
496 0.0014992503748125937
497 0.0034982508745627187
498 0.001999000499750125
499 0.0024987506246876563
500 0.001999000499750125
501 0.001999000499750125
502 0.0024987506246876563
503 0.001999000499750125
504 0.0034982508745627187
505 0.001999000499750125
506 0.0004997501249375312
507 0.0014992503748125937
508 0.0024987506246876563
509 0.0009995002498750624
510 0.0024987506246876563
511 0.00399800099950025
512 0.0009995002498750624
513 0.001999000499750125
514 0.0034982508745627187
515 0.0024987506246876563
516 0.0014992503748125937
517 0.0034982508745627187
518 0.0014992503748125937
519 0.0009995002498750624
520 0.0029985007496251873
521 0.001999000499750125
522 0.001999000499750125
523 0.0009995002498750624
524 0.0024987506246876563
525 0.001999000499750125
526 0.0034982508745627187
527 0.0004997501249375312
528 0.0024987506246876563
529 0.0014992503748125937
530 0.0014992503748125937
531 0.0009995002498750624
532 0.0004997501249375312
533 0.0024987506246876563
534 0.0009995002498750624
535 0.001999000499750125
536 0.0009995002498750624
537 0.0014992503748125937
538 0.0014992503748125937
539 0.0034982508745627187
540 0.0014992503748125937
541 0.001999000499750125
542 0.0009995002498750624
543 0.0004997501249375312
544 0.0014992503748125937
545 0.0004997501249375312
546 0.0029985007496251873
548 0.0014992503748125937
549 0.0004997501249375312
550 0.0009995002498750624
551 0.0014992503748125937
553 0.0004997501249375312
555 0.0004997501249375312
556 0.001999000499750125
557 0.0009995002498750624
558 0.0004997501249375312
559 0.001999000499750125
560 0.0009995002498750624
561 0.0009995002498750624
562 0.0004997501249375312
563 0.0009995002498750624
564 0.0004997501249375312
565 0.0004997501249375312
567 0.0009995002498750624
568 0.0009995002498750624
569 0.0004997501249375312
570 0.0004997501249375312
571 0.0004997501249375312
572 0.0004997501249375312
573 0.0009995002498750624
574 0.0004997501249375312
579 0.0009995002498750624
581 0.0004997501249375312
582 0.0004997501249375312
583 0.0004997501249375312
584 0.0004997501249375312
586 0.0004997501249375312
587 0.0004997501249375312
590 0.0004997501249375312
596 0.0004997501249375312
597 0.0004997501249375312
599 0.0004997501249375312
604 0.0004997501249375312
607 0.0004997501249375312
621 0.0004997501249375312
628 0.0004997501249375312
