1 201.20039980009994
2 62.574212893553224
3 27.007996001999
4 14.415292353823089
5 8.729135432283858
6 5.8165917041479265
7 4.0654672663668165
8 3.082458770614693
9 2.333833083458271
10 1.8810594702648675
11 1.5102448775612194
12 1.2148925537231385
13 1.071464267866067
14 0.8775612193903048
15 0.750624687656172
16 0.6351824087956022
17 0.5462268865567217
18 0.5297351324337831
19 0.47226386806596704
20 0.408295852073963
21 0.3543228385807096
22 0.33383308345827084
23 0.27886056971514245
24 0.2683658170914543
25 0.23588205897051473
26 0.191904047976012
27 0.20189905047476261
28 0.1744127936031984
29 0.17641179410294852
30 0.15892053973013492
31 0.14192903548225888
32 0.12643678160919541
33 0.13843078460769614
34 0.11744127936031984
35 0.11094452773613193
36 0.11094452773613193
37 0.09895052473763119
38 0.10044977511244378
39 0.08745627186406797
40 0.08045977011494253
41 0.08895552223888056
42 0.08045977011494253
43 0.06146926536731634
44 0.07246376811594203
45 0.06346826586706647
46 0.05747126436781609
47 0.06496751624187906
48 0.047476261869065464
49 0.053973013493253376
50 0.04447776111944028
51 0.043478260869565216
52 0.04297851074462768
53 0.04147926036981509
54 0.04147926036981509
55 0.031484257871064465
56 0.04097951024487756
57 0.03948025987006497
58 0.0384807596201899
59 0.03498250874562719
60 0.02948525737131434
61 0.025987006496751622
62 0.043478260869565216
63 0.031484257871064465
64 0.02798600699650175
65 0.02348825587206397
66 0.0239880059970015
67 0.02348825587206397
68 0.022488755622188907
69 0.02148925537231384
70 0.022988505747126436
71 0.017991004497751123
72 0.01899050474762619
73 0.01899050474762619
74 0.01649175412293853
75 0.021989005497251374
76 0.017491254372813594
77 0.015492253873063468
78 0.019490254872563718
79 0.015992003998001
80 0.017491254372813594
81 0.015492253873063468
82 0.014492753623188406
83 0.013493253373313344
84 0.015492253873063468
85 0.010494752623688156
86 0.012993503248375811
87 0.009495252373813094
88 0.014492753623188406
89 0.01199400299850075
90 0.012993503248375811
91 0.010494752623688156
92 0.009995002498750625
93 0.012993503248375811
94 0.00849575212393803
95 0.009995002498750625
96 0.013993003498250875
97 0.0069965017491254375
98 0.010494752623688156
99 0.010494752623688156
100 0.009495252373813094
101 0.005997001499250375
102 0.009995002498750625
103 0.009995002498750625
104 0.0074962518740629685
105 0.0079960019990005
106 0.005997001499250375
107 0.006496751624187906
108 0.00399800099950025
109 0.009495252373813094
110 0.006496751624187906
111 0.004997501249375313
112 0.005997001499250375
113 0.00399800099950025
114 0.005997001499250375
115 0.004997501249375313
116 0.004497751124437781
117 0.006496751624187906
118 0.004997501249375313
119 0.006496751624187906
120 0.005997001499250375
121 0.004497751124437781
122 0.005497251374312844
123 0.006496751624187906
124 0.001999000499750125
125 0.005997001499250375
126 0.004997501249375313
127 0.0029985007496251873
128 0.004497751124437781
129 0.0069965017491254375
130 0.001999000499750125
131 0.004497751124437781
132 0.004497751124437781
133 0.004997501249375313
134 0.004497751124437781
135 0.00399800099950025
136 0.0024987506246876563
137 0.00399800099950025
138 0.001999000499750125
139 0.0029985007496251873
140 0.0034982508745627187
141 0.0029985007496251873
142 0.0029985007496251873
143 0.00399800099950025
144 0.00399800099950025
145 0.0024987506246876563
146 0.0014992503748125937
147 0.0024987506246876563
148 0.0029985007496251873
149 0.0014992503748125937
150 0.0029985007496251873
151 0.0029985007496251873
152 0.0034982508745627187
153 0.0029985007496251873
154 0.0024987506246876563
155 0.0014992503748125937
156 0.0014992503748125937
157 0.0029985007496251873
158 0.001999000499750125
159 0.0014992503748125937
160 0.0024987506246876563
161 0.0009995002498750624
162 0.0029985007496251873
163 0.0024987506246876563
164 0.0024987506246876563
165 0.0004997501249375312
166 0.0014992503748125937
167 0.0024987506246876563
168 0.0024987506246876563
169 0.001999000499750125
170 0.0009995002498750624
171 0.0014992503748125937
172 0.0009995002498750624
173 0.0009995002498750624
174 0.0004997501249375312
175 0.0009995002498750624
176 0.0024987506246876563
177 0.0014992503748125937
178 0.001999000499750125
179 0.0009995002498750624
180 0.0024987506246876563
181 0.0029985007496251873
182 0.001999000499750125
183 0.001999000499750125
184 0.0009995002498750624
185 0.0009995002498750624
186 0.0009995002498750624
187 0.0004997501249375312
189 0.0004997501249375312
190 0.0004997501249375312
191 0.0009995002498750624
193 0.0004997501249375312
194 0.0004997501249375312
195 0.0014992503748125937
197 0.0009995002498750624
199 0.0009995002498750624
200 0.0004997501249375312
202 0.0004997501249375312
203 0.0009995002498750624
204 0.0009995002498750624
205 0.0009995002498750624
206 0.0004997501249375312
207 0.0004997501249375312
208 0.0004997501249375312
209 0.0004997501249375312
210 0.0004997501249375312
211 0.0014992503748125937
212 0.0004997501249375312
213 0.0014992503748125937
214 0.0014992503748125937
216 0.0004997501249375312
219 0.0004997501249375312
220 0.0014992503748125937
222 0.0009995002498750624
223 0.0004997501249375312
225 0.0009995002498750624
226 0.0004997501249375312
227 0.0004997501249375312
228 0.0009995002498750624
229 0.0004997501249375312
230 0.0004997501249375312
234 0.0004997501249375312
235 0.0009995002498750624
236 0.0014992503748125937
237 0.0004997501249375312
239 0.0004997501249375312
244 0.0004997501249375312
249 0.0004997501249375312
252 0.0004997501249375312
253 0.0004997501249375312
254 0.0004997501249375312
256 0.0004997501249375312
264 0.0004997501249375312
266 0.0004997501249375312
267 0.0009995002498750624
270 0.0004997501249375312
272 0.0004997501249375312
278 0.0004997501249375312
282 0.0004997501249375312
285 0.0004997501249375312
287 0.0004997501249375312
305 0.0004997501249375312
318 0.0004997501249375312
