0.06 0.0006141315915023192
0.138 0.0026078036518170666
0.24 0.006620552492265952
0.372 0.013992234936680475
0.542 0.02496611798068788
0.766 0.040136831792934535
1.054 0.05908764247240598
1.432 0.08180898108587059
1.92 0.10764195181864733
2.5580000000000003 0.13803978433636518
3.384 0.1749763382244843
4.46 0.21788529424524075
5.8580000000000005 0.2619339477428125
7.674 0.30347527267439184
10.038 0.342241821023875
13.108 0.38398618537195417
17.1 0.4293320316045491
22.292 0.4707529340543066
29.038 0.5203593340587855
37.81 0.5733237057257387
49.212 0.6214841708752501
64.036 0.6851301783340727
83.308 0.7413388199281861
108.36 0.8101799993353106
140.928 0.8734835555470951
183.266 0.9494218524186149
238.306 1.0358406245596423
309.858 1.1200361150474458
402.87600000000003 1.194512543158476
523.8 1.290232125275326
680.998 1.3962115052457986
885.3580000000001 1.4968261345384302
1151.026 1.611226988930186
1496.394 1.7508619939219134
1945.372 1.831543104830806
2529.044 1.9652456481171592
3287.8160000000003 2.029062326311521
4274.222 2.117749376511354
5556.548 2.2802313009387456
5556.7480000000005 2.280951458648037
11113.496000000001 2.6015173305134685
16670.244 2.749280136299573
22226.992000000002 2.919297586742018
27783.74 2.9589409788316323
33340.488 3.054335039691389
38897.236000000004 3.0958597039224838
44453.984000000004 3.1880699575361895
50010.732 3.258060381864244
55567.48 3.347763893551983
61124.228 3.4216970879323663
66680.976 3.494783896450307
72237.724 3.5539012604448033
77794.47200000001 3.6523079906701943
83351.22 3.711861265817789
88907.96800000001 3.7592710167892243
94464.716 3.767675048580053
100021.464 3.831240787379235
105578.212 3.899018960102457
111134.96 3.9297314134581023
116691.708 3.9664561043444495
122248.456 4.008146748564151
127805.204 4.063066966523002
133361.952 4.130225208276958
138918.7 4.133805485654635
144475.448 4.210792058362191
150032.196 4.234291360612712
155588.94400000002 4.314800237379315
161145.692 4.383107779888704
166702.44 4.420897153531256
172259.188 4.49692700402689
177815.93600000002 4.516862208963095
183372.684 4.519714565192806
188929.432 4.574175649062653
194486.18 4.633712956814211
200042.928 4.698769103453789
205599.676 4.766783803756202
211156.424 4.796075271000822
216713.172 4.843365490277318
222269.92 4.892911768560235
227826.668 4.969228953418735
233383.416 4.991180307097145
238940.16400000002 5.010729393814018
244496.912 5.090177931246172
250053.66 5.130217967248357
255610.408 5.210100488876364
261167.15600000002 5.258851926121252
266723.904 5.242869816334336
272280.652 5.3376636537187805
277837.4 5.313123830042286
283394.148 5.29626611249481
288950.896 5.438692620585978
294507.64400000003 5.395996086163689
300064.392 5.483134720487226
305621.14 5.553247749250623
311177.88800000004 5.54877598943081
316734.636 5.633695091143044
322291.384 5.6370897990060085
327848.132 5.641841173030327
333404.88 5.638166591555187
338961.628 5.710476551629546
344518.376 5.737914531210995
350075.124 5.7042062980515835
355631.87200000003 5.583255645010365
361188.62 5.623613378410522
366745.368 5.547704330456164
372302.116 5.536544285839607
377858.864 5.52935815199828
383415.612 5.539215581769251
388972.36 5.661862239707947
394529.108 5.803348084034387
