0.06 0.015629714425255778
0.138 0.06961111067198497
0.24 0.16621349156619997
0.372 0.3088439335528443
0.542 0.5043531191324162
0.766 0.7804023207675465
1.054 1.152401244619166
1.432 1.6598861076285114
1.92 2.328343375800177
2.5580000000000003 3.221016795285929
3.384 4.393579541038035
4.46 5.917420438069382
5.8580000000000005 7.927554670657012
7.674 10.54779734013654
10.038 13.9277654586523
13.108 18.342791596462764
17.1 24.122445318779512
22.292 31.5276145350533
29.038 41.332240603191835
37.81 53.95925726481768
49.212 70.43780429681959
64.036 91.79341992144083
83.308 119.49846198967634
108.36 155.65408861259974
140.928 201.70665136770288
183.266 263.5807167228197
238.306 342.8187318163513
309.858 446.6236095283503
402.87600000000003 579.7922447324931
523.8 754.9349959869961
680.998 984.9870939536498
885.3580000000001 1276.0291815482376
1151.026 1657.6487820170555
1496.394 2154.219999931176
1945.372 2805.3812347573944
2529.044 3655.695504318959
3287.8160000000003 4753.8527885885105
4274.222 6173.560053321663
5556.548 7994.941994587031
5556.7480000000005 7995.404615235431
11113.496000000001 16044.687010633847
16670.244 24212.681738090498
22226.992000000002 32351.883848562044
27783.74 40544.473463358954
33340.488 48680.56864254283
38897.236000000004 56801.933726490126
44453.984000000004 64891.409164871955
50010.732 72950.07196512238
55567.48 81082.65718708001
61124.228 89187.08783148353
66680.976 97266.62329252572
72237.724 105371.46029643544
77794.47200000001 113430.1427944442
83351.22 121478.76684471275
88907.96800000001 129541.7644286969
94464.716 137595.22881481383
100021.464 145588.41838940638
105578.212 153594.34324791274
111134.96 161570.0547683718
116691.708 169471.4137988179
122248.456 177381.01423159064
127805.204 185335.5008299527
133361.952 193307.032849074
138918.7 201307.7000414773
144475.448 209378.55807580025
150032.196 217404.85225778594
155588.94400000002 225403.14911973992
161145.692 233284.05866286336
166702.44 241187.77511077933
172259.188 249084.36658330288
177815.93600000002 256869.40072371997
183372.684 264760.566167032
188929.432 272580.23197023914
194486.18 280430.6227370303
200042.928 288355.2380456779
205599.676 296280.9473371596
211156.424 304195.57845082245
216713.172 312025.5899155915
222269.92 319895.41571747384
227826.668 327800.1802498872
233383.416 335676.0272844007
238940.16400000002 343524.2245018023
244496.912 351329.02423784876
250053.66 359194.3101189483
255610.408 366981.37210105633
261167.15600000002 374570.584377702
266723.904 382096.20254150167
272280.652 389415.89984223037
277837.4 396958.5768041421
283394.148 404313.9457900426
288950.896 411884.2746290127
294507.64400000003 419563.0618206373
300064.392 427214.73009928793
305621.14 434644.2532126084
311177.88800000004 441929.58025974495
316734.636 449396.23178292625
322291.384 457185.9018374017
327848.132 465100.89852968365
333404.88 473395.6500897784
338961.628 481886.5925707148
344518.376 490321.24998546776
350075.124 498501.8596056501
355631.87200000003 506475.6928151403
361188.62 514175.9246802183
366745.368 522247.5026264661
372302.116 530574.3216104346
377858.864 538838.3708280456
383415.612 546810.0824619716
388972.36 555865.7174239387
394529.108 561734.1919203835
