0.06 0.000991114446463502
0.138 0.003923407696027719
0.24 0.00930027413792981
0.372 0.018620400743182955
0.542 0.031476674073481675
0.766 0.047790623068035144
1.054 0.06667324636856717
1.432 0.08776910012561133
1.92 0.11134411628842053
2.5580000000000003 0.13809934314117867
3.384 0.16922743086693717
4.46 0.20107383938682852
5.8580000000000005 0.2274552582972258
7.674 0.24531588578284488
10.038 0.2563669953528436
13.108 0.2623978130524629
17.1 0.2707500909814089
22.292 0.27904000551330926
29.038 0.29169665181540916
37.81 0.2993049318829831
49.212 0.30313981550484953
64.036 0.31337673156166423
83.308 0.32134813165978654
108.36 0.33410694111051237
140.928 0.35296396823905024
183.266 0.36952279466532173
238.306 0.39501148652245055
309.858 0.43010704989045434
402.87600000000003 0.4567564885692526
523.8 0.5152298689125366
680.998 0.5739167020636191
885.3580000000001 0.6490625712832548
1151.026 0.7484347145187206
1496.394 0.8677781162877859
1945.372 1.0261646251870353
2529.044 1.2237459869025238
3287.8160000000003 1.4874458645609414
4274.222 1.7984108555442395
5556.548 2.2253475198795316
5556.7480000000005 2.225066576204742
11113.496000000001 4.002897039441726
16670.244 5.777582660059554
22226.992000000002 7.536822825226555
27783.74 9.303495074797175
33340.488 11.057717390389172
38897.236000000004 12.799248797132273
44453.984000000004 14.529768659675561
50010.732 16.26517307172722
55567.48 18.013541619519653
61124.228 19.78902674207445
66680.976 21.549948839426158
72237.724 23.317774723614274
77794.47200000001 25.063661350930964
83351.22 26.816005092391922
88907.96800000001 28.58753383679801
94464.716 30.354524988757632
100021.464 32.13157695640178
105578.212 33.89730433517809
111134.96 35.680330023356944
116691.708 37.45597582006271
122248.456 39.27054620864377
127805.204 41.06122692629245
133361.952 42.87151630126062
138918.7 44.66203945228578
144475.448 46.46069770069226
150032.196 48.25804239701806
155588.94400000002 50.03374529700682
161145.692 51.814917292491266
166702.44 53.589367679644056
172259.188 55.36236540855964
177815.93600000002 57.15830732877473
183372.684 58.918668207354436
188929.432 60.70515707401919
194486.18 62.47353639821447
200042.928 64.23952065039751
205599.676 65.99052985837372
211156.424 67.76900227931523
216713.172 69.56374669037194
222269.92 71.42532979159685
227826.668 73.28996573189157
233383.416 75.13616011547377
238940.16400000002 76.98054342034938
244496.912 78.78944620839435
250053.66 80.60327261582752
255610.408 82.44911801890196
261167.15600000002 84.27857792956773
266723.904 86.13540801927063
272280.652 87.9620585533826
277837.4 89.75599183856204
283394.148 91.5401301477413
288950.896 93.25735599204884
294507.64400000003 94.98438897473204
300064.392 96.63434949967409
305621.14 98.31859597598483
311177.88800000004 100.00269475934608
316734.636 101.64336374263759
322291.384 103.24482252376878
327848.132 104.68490734116632
333404.88 106.19134155216376
338961.628 107.72993009063067
344518.376 109.3550041775688
350075.124 111.09510904657324
355631.87200000003 112.91784007723021
361188.62 114.84315396217826
366745.368 116.91882918106405
372302.116 118.83146573498354
377858.864 120.80825868062604
383415.612 122.78135488406555
388972.36 124.26305576636813
394529.108 126.22750581068007
