0.06 0.0009179726524762665
0.138 0.0038985393195693574
0.24 0.009754612939922294
0.372 0.020187619501821057
0.542 0.03517575234247639
0.766 0.05507039809435102
1.054 0.07886522991709785
1.432 0.10705344881265312
1.92 0.14040654456577048
2.5580000000000003 0.1810099038716514
3.384 0.23009038236940427
4.46 0.28545016621139213
5.8580000000000005 0.34411468618974445
7.674 0.39760049060243896
10.038 0.4545218893819148
13.108 0.5169053729816245
17.1 0.5767270829015434
22.292 0.6596112667632803
29.038 0.7601126960211874
37.81 0.8795832509056094
49.212 1.0266978368623532
64.036 1.1906905466887432
83.308 1.3822329681283518
108.36 1.6386898383115198
140.928 1.9439563670500328
183.266 2.338517166593099
238.306 2.803824425663418
309.858 3.4095806060008402
402.87600000000003 4.217654983507502
523.8 5.2404165806936565
680.998 6.544156758356034
885.3580000000001 8.324642058190184
1151.026 10.535990912281171
1496.394 13.553849278307514
1945.372 17.29566643351162
2529.044 22.03442795288984
3287.8160000000003 28.43851679711973
4274.222 36.78139454146364
5556.548 47.601085489127364
5556.7480000000005 47.604612642005726
11113.496000000001 94.5047444468415
16670.244 141.39240845594915
22226.992000000002 188.00486372058816
27783.74 235.03933509727983
33340.488 282.0697305512328
38897.236000000004 329.04548219407764
44453.984000000004 375.61640116210236
50010.732 422.422119689913
55567.48 469.40664124058077
61124.228 516.1324436117734
66680.976 562.97457057765
72237.724 610.0630001480115
77794.47200000001 657.225121310448
83351.22 704.4354870530232
88907.96800000001 751.6048379190853
94464.716 798.7027904895025
100021.464 845.823619175705
105578.212 892.9265502091596
111134.96 940.3010017519347
116691.708 987.6601952693387
122248.456 1035.142163214132
127805.204 1082.9659616734466
133361.952 1130.5940635610489
138918.7 1178.0044016719298
144475.448 1225.0213745865146
150032.196 1272.0259873212271
155588.94400000002 1319.5847953991097
161145.692 1367.5221600139973
166702.44 1415.463414164312
172259.188 1463.8367014458147
177815.93600000002 1512.2620735850599
183372.684 1560.2092153311878
188929.432 1608.813014103562
194486.18 1657.1180311466273
200042.928 1705.364932905648
205599.676 1753.7776495830399
211156.424 1802.4961694042083
216713.172 1851.3973069819249
222269.92 1901.0161786789026
227826.668 1950.306320247269
233383.416 1998.0363133241576
238940.16400000002 2046.5038703128487
244496.912 2093.835073673807
250053.66 2141.7716459141893
255610.408 2189.928575072925
261167.15600000002 2238.5969835157093
266723.904 2287.0707349698
272280.652 2335.6167923536254
277837.4 2383.296493124826
283394.148 2431.7903350868323
288950.896 2480.25919849423
294507.64400000003 2528.020615928821
300064.392 2577.4281231016216
305621.14 2627.5526620919686
311177.88800000004 2676.9768698232087
316734.636 2725.9847637336343
322291.384 2776.78259974666
327848.132 2827.676287678471
333404.88 2877.5779188444835
338961.628 2929.8051562854557
344518.376 2979.7075838499613
350075.124 3030.5585994272897
355631.87200000003 3079.503091911455
361188.62 3125.216955147918
366745.368 3170.7162439063527
372302.116 3217.6029518572523
377858.864 3253.5197351312445
383415.612 3290.6330182570982
388972.36 3324.92264290158
394529.108 3366.290794238349
