1 0.049475262368815595
2 0.043478260869565216
3 0.02798600699650175
4 0.027486256871564217
5 0.015492253873063468
6 0.018490754622688656
7 0.01699150424787606
8 0.009995002498750625
9 0.005997001499250375
10 0.005997001499250375
11 0.0069965017491254375
12 0.0029985007496251873
13 0.0029985007496251873
14 0.0024987506246876563
15 0.0014992503748125937
17 0.0004997501249375312
982 0.0004997501249375312
983 0.0009995002498750624
984 0.0004997501249375312
985 0.0029985007496251873
986 0.001999000499750125
987 0.004497751124437781
988 0.004497751124437781
989 0.0079960019990005
990 0.0079960019990005
991 0.004997501249375313
992 0.0069965017491254375
993 0.015492253873063468
994 0.017491254372813594
995 0.01649175412293853
996 0.019490254872563718
997 0.021989005497251374
998 0.0399800099950025
999 0.04147926036981509
1000 0.783608195902049
