0.000000000000000000e+00 1.345577949837599618e+01 7.515786390000000210e+03 7.531695999999999913e+03
3.000000000000000062e-03 1.340322219837599604e+01 7.515737049999999726e+03 7.531589369999999690e+03
6.000000000000000125e-03 1.324704809837599662e+01 7.515590400000000045e+03 7.531272429999999986e+03
8.999999999999999320e-03 1.299156939837599722e+01 7.515350319999999556e+03 7.530753579999999602e+03
1.200000000000000025e-02 1.264360889837599622e+01 7.515022960000000239e+03 7.530046089999999822e+03
1.499999999999999944e-02 1.221209239837599725e+01 7.514616359999999986e+03 7.529167330000000220e+03
1.799999999999999864e-02 1.170756259837599700e+01 7.514140059999999721e+03 7.528137910000000375e+03
2.100000000000000130e-02 1.114166389837599702e+01 7.513604659999999967e+03 7.526980690000000322e+03
2.400000000000000050e-02 1.052664139837599677e+01 7.513021389999999883e+03 7.525719839999999749e+03
2.699999999999999969e-02 9.874882298375997181e+00 7.512401700000000346e+03 7.524379949999999553e+03
2.999999999999999889e-02 9.198518678375997126e+00 7.511756860000000415e+03 7.522985270000000128e+03
3.300000000000000155e-02 8.509100798375996533e+00 7.511097730000000411e+03 7.521559009999999944e+03
3.599999999999999728e-02 7.817341198375995504e+00 7.510434400000000096e+03 7.520122879999999896e+03
3.899999999999999994e-02 7.132925718375996205e+00 7.509776090000000295e+03 7.518696630000000368e+03
4.200000000000000261e-02 6.464384508375996319e+00 7.509130970000000161e+03 7.517297800000000279e+03
4.499999999999999833e-02 5.819014998375996228e+00 7.508506059999999707e+03 7.515941520000000310e+03
4.800000000000000100e-02 5.211343668375995719e+00 7.507914899999999761e+03 7.514656769999999597e+03
5.399999999999999939e-02 4.085977448375995635e+00 7.506814470000000256e+03 7.512261629999999968e+03
5.999999999999999778e-02 3.118151308375995967e+00 7.505858769999999822e+03 7.510175930000000335e+03
6.600000000000000311e-02 2.315055938375996103e+00 7.505055800000000090e+03 7.508418520000000171e+03
7.199999999999999456e-02 1.670574688375995986e+00 7.504400819999999840e+03 7.506980980000000272e+03
7.799999999999999989e-02 1.169479068375995912e+00 7.503880299999999806e+03 7.505835900000000038e+03
8.400000000000000522e-02 7.915640613759959976e-01 7.503475910000000113e+03 7.504945099999999911e+03
8.999999999999999667e-02 5.151412693759960248e-01 7.503167919999999867e+03 7.504266779999999926e+03
9.600000000000000200e-02 3.352755843759959720e-01 7.502953220000000329e+03 7.503795089999999618e+03
1.079999999999999988e-01 1.112385893759959832e-01 7.502660460000000057e+03 7.503153100000000450e+03
1.199999999999999956e-01 3.953138937599598446e-02 7.502533019999999851e+03 7.502867710000000443e+03
1.320000000000000062e-01 6.006930927599598430e-02 7.502524620000000141e+03 7.502822720000000118e+03
1.439999999999999891e-01 1.420086283759960100e-01 7.502612519999999677e+03 7.502956519999999728e+03
1.559999999999999998e-01 2.670611703759959710e-01 7.502779760000000351e+03 7.503227670000000217e+03
1.680000000000000104e-01 4.186072483759959995e-01 7.503005500000000211e+03 7.503593890000000101e+03
1.799999999999999933e-01 5.774075993759960612e-01 7.503263060000000223e+03 7.504005390000000261e+03
1.920000000000000040e-01 7.137489523759960042e-01 7.503516109999999571e+03 7.504393089999999575e+03
2.159999999999999976e-01 8.811448633759960680e-01 7.503924839999999676e+03 7.504964549999999690e+03
2.399999999999999911e-01 8.405374213759960744e-01 7.504100440000000162e+03 7.505087000000000444e+03
2.640000000000000124e-01 6.258313923759960540e-01 7.504035619999999653e+03 7.504785139999999956e+03
2.879999999999999782e-01 3.467862093759959685e-01 7.503820950000000266e+03 7.504262279999999919e+03
3.119999999999999996e-01 1.106894423759959833e-01 7.503570420000000013e+03 7.503745729999999639e+03
3.360000000000000209e-01 -2.768962172400401406e-02 7.503368999999999687e+03 7.503381629999999859e+03
3.599999999999999867e-01 -6.821220012400401600e-02 7.503257160000000113e+03 7.503213969999999790e+03
3.840000000000000080e-01 -3.519421892400401153e-02 7.503250670000000355e+03 7.503236219999999776e+03
4.319999999999999951e-01 5.464546637599598800e-02 7.503338080000000446e+03 7.503415100000000166e+03
4.799999999999999822e-01 8.057363397599598409e-02 7.503408339999999953e+03 7.503516209999999774e+03
5.280000000000000249e-01 3.780186877599598511e-02 7.503355169999999816e+03 7.503417099999999664e+03
5.759999999999999565e-01 1.170485599598803522e-05 7.503262190000000373e+03 7.503279550000000199e+03
6.239999999999999991e-01 -6.290752334004012097e-03 7.503213130000000092e+03 7.503225730000000112e+03
6.720000000000000417e-01 5.582821599598797660e-05 7.503205589999999575e+03 7.503228299999999763e+03
7.199999999999999734e-01 2.908228625995988234e-03 7.503205549999999675e+03 7.503233100000000377e+03
7.680000000000000160e-01 8.957877159959880785e-04 7.503175710000000436e+03 7.503195279999999912e+03
8.639999999999999902e-01 -2.206624393004012058e-03 7.503112250000000131e+03 7.503128999999999905e+03
9.599999999999999645e-01 -4.358487554004012235e-03 7.503068540000000212e+03 7.503081259999999929e+03
1.056000000000000050e+00 -8.131603234004011749e-03 7.503026579999999740e+03 7.503032449999999699e+03
1.151999999999999913e+00 -6.446574064004012214e-03 7.502985649999999623e+03 7.502991979999999785e+03
1.247999999999999998e+00 -3.919246394004012070e-03 7.502957500000000437e+03 7.502964229999999588e+03
1.344000000000000083e+00 9.900346059959880783e-04 7.502923840000000382e+03 7.502935580000000300e+03
1.439999999999999947e+00 -1.152289143400401193e-02 7.502899389999999585e+03 7.502895410000000084e+03
1.536000000000000032e+00 -8.693172244004012186e-03 7.502869209999999839e+03 7.502864959999999883e+03
1.727999999999999980e+00 -1.590367589004012096e-03 7.502835540000000037e+03 7.502845250000000306e+03
1.919999999999999929e+00 -4.322394074004011488e-03 7.502808589999999640e+03 7.502810120000000097e+03
2.112000000000000099e+00 -6.086535454004012025e-03 7.502775749999999789e+03 7.502775749999999789e+03
2.303999999999999826e+00 -3.074466114004012051e-03 7.502755509999999958e+03 7.502763060000000223e+03
2.495999999999999996e+00 -2.753919863004012075e-03 7.502742070000000240e+03 7.502746850000000450e+03
2.688000000000000167e+00 -1.701124742004012091e-03 7.502716720000000350e+03 7.502713759999999638e+03
2.879999999999999893e+00 2.374343495995988318e-03 7.502704060000000027e+03 7.502709569999999985e+03
3.072000000000000064e+00 -2.425552826004011807e-03 7.502687740000000304e+03 7.502690819999999803e+03
3.455999999999999961e+00 5.375428259959879815e-04 7.502670290000000023e+03 7.502677660000000287e+03
3.839999999999999858e+00 -2.298145506004011830e-03 7.502660689999999704e+03 7.502657760000000053e+03
4.224000000000000199e+00 -1.487755978004012087e-03 7.502653919999999744e+03 7.502656899999999951e+03
4.607999999999999652e+00 -3.822963174004012123e-03 7.502646399999999630e+03 7.502644510000000082e+03
4.991999999999999993e+00 -1.542458342004011940e-03 7.502645550000000185e+03 7.502644839999999931e+03
5.376000000000000334e+00 -3.863177754004012195e-03 7.502650139999999737e+03 7.502649550000000090e+03
5.759999999999999787e+00 -1.722207740040119801e-04 7.502644449999999779e+03 7.502649500000000444e+03
6.144000000000000128e+00 -5.691611640040120795e-04 7.502641950000000179e+03 7.502643829999999980e+03
6.911999999999999922e+00 6.238446159959878598e-04 7.502638060000000223e+03 7.502639900000000125e+03
7.679999999999999716e+00 -3.094846040040120146e-04 7.502638890000000174e+03 7.502637600000000020e+03
8.448000000000000398e+00 6.439604059959879757e-04 7.502634560000000420e+03 7.502640190000000075e+03
9.215999999999999304e+00 2.122738675995988235e-03 7.502632300000000214e+03 7.502632499999999709e+03
9.983999999999999986e+00 3.952073059959879467e-04 7.502624619999999595e+03 7.502625790000000052e+03
1.075200000000000067e+01 -1.222586007004012069e-03 7.502622279999999591e+03 7.502625360000000001e+03
1.151999999999999957e+01 -8.367578840040119578e-04 7.502623700000000099e+03 7.502625130000000354e+03
1.228800000000000026e+01 -1.262586723004012132e-03 7.502626709999999548e+03 7.502628060000000005e+03
1.382399999999999984e+01 -8.008759040040119934e-04 7.502634350000000268e+03 7.502640199999999822e+03
1.535999999999999943e+01 -8.964386180040120585e-04 7.502634409999999662e+03 7.502636470000000372e+03
1.689600000000000080e+01 -2.841864604004012106e-03 7.502636269999999968e+03 7.502632760000000417e+03
1.843199999999999861e+01 -1.542051077004012120e-03 7.502636340000000018e+03 7.502635460000000421e+03
1.996799999999999997e+01 -4.231614440040119655e-04 7.502633060000000114e+03 7.502633630000000267e+03
2.150400000000000134e+01 2.269121245995988148e-03 7.502630979999999909e+03 7.502635449999999764e+03
2.303999999999999915e+01 -3.370539400401211839e-05 7.502634310000000369e+03 7.502633960000000116e+03
2.457600000000000051e+01 -1.198505540040120578e-04 7.502636319999999614e+03 7.502638420000000224e+03
2.764799999999999969e+01 -9.162403170040120393e-04 7.502630210000000261e+03 7.502632620000000315e+03
3.071999999999999886e+01 -6.523390740040119467e-04 7.502629609999999957e+03 7.502630820000000313e+03
3.379200000000000159e+01 3.798577759959878911e-04 7.502624920000000202e+03 7.502626529999999548e+03
3.686399999999999721e+01 -1.159369840040120302e-04 7.502634420000000318e+03 7.502636010000000169e+03
3.993599999999999994e+01 -8.215898240040121151e-04 7.502628010000000359e+03 7.502628080000000409e+03
4.300800000000000267e+01 -5.932747540040119762e-04 7.502626059999999597e+03 7.502626150000000052e+03
4.607999999999999829e+01 -6.427147340040120435e-04 7.502632010000000264e+03 7.502632169999999860e+03
4.915200000000000102e+01 2.536002359959880353e-04 7.502631569999999556e+03 7.502633499999999913e+03
5.529599999999999937e+01 5.942238959959879677e-04 7.502632679999999709e+03 7.502636220000000321e+03
6.143999999999999773e+01 -2.665681400401210058e-05 7.502631699999999910e+03 7.502634180000000015e+03
6.758400000000000318e+01 3.470439059959878718e-04 7.502631500000000415e+03 7.502631639999999607e+03
7.372799999999999443e+01 3.515333259959878102e-04 7.502636150000000271e+03 7.502638689999999769e+03
7.987199999999999989e+01 7.483516599598788108e-05 7.502636580000000322e+03 7.502638750000000073e+03
8.601600000000000534e+01 5.299840859959879455e-04 7.502635580000000118e+03 7.502638490000000274e+03
9.215999999999999659e+01 3.648122759959881653e-04 7.502633380000000216e+03 7.502635940000000119e+03
9.830400000000000205e+01 -5.510850540040119691e-04 7.502632059999999910e+03 7.502633209999999963e+03
1.105919999999999987e+02 1.451570599598790007e-05 7.502633170000000064e+03 7.502635540000000219e+03
1.228799999999999955e+02 6.095692599598803545e-05 7.502635540000000219e+03 7.502636459999999715e+03
1.351680000000000064e+02 -6.180524004012000541e-06 7.502633630000000267e+03 7.502634860000000117e+03
1.474559999999999889e+02 2.512845599598806032e-05 7.502634049999999661e+03 7.502635260000000017e+03
1.597439999999999998e+02 1.144283059959878487e-04 7.502632260000000315e+03 7.502632969999999659e+03
1.720320000000000107e+02 3.128803159959878122e-04 7.502635610000000270e+03 7.502638140000000021e+03
1.843199999999999932e+02 5.110463599598802885e-05 7.502649760000000242e+03 7.502651120000000446e+03
1.966080000000000041e+02 -6.624147640040120230e-04 7.502650450000000092e+03 7.502650819999999840e+03
2.211839999999999975e+02 -5.549586400401202227e-05 7.502658239999999751e+03 7.502658999999999651e+03
2.457599999999999909e+02 2.661548359959879304e-04 7.502648390000000290e+03 7.502650069999999687e+03
2.703360000000000127e+02 1.077213359959880521e-04 7.502650620000000345e+03 7.502651820000000043e+03
2.949119999999999777e+02 4.661472159959881116e-04 7.502638119999999617e+03 7.502639369999999872e+03
3.194879999999999995e+02 1.970216959959877542e-04 7.502639040000000023e+03 7.502641029999999773e+03
3.440640000000000214e+02 -5.595725740040120074e-04 7.502643000000000029e+03 7.502643380000000434e+03
3.686399999999999864e+02 1.095711259959878791e-04 7.502639989999999671e+03 7.502641669999999976e+03
3.932160000000000082e+02 1.890148599598801514e-05 7.502633200000000215e+03 7.502634659999999712e+03
4.423679999999999950e+02 -3.775921400401205039e-05 7.502624740000000202e+03 7.502626030000000355e+03
4.915199999999999818e+02 1.535324559959879917e-04 7.502631889999999657e+03 7.502633009999999558e+03
5.406720000000000255e+02 -2.401833740040119382e-04 7.502627419999999802e+03 7.502628719999999703e+03
5.898239999999999554e+02 -6.104728400401198546e-05 7.502631580000000213e+03 7.502632620000000315e+03
6.389759999999999991e+02 -4.289801400401212390e-05 7.502626800000000003e+03 7.502627900000000409e+03
6.881280000000000427e+02 -9.337350400401202982e-05 7.502631449999999859e+03 7.502632459999999810e+03
7.372799999999999727e+02 -1.979878740040121217e-04 7.502636639999999716e+03 7.502638149999999769e+03
7.864320000000000164e+02 -1.622557440040120827e-04 7.502624279999999999e+03 7.502625060000000303e+03
8.847359999999999900e+02 -1.378152640040121273e-04 7.502617659999999887e+03 7.502618950000000041e+03
9.830399999999999636e+02 -1.690153440040121323e-04 7.502611160000000382e+03 7.502612189999999828e+03
1.081339999999999918e+03 -8.349580400401207525e-05 7.502601740000000063e+03 7.502602439999999660e+03
1.179650000000000091e+03 6.601144599598790519e-05 7.502617339999999786e+03 7.502618730000000141e+03
1.277950000000000045e+03 -5.297206400401203129e-05 7.502609400000000278e+03 7.502610829999999623e+03
1.376259999999999991e+03 -6.507369400401193799e-05 7.502598140000000058e+03 7.502599309999999605e+03
1.474559999999999945e+03 -6.150433400401193393e-05 7.502621600000000399e+03 7.502623220000000401e+03
1.572859999999999900e+03 1.843107259959881825e-04 7.502614690000000337e+03 7.502616210000000137e+03
1.769470000000000027e+03 -8.117967400401212424e-05 7.502629299999999603e+03 7.502630420000000413e+03
1.966079999999999927e+03 3.696795995987954553e-06 7.502659510000000409e+03 7.502660810000000311e+03
2.162690000000000055e+03 1.326094259959881630e-04 7.502667410000000018e+03 7.502669299999999566e+03
2.359300000000000182e+03 3.903644599598785937e-05 7.502680680000000393e+03 7.502681919999999991e+03
2.555900000000000091e+03 1.198913559959879048e-04 7.502678050000000439e+03 7.502679280000000290e+03
2.752510000000000218e+03 7.846971599598804095e-05 7.502691890000000058e+03 7.502693400000000111e+03
2.949119999999999891e+03 1.754568599598798316e-05 7.502693290000000161e+03 7.502694590000000062e+03
3.145730000000000018e+03 4.176332599598801647e-05 7.502704609999999775e+03 7.502706030000000283e+03
3.538940000000000055e+03 -3.548196400401200032e-05 7.502752870000000257e+03 7.502754160000000411e+03
3.932159999999999854e+03 -2.009637940040120280e-04 7.502743590000000040e+03 7.502744810000000143e+03
4.325380000000000109e+03 4.219431599598801215e-05 7.502752870000000257e+03 7.502754140000000007e+03
4.718590000000000146e+03 1.253359599598792389e-05 7.502797550000000228e+03 7.502798660000000382e+03
5.111810000000000400e+03 -4.718047400401200429e-05 7.502742140000000290e+03 7.502743300000000090e+03
5.505020000000000437e+03 -1.913602400401199534e-05 7.502746640000000298e+03 7.502747849999999744e+03
5.898239999999999782e+03 -8.240527400401199271e-05 7.502769599999999627e+03 7.502770849999999882e+03
6.291460000000000036e+03 -3.939214400401212963e-05 7.502769390000000385e+03 7.502770559999999932e+03
7.077890000000000327e+03 -1.241254400401203307e-05 7.502755240000000413e+03 7.502756409999999960e+03
7.864319999999999709e+03 -5.323624004012093500e-06 7.502767060000000129e+03 7.502768380000000434e+03
8.650750000000000000e+03 -4.707809400401213352e-05 7.502781710000000203e+03 7.502782860000000255e+03
9.437180000000000291e+03 4.161342599598807403e-05 7.502761959999999817e+03 7.502763270000000375e+03
1.022360000000000036e+04 -3.711306400401201931e-05 7.502803939999999784e+03 7.502805199999999786e+03
1.101000000000000000e+04 -1.243731400401193628e-05 7.502817629999999554e+03 7.502818860000000313e+03
1.179650000000000000e+04 4.324080599598799542e-05 7.502785469999999805e+03 7.502786839999999756e+03
1.258289999999999964e+04 2.753112599598785820e-05 7.502775999999999840e+03 7.502777310000000398e+03
1.415579999999999927e+04 -1.898881400401192937e-05 7.502702620000000024e+03 7.502703730000000178e+03
1.572860000000000036e+04 2.289167599598806307e-05 7.502747839999999997e+03 7.502749060000000100e+03
1.730150000000000000e+04 6.722695995987860648e-06 7.502723490000000311e+03 7.502724729999999909e+03
1.887440000000000146e+04 3.155058599598804282e-05 7.502731520000000273e+03 7.502732829999999922e+03
2.044720000000000073e+04 1.240536599598791173e-05 7.502693100000000413e+03 7.502694290000000365e+03
2.202009999999999854e+04 -1.395850400401203208e-05 7.502797120000000177e+03 7.502798270000000230e+03
2.359300000000000000e+04 2.953211599598807094e-05 7.502776060000000143e+03 7.502777269999999589e+03
2.516579999999999927e+04 6.798495995987904883e-06 7.502736789999999928e+03 7.502738049999999930e+03
2.831159999999999854e+04 1.555834599598787150e-05 7.502788950000000114e+03 7.502790270000000419e+03
3.145729999999999927e+04 1.466314599598791436e-05 7.502804949999999735e+03 7.502806239999999889e+03
3.460300000000000000e+04 -7.118224004012138964e-06 7.502584249999999884e+03 7.502585509999999886e+03
3.774869999999999709e+04 -7.355394004012047113e-06 7.502637819999999920e+03 7.502639079999999922e+03
4.089450000000000000e+04 3.480326599598795694e-05 7.502654099999999744e+03 7.502655340000000251e+03
4.404019999999999709e+04 1.705312599598789516e-05 7.502697650000000067e+03 7.502698919999999816e+03
4.718590000000000146e+04 7.699795995987990596e-06 7.502571689999999762e+03 7.502573000000000320e+03
5.033159999999999854e+04 1.823685995988068298e-06 7.502311789999999746e+03 7.502313110000000052e+03
5.662309999999999854e+04 2.642912599598807102e-05 7.502227770000000419e+03 7.502229059999999663e+03
6.291459999999999854e+04 4.773112599598802394e-05 7.502474610000000212e+03 7.502475950000000012e+03
6.920600000000000000e+04 6.358755995987961165e-06 7.502468359999999848e+03 7.502469619999999850e+03
7.549750000000000000e+04 3.440926599598804168e-05 7.502429860000000190e+03 7.502431139999999687e+03
8.178889999999999418e+04 8.743151599598791845e-05 7.502313140000000203e+03 7.502314529999999650e+03
8.808039999999999418e+04 3.102328599598799114e-05 7.502386809999999969e+03 7.502388160000000425e+03
9.437180000000000291e+04 3.283815995987985487e-06 7.502547279999999773e+03 7.502548619999999573e+03
1.006630000000000000e+05 1.615405599598800611e-05 7.503109300000000076e+03 7.503110520000000179e+03
1.132460000000000000e+05 -1.698653400401210073e-05 7.503158950000000004e+03 7.503160219999999754e+03
1.258290000000000000e+05 -1.295172400401210268e-05 7.503251100000000406e+03 7.503252269999999953e+03
1.384120000000000000e+05 6.243758599598788449e-05 7.504062539999999899e+03 7.504063860000000204e+03
1.509950000000000000e+05 7.616096599598787438e-05 7.503395709999999781e+03 7.503397090000000389e+03
1.635780000000000000e+05 -1.428212400401192989e-05 7.503534599999999955e+03 7.503535859999999957e+03
1.761610000000000000e+05 -3.490228040040120692e-04 7.500899819999999636e+03 7.500901090000000295e+03
