0.000000000000000000e+00 2.248423603119616487e+01 2.061078730000000178e+03 2.085483160000000225e+03
3.000000000000000062e-03 2.241605013119616530e+01 2.061020210000000134e+03 2.085353819999999814e+03
6.000000000000000125e-03 2.221252513119616268e+01 2.060845510000000104e+03 2.084967759999999998e+03
8.999999999999999320e-03 2.187667133119616381e+01 2.060557170000000042e+03 2.084330559999999878e+03
1.200000000000000025e-02 2.141336573119616560e+01 2.060159230000000207e+03 2.083451239999999871e+03
1.499999999999999944e-02 2.082920613119616249e+01 2.059657150000000001e+03 2.082341939999999795e+03
1.799999999999999864e-02 2.013231943119616218e+01 2.059057629999999790e+03 2.081017640000000029e+03
2.100000000000000130e-02 1.933213423119616436e+01 2.058368429999999989e+03 2.079495679999999993e+03
2.400000000000000050e-02 1.843913053119616308e+01 2.057598140000000058e+03 2.077795309999999972e+03
2.699999999999999969e-02 1.746457653119616538e+01 2.056755959999999959e+03 2.075937230000000000e+03
2.999999999999999889e-02 1.642026393119616401e+01 2.055851520000000164e+03 2.073943069999999807e+03
3.300000000000000155e-02 1.531825113119616333e+01 2.054894600000000082e+03 2.071834969999999885e+03
3.599999999999999728e-02 1.417062273119616478e+01 2.053894989999999780e+03 2.069635069999999814e+03
3.899999999999999994e-02 1.298927033119616326e+01 2.052862279999999828e+03 2.067365159999999833e+03
4.200000000000000261e-02 1.178570063119616407e+01 2.051805690000000141e+03 2.065046319999999923e+03
4.499999999999999833e-02 1.057087193119616408e+01 2.050733999999999924e+03 2.062698620000000119e+03
4.800000000000000100e-02 9.357190321196164007e+00 2.049655560000000150e+03 2.060342729999999847e+03
5.399999999999999939e-02 6.963843741196163784e+00 2.047510289999999941e+03 2.055672750000000178e+03
5.999999999999999778e-02 4.668229051196163937e+00 2.045417940000000044e+03 2.051149350000000140e+03
6.600000000000000311e-02 2.521279811196163845e+00 2.043419030000000021e+03 2.046866980000000012e+03
7.199999999999999456e-02 5.598091971961639546e-01 2.041543629999999894e+03 2.042895279999999957e+03
7.799999999999999989e-02 -1.192119838803836096e+00 2.039812820000000102e+03 2.039281979999999976e+03
8.400000000000000522e-02 -2.721173088803836126e+00 2.038240739999999960e+03 2.036056759999999940e+03
8.999999999999999667e-02 -4.022435318803836424e+00 2.036836479999999938e+03 2.033235529999999926e+03
9.600000000000000200e-02 -5.041802028803836322e+00 2.035650280000000066e+03 2.030926870000000008e+03
1.079999999999999988e-01 -6.539342278803836450e+00 2.033725550000000112e+03 2.027326849999999922e+03
1.199999999999999956e-01 -7.220650108803836176e+00 2.032527100000000019e+03 2.025317009999999982e+03
1.320000000000000062e-01 -7.165065848803836346e+00 2.032053900000000112e+03 2.024816219999999930e+03
1.439999999999999891e-01 -6.463082518803836329e+00 2.032272050000000036e+03 2.025695110000000113e+03
1.559999999999999998e-01 -5.225888168803836109e+00 2.033099339999999984e+03 2.027752539999999954e+03
1.680000000000000104e-01 -3.595496658803836176e+00 2.034400879999999916e+03 2.030702819999999974e+03
1.799999999999999933e-01 -1.745581618803835999e+00 2.036000810000000001e+03 2.034188110000000052e+03
1.920000000000000040e-01 8.993668739616400565e-02 2.037688310000000001e+03 2.037758430000000089e+03
2.159999999999999976e-01 3.127035401196164077e+00 2.040675510000000031e+03 2.043886700000000019e+03
2.399999999999999911e-01 4.574886961196163782e+00 2.042517599999999902e+03 2.047278819999999996e+03
2.640000000000000124e-01 4.331905551196164161e+00 2.043015349999999899e+03 2.047609850000000051e+03
2.879999999999999782e-01 3.030110411196163867e+00 2.042486859999999979e+03 2.045810320000000047e+03
3.119999999999999996e-01 1.491580171196164040e+00 2.041460870000000114e+03 2.043229829999999993e+03
3.360000000000000209e-01 2.920096101961640045e-01 2.040436140000000023e+03 2.040960250000000087e+03
3.599999999999999867e-01 -3.627531478038359958e-01 2.039709059999999909e+03 2.039524239999999963e+03
3.840000000000000080e-01 -4.711570858038359733e-01 2.039379779999999982e+03 2.039037499999999909e+03
4.319999999999999951e-01 -2.472621868038359927e-01 2.039108159999999998e+03 2.038917529999999942e+03
4.799999999999999822e-01 -2.285125510383599970e-02 2.039011420000000044e+03 2.039026080000000093e+03
5.280000000000000249e-01 3.614120959616400064e-02 2.039043069999999943e+03 2.039140049999999974e+03
5.759999999999999565e-01 2.153441291961639970e-01 2.039359420000000000e+03 2.039680260000000089e+03
6.239999999999999991e-01 3.927125041961639917e-01 2.039688619999999901e+03 2.040232649999999921e+03
6.720000000000000417e-01 3.558393191961640167e-01 2.039717290000000048e+03 2.040242019999999911e+03
7.199999999999999734e-01 1.447744551961639980e-01 2.039459990000000062e+03 2.039753889999999956e+03
7.680000000000000160e-01 8.638258906163999093e-03 2.039199620000000095e+03 2.039330220000000054e+03
8.639999999999999902e-01 5.548988299616400277e-02 2.039134639999999990e+03 2.039317189999999982e+03
9.599999999999999645e-01 1.128284761961640126e-01 2.039269250000000056e+03 2.039511899999999969e+03
1.056000000000000050e+00 3.127359449616400056e-02 2.039167050000000017e+03 2.039312130000000025e+03
1.151999999999999913e+00 4.379344859616399882e-02 2.039153479999999945e+03 2.039315239999999903e+03
1.247999999999999998e+00 3.294853239616400004e-02 2.039099290000000110e+03 2.039218020000000024e+03
1.344000000000000083e+00 4.331324419616400245e-02 2.039093820000000051e+03 2.039234089999999924e+03
1.439999999999999947e+00 3.505643379616400074e-02 2.039120110000000068e+03 2.039240819999999985e+03
1.536000000000000032e+00 4.413009389616399936e-02 2.039080809999999929e+03 2.039195130000000063e+03
1.727999999999999980e+00 5.980559179616400101e-02 2.039057009999999991e+03 2.039172160000000076e+03
1.919999999999999929e+00 8.095038299616399979e-02 2.039028409999999894e+03 2.039153579999999920e+03
2.112000000000000099e+00 9.159466489616401030e-02 2.039032519999999977e+03 2.039146210000000110e+03
2.303999999999999826e+00 1.050787991961640022e-01 2.039013439999999946e+03 2.039144620000000032e+03
2.495999999999999996e+00 1.091475031961640085e-01 2.039004490000000033e+03 2.039128230000000030e+03
2.688000000000000167e+00 1.091526401961640108e-01 2.038993359999999939e+03 2.039123239999999896e+03
2.879999999999999893e+00 1.051896091961640051e-01 2.038997290000000021e+03 2.039130220000000008e+03
3.072000000000000064e+00 9.973452309616401279e-02 2.039007749999999987e+03 2.039127919999999904e+03
3.455999999999999961e+00 8.325043709616400389e-02 2.038999279999999999e+03 2.039107500000000073e+03
3.839999999999999858e+00 7.302452259616400154e-02 2.038989170000000058e+03 2.039084740000000011e+03
4.224000000000000199e+00 6.061673879616399918e-02 2.038978219999999965e+03 2.039067950000000110e+03
4.607999999999999652e+00 5.669759249616399682e-02 2.038976450000000114e+03 2.039062439999999924e+03
4.991999999999999993e+00 5.652488039616399701e-02 2.038963320000000067e+03 2.039037389999999959e+03
5.376000000000000334e+00 5.204325989616399861e-02 2.038968339999999898e+03 2.039033680000000004e+03
5.759999999999999787e+00 4.823690909616400180e-02 2.038962999999999965e+03 2.039026090000000067e+03
6.144000000000000128e+00 4.674711749616399653e-02 2.038960530000000063e+03 2.039020770000000084e+03
6.911999999999999922e+00 4.050609519616400062e-02 2.038952980000000025e+03 2.039012580000000071e+03
7.679999999999999716e+00 3.550018279616400096e-02 2.038948799999999892e+03 2.038995269999999891e+03
8.448000000000000398e+00 3.247050189616400295e-02 2.038941980000000058e+03 2.038983799999999974e+03
9.215999999999999304e+00 3.070661649616400132e-02 2.038947010000000091e+03 2.038993079999999964e+03
9.983999999999999986e+00 2.626236859616400132e-02 2.038943850000000111e+03 2.038981099999999969e+03
1.075200000000000067e+01 2.303239499616399968e-02 2.038937889999999925e+03 2.038970929999999953e+03
1.151999999999999957e+01 2.249932029616399931e-02 2.038929049999999961e+03 2.038959100000000035e+03
1.228800000000000026e+01 2.184550219616400099e-02 2.038930959999999914e+03 2.038959849999999960e+03
1.382399999999999984e+01 1.639125959616399841e-02 2.038934500000000071e+03 2.038956439999999930e+03
1.535999999999999943e+01 1.479216129616399943e-02 2.038925660000000107e+03 2.038943970000000036e+03
1.689600000000000080e+01 1.316078479616399934e-02 2.038925060000000030e+03 2.038944050000000061e+03
1.843199999999999861e+01 1.168066839616399913e-02 2.038922100000000000e+03 2.038939720000000079e+03
1.996799999999999997e+01 1.049374369616399953e-02 2.038923350000000028e+03 2.038937789999999950e+03
2.150400000000000134e+01 9.470253286164000139e-03 2.038920540000000074e+03 2.038932250000000067e+03
2.303999999999999915e+01 8.824537616164000384e-03 2.038922769999999900e+03 2.038934469999999919e+03
2.457600000000000051e+01 6.585142146164000600e-03 2.038924590000000080e+03 2.038935600000000022e+03
2.764799999999999969e+01 5.681612876164000674e-03 2.038922880000000077e+03 2.038931800000000067e+03
3.071999999999999886e+01 5.020768056164000639e-03 2.038924890000000005e+03 2.038934600000000046e+03
3.379200000000000159e+01 4.943932566164000071e-03 2.038918149999999969e+03 2.038923890000000029e+03
3.686399999999999721e+01 4.226889986164000454e-03 2.038921139999999923e+03 2.038926030000000083e+03
3.993599999999999994e+01 -1.309680707359997098e-04 2.038919100000000071e+03 2.038917500000000018e+03
4.300800000000000267e+01 1.620246156164000233e-03 2.038921160000000100e+03 2.038923270000000002e+03
4.607999999999999829e+01 1.366618141640003220e-04 2.038914600000000064e+03 2.038914420000000064e+03
4.915200000000000102e+01 5.163295316400030670e-05 2.038914469999999937e+03 2.038914369999999963e+03
5.529599999999999937e+01 -3.755994968359997028e-04 2.038917349999999942e+03 2.038915919999999915e+03
6.143999999999999773e+01 -1.568738818359997032e-04 2.038909720000000107e+03 2.038907960000000003e+03
6.758400000000000318e+01 3.918673071640002971e-04 2.038911959999999908e+03 2.038913630000000012e+03
7.372799999999999443e+01 -3.360249518359997010e-04 2.038908310000000029e+03 2.038908010000000104e+03
7.987199999999999989e+01 2.714822821640003087e-04 2.038909910000000082e+03 2.038910239999999931e+03
8.601600000000000534e+01 -4.478452578359997218e-04 2.038904389999999921e+03 2.038905279999999948e+03
9.215999999999999659e+01 -9.299718088359996190e-04 2.038903939999999920e+03 2.038902700000000095e+03
9.830400000000000205e+01 -3.853015388359996938e-04 2.038909720000000107e+03 2.038910149999999931e+03
1.105919999999999987e+02 -4.375363718359996873e-04 2.038906870000000026e+03 2.038906130000000076e+03
1.228799999999999955e+02 1.628431331640003065e-04 2.038904549999999972e+03 2.038904849999999897e+03
1.351680000000000064e+02 -5.345063938359996417e-04 2.038902029999999968e+03 2.038900840000000017e+03
1.474559999999999889e+02 -6.463245638359996865e-04 2.038906009999999924e+03 2.038906539999999950e+03
1.597439999999999998e+02 -3.948556438359997049e-04 2.038906040000000075e+03 2.038906970000000001e+03
1.720320000000000107e+02 -6.811255511599969095e-05 2.038905209999999897e+03 2.038906439999999975e+03
1.843199999999999932e+02 7.512107681640003845e-04 2.038906330000000025e+03 2.038907989999999927e+03
1.966080000000000041e+02 -5.257163335999694457e-06 2.038905819999999949e+03 2.038905760000000100e+03
2.211839999999999975e+02 1.925642111640002885e-04 2.038905269999999973e+03 2.038904340000000047e+03
2.457599999999999909e+02 -1.010071440835999621e-03 2.038904980000000023e+03 2.038903279999999995e+03
2.703360000000000127e+02 4.694673711640003013e-04 2.038911689999999908e+03 2.038911509999999907e+03
2.949119999999999777e+02 -8.524246858359996008e-04 2.038911260000000084e+03 2.038910380000000032e+03
3.194879999999999995e+02 -5.915835418359996966e-04 2.038913080000000036e+03 2.038912780000000112e+03
3.440640000000000214e+02 2.036236061640002860e-04 2.038909869999999955e+03 2.038910390000000007e+03
3.686399999999999864e+02 9.962183961640001459e-04 2.038908179999999902e+03 2.038909079999999904e+03
3.932160000000000082e+02 4.116706541640003064e-04 2.038909149999999954e+03 2.038910350000000108e+03
4.423679999999999950e+02 9.614035216400029728e-05 2.038911939999999959e+03 2.038912370000000010e+03
4.915199999999999818e+02 1.274581001640003020e-04 2.038908609999999953e+03 2.038910249999999905e+03
5.406720000000000255e+02 4.799320291640003420e-04 2.038904369999999972e+03 2.038904669999999896e+03
5.898239999999999554e+02 1.042784396164000201e-03 2.038913749999999936e+03 2.038914150000000063e+03
6.389759999999999991e+02 -5.453941548359996427e-04 2.038906199999999899e+03 2.038904809999999998e+03
6.881280000000000427e+02 -1.005789935999690504e-06 2.038902469999999994e+03 2.038901869999999917e+03
7.372799999999999727e+02 -1.453188695359997019e-04 2.038894939999999906e+03 2.038894849999999906e+03
7.864320000000000164e+02 -3.402908998359996948e-04 2.038896539999999959e+03 2.038896899999999960e+03
8.847359999999999900e+02 2.036205901640003027e-04 2.038906889999999976e+03 2.038907870000000003e+03
9.830399999999999636e+02 7.553707816400030207e-05 2.038897690000000011e+03 2.038898179999999911e+03
1.081339999999999918e+03 -5.058996408359996925e-04 2.038891800000000103e+03 2.038890740000000051e+03
1.179650000000000091e+03 3.304622551640002889e-04 2.038895880000000034e+03 2.038895970000000034e+03
1.277950000000000045e+03 -2.603796978359996877e-04 2.038893370000000004e+03 2.038893409999999903e+03
1.376259999999999991e+03 -5.106880433599969354e-05 2.038892700000000104e+03 2.038894050000000107e+03
1.474559999999999945e+03 -3.509422063599969093e-05 2.038900010000000066e+03 2.038899719999999888e+03
1.572859999999999900e+03 -2.051810153599968974e-05 2.038900640000000067e+03 2.038900210000000015e+03
1.769470000000000027e+03 -1.799474593599969299e-05 2.038895539999999983e+03 2.038895490000000109e+03
1.966079999999999927e+03 6.179457116400030364e-05 2.038899769999999990e+03 2.038900399999999991e+03
2.162690000000000055e+03 2.564283341640002955e-04 2.038890409999999974e+03 2.038890300000000025e+03
2.359300000000000182e+03 -1.059645166359996914e-04 2.038881710000000112e+03 2.038882029999999986e+03
2.555900000000000091e+03 -1.176585392359996880e-04 2.038875230000000101e+03 2.038875090000000000e+03
2.752510000000000218e+03 2.917349731640003210e-04 2.038876369999999952e+03 2.038876989999999978e+03
2.949119999999999891e+03 5.064670916400031229e-05 2.038885719999999992e+03 2.038886160000000018e+03
3.145730000000000018e+03 -1.409647931359996813e-04 2.038879449999999906e+03 2.038879100000000108e+03
3.538940000000000055e+03 1.138157651640003099e-04 2.038886140000000069e+03 2.038887040000000070e+03
3.932159999999999854e+03 1.554953731640003117e-04 2.038895690000000059e+03 2.038895819999999958e+03
4.325380000000000109e+03 3.611559961640002951e-04 2.038902970000000096e+03 2.038903700000000072e+03
4.718590000000000146e+03 1.128362821640002965e-04 2.038899490000000014e+03 2.038900249999999915e+03
5.111810000000000400e+03 -2.849133188359996766e-04 2.038893250000000080e+03 2.038892730000000029e+03
5.505020000000000437e+03 -2.784888923599968978e-05 2.038893309999999929e+03 2.038893450000000030e+03
5.898239999999999782e+03 2.361031611640003166e-04 2.038887829999999894e+03 2.038888560000000098e+03
6.291460000000000036e+03 2.493867661640002857e-04 2.038887339999999995e+03 2.038887709999999970e+03
7.077890000000000327e+03 7.840022716400030592e-05 2.038877799999999979e+03 2.038877909999999929e+03
7.864319999999999709e+03 -2.532151468359996791e-04 2.038894980000000032e+03 2.038894970000000058e+03
8.650750000000000000e+03 1.089812671640003197e-04 2.038897230000000036e+03 2.038897279999999910e+03
9.437180000000000291e+03 -1.702015318359996975e-04 2.038892929999999978e+03 2.038892749999999978e+03
1.022360000000000036e+04 5.142136464000309588e-06 2.038866490000000113e+03 2.038866459999999961e+03
1.101000000000000000e+04 -4.236051435999690408e-06 2.038847209999999905e+03 2.038847099999999955e+03
1.179650000000000000e+04 6.811066816400032111e-05 2.038877660000000105e+03 2.038878140000000030e+03
1.258289999999999964e+04 4.837321116400031327e-05 2.038876690000000053e+03 2.038876950000000079e+03
1.415579999999999927e+04 -5.156576035999691464e-06 2.038845430000000079e+03 2.038845409999999902e+03
1.572860000000000036e+04 1.439027901640003168e-04 2.038885019999999940e+03 2.038885430000000042e+03
1.730150000000000000e+04 7.140823816400029909e-05 2.038907120000000077e+03 2.038907390000000078e+03
1.887440000000000146e+04 1.304645864000302078e-06 2.038909210000000030e+03 2.038909319999999980e+03
2.044720000000000073e+04 3.113980716400031228e-05 2.038919599999999946e+03 2.038920010000000048e+03
2.202009999999999854e+04 -3.910974243599969031e-05 2.038927969999999959e+03 2.038928120000000035e+03
2.359300000000000000e+04 -1.226845190359996925e-04 2.038923430000000053e+03 2.038923610000000053e+03
2.516579999999999927e+04 5.338158016400030605e-05 2.038998059999999896e+03 2.038998370000000023e+03
2.831159999999999854e+04 -1.837523743599969392e-05 2.038999479999999949e+03 2.038999669999999924e+03
3.145729999999999927e+04 5.494692816400031422e-05 2.039015210000000025e+03 2.039015519999999924e+03
3.460300000000000000e+04 3.448589356400030533e-05 2.038992989999999963e+03 2.038993279999999913e+03
3.774869999999999709e+04 2.942159156400030152e-05 2.039016609999999901e+03 2.039017000000000053e+03
4.089450000000000000e+04 3.717144116400031024e-05 2.038989739999999983e+03 2.038990109999999959e+03
4.404019999999999709e+04 -5.298813073599969146e-05 2.038975359999999910e+03 2.038975570000000062e+03
4.718590000000000146e+04 -1.741798493599969541e-05 2.038928650000000061e+03 2.038928730000000087e+03
5.033159999999999854e+04 -3.875199235999693328e-06 2.039008100000000013e+03 2.039008239999999887e+03
5.662309999999999854e+04 4.300536516400031446e-05 2.039080580000000054e+03 2.039080909999999903e+03
6.291459999999999854e+04 7.323634516400030195e-05 2.039031120000000101e+03 2.039031449999999950e+03
6.920600000000000000e+04 1.942667176400030189e-05 2.039158550000000105e+03 2.039158689999999979e+03
7.549750000000000000e+04 -1.920226763599968984e-05 2.039084650000000011e+03 2.039084689999999910e+03
8.178889999999999418e+04 6.761843016400030171e-05 2.038995040000000017e+03 2.038995290000000068e+03
8.808039999999999418e+04 -6.229812473599969237e-05 2.038988990000000058e+03 2.038989060000000109e+03
9.437180000000000291e+04 3.389021786400030743e-05 2.039030389999999898e+03 2.039030539999999974e+03
1.006630000000000000e+05 -2.616469623599968901e-05 2.038860290000000077e+03 2.038860310000000027e+03
1.132460000000000000e+05 7.795713864000304149e-06 2.038800600000000031e+03 2.038800700000000006e+03
1.258290000000000000e+05 -8.772087313599969316e-05 2.038557880000000068e+03 2.038557929999999942e+03
1.384120000000000000e+05 -5.638682149599969623e-05 2.038719749999999976e+03 2.038719810000000052e+03
1.509950000000000000e+05 -5.339621093599969371e-05 2.038776689999999917e+03 2.038776620000000094e+03
1.635780000000000000e+05 -7.671975873599969640e-05 2.038377700000000004e+03 2.038377790000000005e+03
1.761610000000000000e+05 1.407912081640003339e-04 2.039325949999999921e+03 2.039325919999999996e+03
