0.000000000000000000e+00 2.102573612126278135e+01 2.929519639999999981e+03 2.952576880000000074e+03
6.000000000000000125e-03 2.073732612126278241e+01 2.929267949999999928e+03 2.952024809999999889e+03
1.200000000000000025e-02 1.989365012126278387e+01 2.928531219999999848e+03 2.950408899999999903e+03
1.799999999999999864e-02 1.855547632126278401e+01 2.927360779999999977e+03 2.947842180000000099e+03
2.400000000000000050e-02 1.681362882126278180e+01 2.925833110000000033e+03 2.944493489999999838e+03
2.999999999999999889e-02 1.477696802126278364e+01 2.924039729999999963e+03 2.940565309999999954e+03
3.599999999999999728e-02 1.256004432126278303e+01 2.922076790000000074e+03 2.936271040000000085e+03
4.200000000000000261e-02 1.027245842126278319e+01 2.920036020000000008e+03 2.931815180000000055e+03
4.800000000000000100e-02 8.011011871262782691e+00 2.917998090000000047e+03 2.927378760000000057e+03
5.399999999999999939e-02 5.854904451262783027e+00 2.916028639999999996e+03 2.923110369999999875e+03
5.999999999999999778e-02 3.863676751262782538e+00 2.914176860000000033e+03 2.919122420000000147e+03
6.600000000000000311e-02 2.077347531262782709e+00 2.912475960000000214e+03 2.915491610000000037e+03
7.199999999999999456e-02 5.181597522627826580e-01 2.910945070000000214e+03 2.912262479999999869e+03
7.799999999999999989e-02 -8.065921037372173474e-01 2.909592059999999947e+03 2.909452830000000176e+03
8.400000000000000522e-02 -1.901144628737217568e+00 2.908416560000000118e+03 2.907060219999999845e+03
8.999999999999999667e-02 -2.777718478737217556e+00 2.907413090000000011e+03 2.905068549999999959e+03
9.600000000000000200e-02 -3.407694848737217619e+00 2.906612380000000030e+03 2.903541409999999814e+03
1.079999999999999988e-01 -4.240175798737216617e+00 2.905386950000000070e+03 2.901322410000000218e+03
1.199999999999999956e-01 -4.485769818737217030e+00 2.904722909999999956e+03 2.900301739999999882e+03
1.320000000000000062e-01 -4.261927258737217450e+00 2.904570529999999962e+03 2.900307780000000093e+03
1.439999999999999891e-01 -3.662705878737217535e+00 2.904876670000000104e+03 2.901185739999999896e+03
1.559999999999999998e-01 -2.774753618737217487e+00 2.905566659999999956e+03 2.902765240000000176e+03
1.680000000000000104e-01 -1.692658298737217404e+00 2.906536430000000109e+03 2.904838450000000194e+03
1.799999999999999933e-01 -5.247159467372173314e-01 2.907658890000000156e+03 2.907161810000000060e+03
1.920000000000000040e-01 5.775561122627825839e-01 2.908775729999999839e+03 2.909419220000000223e+03
2.159999999999999976e-01 2.306462491262782688e+00 2.910634320000000116e+03 2.913080489999999827e+03
2.399999999999999911e-01 2.985825921262782678e+00 2.911599819999999909e+03 2.914781669999999849e+03
2.640000000000000124e-01 2.642840721262782466e+00 2.911645349999999780e+03 2.914510159999999814e+03
2.879999999999999782e-01 1.718422301262782614e+00 2.911077429999999822e+03 2.913008499999999913e+03
3.119999999999999996e-01 7.281884332627825973e-01 2.910294069999999920e+03 2.911197709999999915e+03
3.360000000000000209e-01 1.431344576278259333e-02 2.909623189999999795e+03 2.909764689999999973e+03
3.599999999999999867e-01 -3.166644517372174117e-01 2.909233600000000024e+03 2.909001890000000003e+03
3.840000000000000080e-01 -2.893039837372174405e-01 2.909162699999999859e+03 2.908937820000000102e+03
4.319999999999999951e-01 1.723843692782594172e-03 2.909263140000000021e+03 2.909326469999999972e+03
4.799999999999999822e-01 1.861296322627825905e-01 2.909317910000000211e+03 2.909589239999999791e+03
5.280000000000000249e-01 1.529148542627825902e-01 2.909244139999999788e+03 2.909500280000000203e+03
5.759999999999999565e-01 1.278953452627825949e-01 2.909236120000000028e+03 2.909476869999999963e+03
6.239999999999999991e-01 1.531922662627825948e-01 2.909284950000000208e+03 2.909556979999999839e+03
6.720000000000000417e-01 1.438693752627825950e-01 2.909274359999999888e+03 2.909541499999999814e+03
7.199999999999999734e-01 8.580780036278259915e-02 2.909187570000000051e+03 2.909392209999999977e+03
7.680000000000000160e-01 4.563625636278259567e-02 2.909110349999999926e+03 2.909262780000000021e+03
8.639999999999999902e-01 4.710814676278259755e-02 2.909075370000000021e+03 2.909224070000000211e+03
9.599999999999999645e-01 3.862257886278260000e-02 2.909064109999999800e+03 2.909204400000000078e+03
1.056000000000000050e+00 1.366834706278259419e-02 2.909013410000000022e+03 2.909111350000000130e+03
1.151999999999999913e+00 1.167868846278259307e-02 2.908986550000000079e+03 2.909072619999999915e+03
1.247999999999999998e+00 8.300629892782592986e-03 2.908978259999999864e+03 2.909057350000000042e+03
1.344000000000000083e+00 1.247527096278259334e-02 2.908957789999999932e+03 2.909025039999999990e+03
1.439999999999999947e+00 1.668778506278259174e-02 2.908948550000000068e+03 2.909015519999999924e+03
1.536000000000000032e+00 1.833861886278259287e-02 2.908933019999999942e+03 2.908991469999999936e+03
1.727999999999999980e+00 2.738534936278259196e-02 2.908920470000000023e+03 2.908974479999999858e+03
1.919999999999999929e+00 3.527722656278260011e-02 2.908907729999999901e+03 2.908963810000000194e+03
2.112000000000000099e+00 3.957517556278259546e-02 2.908889029999999821e+03 2.908939930000000004e+03
2.303999999999999826e+00 3.907079096278259778e-02 2.908885249999999814e+03 2.908934830000000147e+03
2.495999999999999996e+00 3.668836296278259884e-02 2.908885470000000169e+03 2.908926750000000084e+03
2.688000000000000167e+00 3.332336346278259864e-02 2.908873999999999796e+03 2.908911889999999858e+03
2.879999999999999893e+00 2.787874226278259232e-02 2.908875219999999899e+03 2.908904779999999846e+03
3.072000000000000064e+00 2.443275686278259182e-02 2.908877610000000004e+03 2.908908260000000155e+03
3.455999999999999961e+00 2.051049066278259198e-02 2.908869659999999840e+03 2.908893759999999929e+03
3.839999999999999858e+00 1.510711216278259363e-02 2.908870919999999842e+03 2.908892879999999877e+03
4.224000000000000199e+00 1.160825056278259361e-02 2.908870030000000042e+03 2.908883740000000216e+03
4.607999999999999652e+00 8.448652242782593580e-03 2.908869000000000142e+03 2.908882410000000164e+03
4.991999999999999993e+00 6.413721742782593944e-03 2.908861859999999979e+03 2.908872130000000197e+03
5.376000000000000334e+00 6.396197442782594611e-03 2.908861589999999978e+03 2.908870710000000145e+03
5.759999999999999787e+00 7.049517242782594312e-03 2.908861710000000130e+03 2.908872879999999896e+03
6.144000000000000128e+00 5.335716002782594364e-03 2.908865339999999833e+03 2.908873720000000048e+03
6.911999999999999922e+00 1.838892262782594253e-03 2.908863190000000031e+03 2.908868140000000039e+03
7.679999999999999716e+00 3.465620502782594189e-03 2.908863150000000132e+03 2.908865749999999935e+03
8.448000000000000398e+00 4.002316867825940895e-04 2.908861370000000079e+03 2.908862309999999979e+03
9.215999999999999304e+00 -5.677041872174058961e-04 2.908856969999999819e+03 2.908857480000000123e+03
9.983999999999999986e+00 1.694736032782594203e-03 2.908861339999999927e+03 2.908861789999999928e+03
1.075200000000000067e+01 8.326993878259412063e-05 2.908865029999999933e+03 2.908864259999999831e+03
1.151999999999999957e+01 -8.198039922174059184e-04 2.908860329999999976e+03 2.908859789999999975e+03
1.228800000000000026e+01 1.405044867825941141e-04 2.908861449999999877e+03 2.908862869999999930e+03
1.382399999999999984e+01 1.305923802782594156e-03 2.908864160000000084e+03 2.908866629999999986e+03
1.535999999999999943e+01 2.050753412782594341e-03 2.908857959999999821e+03 2.908859879999999976e+03
1.689600000000000080e+01 1.582582202782594231e-03 2.908862650000000031e+03 2.908864799999999832e+03
1.843199999999999861e+01 5.596288567825941475e-04 2.908861150000000180e+03 2.908862560000000030e+03
1.996799999999999997e+01 -1.076927457217405739e-03 2.908865099999999984e+03 2.908866439999999784e+03
2.150400000000000134e+01 2.208999637825940837e-04 2.908863870000000134e+03 2.908867049999999836e+03
2.303999999999999915e+01 3.092924537825940943e-04 2.908865870000000086e+03 2.908867079999999987e+03
2.457600000000000051e+01 -4.729153252174058699e-04 2.908864579999999933e+03 2.908865330000000085e+03
2.764799999999999969e+01 7.856031482594120238e-06 2.908861330000000180e+03 2.908862119999999777e+03
3.071999999999999886e+01 6.383828878259410484e-05 2.908862059999999929e+03 2.908861129999999775e+03
3.379200000000000159e+01 3.655432447825941169e-04 2.908859339999999975e+03 2.908859710000000177e+03
3.686399999999999721e+01 -1.105006097217405741e-03 2.908857779999999821e+03 2.908854310000000169e+03
3.993599999999999994e+01 3.222522377825941015e-04 2.908862880000000132e+03 2.908862569999999778e+03
4.300800000000000267e+01 7.789586227825941091e-04 2.908862619999999879e+03 2.908863629999999830e+03
4.607999999999999829e+01 -4.153334782174058766e-04 2.908864970000000085e+03 2.908865809999999783e+03
4.915200000000000102e+01 -5.269991751740588120e-05 2.908861139999999978e+03 2.908862909999999829e+03
5.529599999999999937e+01 -1.519214545174058743e-04 2.908862200000000030e+03 2.908862059999999929e+03
6.143999999999999773e+01 -1.274181708174058664e-04 2.908859339999999975e+03 2.908859370000000126e+03
6.758400000000000318e+01 7.459977178259412725e-05 2.908862540000000081e+03 2.908862889999999879e+03
7.372799999999999443e+01 -1.041095753174058731e-04 2.908863559999999779e+03 2.908863370000000032e+03
7.987199999999999989e+01 -9.510984642174058826e-04 2.908862270000000080e+03 2.908862369999999828e+03
8.601600000000000534e+01 4.015624207825941000e-04 2.908867929999999888e+03 2.908868359999999939e+03
9.215999999999999659e+01 -5.726376071740588061e-05 2.908866370000000188e+03 2.908867569999999887e+03
9.830400000000000205e+01 -2.385310802174059027e-04 2.908864279999999781e+03 2.908864320000000134e+03
1.105919999999999987e+02 -2.715585692174058807e-04 2.908863929999999982e+03 2.908863049999999930e+03
1.228799999999999955e+02 4.123660617825941252e-04 2.908864459999999781e+03 2.908864289999999983e+03
1.351680000000000064e+02 -2.211962852174059009e-04 2.908864720000000034e+03 2.908863879999999881e+03
1.474559999999999889e+02 2.206515677825940922e-04 2.908864030000000184e+03 2.908864019999999982e+03
1.597439999999999998e+02 5.376767377825940851e-04 2.908867499999999836e+03 2.908867619999999988e+03
1.720320000000000107e+02 -1.373477413174058832e-04 2.908863029999999981e+03 2.908862489999999980e+03
1.843199999999999932e+02 2.847627728259411904e-05 2.908865850000000137e+03 2.908865929999999935e+03
1.966080000000000041e+02 5.039768107825941127e-04 2.908865539999999783e+03 2.908865870000000086e+03
2.211839999999999975e+02 1.477274825941138174e-07 2.908866359999999986e+03 2.908865719999999783e+03
2.457599999999999909e+02 -1.926329422174058578e-04 2.908862799999999879e+03 2.908862810000000081e+03
2.703360000000000127e+02 -2.486754672174058909e-04 2.908865150000000085e+03 2.908865089999999782e+03
2.949119999999999777e+02 2.805776627825941143e-04 2.908864329999999882e+03 2.908865679999999884e+03
3.194879999999999995e+02 2.719049437825941267e-04 2.908865870000000086e+03 2.908866329999999834e+03
3.440640000000000214e+02 -7.985894801740587657e-05 2.908862239999999929e+03 2.908862459999999828e+03
3.686399999999999864e+02 1.170952237825941157e-04 2.908861460000000079e+03 2.908862090000000080e+03
3.932160000000000082e+02 -9.852705761740588263e-05 2.908860009999999875e+03 2.908859800000000178e+03
4.423679999999999950e+02 1.410079958259412259e-05 2.908856980000000021e+03 2.908857390000000123e+03
4.915199999999999818e+02 6.617358578259412139e-05 2.908856490000000122e+03 2.908856119999999919e+03
5.406720000000000255e+02 3.355408878259412127e-05 2.908858810000000176e+03 2.908859379999999874e+03
5.898239999999999554e+02 3.423552057825941146e-04 2.908855979999999818e+03 2.908856260000000020e+03
6.389759999999999991e+02 4.489166178259411193e-05 2.908856949999999870e+03 2.908857039999999870e+03
6.881280000000000427e+02 -1.089262362174058722e-04 2.908855750000000171e+03 2.908855180000000018e+03
7.372799999999999727e+02 -2.980994251740588357e-05 2.908857280000000173e+03 2.908857680000000073e+03
7.864320000000000164e+02 -4.422441951740588295e-05 2.908858819999999923e+03 2.908859179999999924e+03
8.847359999999999900e+02 5.742628578259412469e-05 2.908857010000000173e+03 2.908857269999999971e+03
9.830399999999999636e+02 -6.272633319740588667e-05 2.908859410000000025e+03 2.908859750000000076e+03
1.081339999999999918e+03 1.227238157825941297e-04 2.908859570000000076e+03 2.908860279999999875e+03
1.179650000000000091e+03 -1.381049233174058808e-04 2.908855500000000120e+03 2.908855450000000019e+03
1.277950000000000045e+03 2.514751338259412145e-05 2.908856920000000173e+03 2.908857350000000224e+03
1.376259999999999991e+03 -5.324788617405880331e-06 2.908856859999999870e+03 2.908856969999999819e+03
1.474559999999999945e+03 -1.427064743174058666e-04 2.908854200000000219e+03 2.908854139999999916e+03
1.572859999999999900e+03 -1.996102901740588346e-05 2.908853239999999914e+03 2.908853599999999915e+03
1.769470000000000027e+03 1.241033467825940965e-04 2.908851560000000063e+03 2.908851999999999862e+03
1.966079999999999927e+03 -1.034810387174058758e-04 2.908849180000000160e+03 2.908849040000000059e+03
2.162690000000000055e+03 -7.396321530740587952e-05 2.908856139999999868e+03 2.908856479999999920e+03
2.359300000000000182e+03 4.675714278259412451e-05 2.908856549999999970e+03 2.908856949999999870e+03
2.555900000000000091e+03 1.064619617825941143e-04 2.908860999999999876e+03 2.908861370000000079e+03
2.752510000000000218e+03 -9.329751001740588310e-05 2.908863289999999779e+03 2.908863350000000082e+03
2.949119999999999891e+03 -1.593452721740588169e-05 2.908863119999999981e+03 2.908863449999999830e+03
3.145730000000000018e+03 -5.455836781740588183e-05 2.908862560000000030e+03 2.908862529999999879e+03
3.538940000000000055e+03 -2.385296211740588109e-05 2.908866169999999784e+03 2.908866410000000087e+03
3.932159999999999854e+03 -1.271587589174058791e-04 2.908853459999999814e+03 2.908853480000000218e+03
4.325380000000000109e+03 -1.983452771740587962e-05 2.908865909999999985e+03 2.908866079999999783e+03
4.718590000000000146e+03 4.035550178259411571e-05 2.908861930000000029e+03 2.908862259999999878e+03
5.111810000000000400e+03 -1.079696941740588341e-05 2.908855180000000018e+03 2.908855349999999817e+03
5.505020000000000437e+03 1.857654098259412304e-05 2.908857779999999821e+03 2.908857959999999821e+03
5.898239999999999782e+03 8.509792778259410711e-05 2.908850759999999809e+03 2.908851119999999810e+03
6.291460000000000036e+03 1.213547247825941207e-04 2.908844610000000102e+03 2.908845130000000154e+03
7.077890000000000327e+03 -1.689260174058787286e-07 2.908845589999999902e+03 2.908845850000000155e+03
7.864319999999999709e+03 6.137167282594120751e-06 2.908848410000000058e+03 2.908848610000000008e+03
8.650750000000000000e+03 5.717091078259412885e-05 2.908857469999999921e+03 2.908857730000000174e+03
9.437180000000000291e+03 -3.041357511740588285e-05 2.908855810000000019e+03 2.908855860000000121e+03
1.022360000000000036e+04 -6.684539116740588146e-05 2.908858420000000024e+03 2.908858420000000024e+03
1.101000000000000000e+04 4.331020978259411832e-05 2.908862819999999829e+03 2.908862950000000183e+03
1.179650000000000000e+04 4.367236378259412054e-05 2.908848089999999956e+03 2.908848289999999906e+03
1.258289999999999964e+04 7.338448078259413021e-05 2.908838020000000142e+03 2.908838270000000193e+03
1.415579999999999927e+04 -4.634689131740588188e-05 2.908844189999999799e+03 2.908844430000000102e+03
1.572860000000000036e+04 -4.692852331740588411e-05 2.908845740000000205e+03 2.908845870000000104e+03
1.730150000000000000e+04 -3.082298801740588332e-05 2.908848440000000210e+03 2.908848590000000058e+03
1.887440000000000146e+04 3.294928278259412013e-05 2.908862020000000030e+03 2.908862209999999777e+03
2.044720000000000073e+04 -6.028514966740587927e-05 2.908846349999999802e+03 2.908846630000000005e+03
2.202009999999999854e+04 2.142345682594115814e-06 2.908857599999999820e+03 2.908857660000000124e+03
2.359300000000000000e+04 5.132339678259412261e-05 2.908860099999999875e+03 2.908860409999999774e+03
2.516579999999999927e+04 2.276322382594120558e-06 2.908849549999999908e+03 2.908849769999999808e+03
2.831159999999999854e+04 -3.745031791740588385e-05 2.908853830000000016e+03 2.908853959999999915e+03
3.145729999999999927e+04 2.270538058259411948e-05 2.908875270000000000e+03 2.908875460000000203e+03
3.460300000000000000e+04 2.214147768259411297e-05 2.908872440000000097e+03 2.908872600000000148e+03
3.774869999999999709e+04 4.971206482594115210e-06 2.908909749999999804e+03 2.908909970000000158e+03
4.089450000000000000e+04 6.002230978259411032e-05 2.908894200000000183e+03 2.908894400000000132e+03
4.404019999999999709e+04 -1.424049174058791833e-07 2.908891079999999874e+03 2.908891230000000178e+03
4.718590000000000146e+04 -1.317770301740587901e-05 2.908912089999999807e+03 2.908912310000000161e+03
5.033159999999999854e+04 1.213099798259411406e-05 2.908876569999999901e+03 2.908876830000000155e+03
5.662309999999999854e+04 -3.988620017405882412e-06 2.908902469999999994e+03 2.908902660000000196e+03
6.291459999999999854e+04 -4.099391740587697910e-08 2.908904979999999796e+03 2.908905139999999847e+03
6.920600000000000000e+04 2.116701978259412408e-05 2.908965149999999994e+03 2.908965349999999944e+03
7.549750000000000000e+04 -1.520068217405884923e-06 2.908956520000000182e+03 2.908956709999999930e+03
8.178889999999999418e+04 -1.240832921740588025e-05 2.908913779999999861e+03 2.908913939999999911e+03
8.808039999999999418e+04 -2.512995701740588399e-05 2.908864019999999982e+03 2.908864169999999831e+03
9.437180000000000291e+04 -6.168009617405883485e-06 2.908861370000000079e+03 2.908861559999999827e+03
1.006630000000000000e+05 -4.844192917405882692e-06 2.908773099999999886e+03 2.908773299999999836e+03
1.132460000000000000e+05 -1.565790631740587911e-05 2.908753970000000209e+03 2.908754120000000057e+03
1.258290000000000000e+05 1.414235818259411360e-05 2.908797919999999976e+03 2.908798110000000179e+03
1.384120000000000000e+05 2.346653798259412378e-05 2.908831859999999779e+03 2.908832069999999931e+03
1.509950000000000000e+05 2.573021582594114324e-06 2.908711519999999837e+03 2.908711789999999837e+03
1.635780000000000000e+05 3.294339682594117917e-06 2.908749440000000050e+03 2.908749580000000151e+03
1.761610000000000000e+05 2.280999238259411466e-05 2.908777099999999791e+03 2.908777369999999792e+03
1.887440000000000000e+05 -8.087312817405881951e-06 2.908868359999999939e+03 2.908868550000000141e+03
2.013270000000000000e+05 2.394824388259411425e-05 2.908670070000000123e+03 2.908670320000000174e+03
2.264920000000000000e+05 -1.278155571740588117e-05 2.908881330000000162e+03 2.908881519999999909e+03
2.516580000000000000e+05 -2.919160571740588510e-05 2.908709980000000087e+03 2.908710120000000188e+03
2.768240000000000000e+05 -2.754811417405875836e-06 2.908670410000000174e+03 2.908670639999999821e+03
3.019900000000000000e+05 -2.049744417405885183e-06 2.908526550000000043e+03 2.908526749999999993e+03
3.271560000000000000e+05 -3.702515817405877658e-06 2.907928240000000187e+03 2.907928429999999935e+03
3.523220000000000000e+05 4.793111682594114551e-06 2.908240850000000137e+03 2.908241059999999834e+03
