0.000000000000000000e+00 2.329190730424799582e+01 1.200249009999999998e+03 1.225391319999999951e+03
6.000000000000000125e-03 2.303843780424799448e+01 1.200035769999999957e+03 1.224914700000000039e+03
1.200000000000000025e-02 2.228953610424799692e+01 1.199405259999999998e+03 1.223505830000000060e+03
1.799999999999999864e-02 2.107832810424799774e+01 1.198383739999999989e+03 1.221224740000000111e+03
2.400000000000000050e-02 1.945657280424799751e+01 1.197011889999999994e+03 1.218164890000000014e+03
2.999999999999999889e-02 1.749040020424799735e+01 1.195341359999999895e+03 1.214445439999999962e+03
3.599999999999999728e-02 1.525525860424799340e+01 1.193430710000000090e+03 1.210202089999999998e+03
4.200000000000000261e-02 1.283072270424799477e+01 1.191341259999999920e+03 1.205577749999999924e+03
4.800000000000000100e-02 1.029573350424799472e+01 1.189133489999999938e+03 1.200714099999999917e+03
5.399999999999999939e-02 7.724684674247995098e+00 1.186864100000000008e+03 1.195744699999999966e+03
5.999999999999999778e-02 5.184583464247995543e+00 1.184584160000000111e+03 1.190790199999999913e+03
6.600000000000000311e-02 2.733334084247994511e+00 1.182338160000000016e+03 1.185955590000000029e+03
7.199999999999999456e-02 4.190522052479948023e-01 1.180163900000000012e+03 1.181329359999999951e+03
7.799999999999999989e-02 -1.719778655752005392e+00 1.178093000000000075e+03 1.176984059999999999e+03
8.400000000000000522e-02 -3.653546415752005228e+00 1.176151820000000043e+03 1.172977949999999964e+03
8.999999999999999667e-02 -5.360392805752004719e+00 1.174362409999999954e+03 1.169356989999999996e+03
9.600000000000000200e-02 -6.761888975752005315e+00 1.172790070000000014e+03 1.166269109999999955e+03
1.079999999999999988e-01 -8.926427995752005629e+00 1.170131570000000011e+03 1.161243909999999914e+03
1.199999999999999956e-01 -1.005671429575200548e+01 1.168314699999999903e+03 1.158140720000000101e+03
1.320000000000000062e-01 -1.017279729575200520e+01 1.167398290000000088e+03 1.157001029999999901e+03
1.439999999999999891e-01 -9.345823805752004887e+00 1.167386680000000069e+03 1.157756159999999909e+03
1.559999999999999998e-01 -7.704195535752004886e+00 1.168216560000000072e+03 1.160209049999999934e+03
1.680000000000000104e-01 -5.438259265752004801e+00 1.169753349999999955e+03 1.164027550000000019e+03
1.799999999999999933e-01 -2.794543375752005510e+00 1.171802179999999908e+03 1.168762690000000021e+03
1.920000000000000040e-01 -1.021453657520052238e-01 1.174143080000000054e+03 1.173862249999999904e+03
2.159999999999999976e-01 4.462826374247994998e+00 1.178632890000000089e+03 1.183078680000000077e+03
2.399999999999999911e-01 6.792583304247995279e+00 1.181927210000000059e+03 1.188883919999999989e+03
2.640000000000000124e-01 6.623701704247995536e+00 1.183421920000000000e+03 1.190367189999999937e+03
2.879999999999999782e-01 4.791429414247994956e+00 1.183241490000000113e+03 1.188448010000000068e+03
3.119999999999999996e-01 2.435577764247994548e+00 1.181893980000000056e+03 1.184759180000000015e+03
3.360000000000000209e-01 4.075650272479947600e-01 1.180019649999999956e+03 1.180807970000000068e+03
3.599999999999999867e-01 -8.778997447520051622e-01 1.178209710000000086e+03 1.177628040000000055e+03
3.840000000000000080e-01 -1.224583715752005419e+00 1.176973840000000109e+03 1.175943890000000010e+03
4.319999999999999951e-01 -8.699692537520051783e-01 1.175775139999999965e+03 1.174904009999999971e+03
4.799999999999999822e-01 -2.098994027520052208e-01 1.176058179999999993e+03 1.175743919999999889e+03
5.280000000000000249e-01 1.234157572479947784e-01 1.176986519999999928e+03 1.177051259999999957e+03
5.759999999999999565e-01 5.418083502479947855e-01 1.178009279999999990e+03 1.178636529999999993e+03
6.239999999999999991e-01 8.088446892479947969e-01 1.178557579999999916e+03 1.179574540000000070e+03
6.720000000000000417e-01 5.676108982479948217e-01 1.178238620000000083e+03 1.179012860000000046e+03
7.199999999999999734e-01 -3.011999985200522131e-02 1.177315530000000081e+03 1.177393180000000029e+03
7.680000000000000160e-01 -2.436564837520052151e-01 1.176817710000000034e+03 1.176619290000000092e+03
8.639999999999999902e-01 1.672931182479947820e-01 1.177241590000000087e+03 1.177493050000000039e+03
9.599999999999999645e-01 1.575197922479947832e-01 1.177466470000000072e+03 1.177747429999999895e+03
1.056000000000000050e+00 -3.163184135200521746e-02 1.177101360000000113e+03 1.177151319999999942e+03
1.151999999999999913e+00 8.131732964799477659e-02 1.177154980000000023e+03 1.177326720000000023e+03
1.247999999999999998e+00 1.826212924799477597e-02 1.177160840000000007e+03 1.177273909999999887e+03
1.344000000000000083e+00 3.834061154799477816e-02 1.177139949999999999e+03 1.177255560000000060e+03
1.439999999999999947e+00 3.461728974799477970e-02 1.177099330000000009e+03 1.177216449999999895e+03
1.536000000000000032e+00 3.551118164799477867e-02 1.177101910000000089e+03 1.177216719999999896e+03
1.727999999999999980e+00 4.943000704799477979e-02 1.177076060000000098e+03 1.177194210000000112e+03
1.919999999999999929e+00 6.467494954799477003e-02 1.177057649999999967e+03 1.177179409999999962e+03
2.112000000000000099e+00 8.130049214799477120e-02 1.177052670000000035e+03 1.177181000000000040e+03
2.303999999999999826e+00 9.583681024799477199e-02 1.177028990000000022e+03 1.177165449999999964e+03
2.495999999999999996e+00 1.127030192479947790e-01 1.177014169999999922e+03 1.177161440000000084e+03
2.688000000000000167e+00 1.159474422479947753e-01 1.177009070000000065e+03 1.177152749999999969e+03
2.879999999999999893e+00 1.215684542479947700e-01 1.177000019999999950e+03 1.177150270000000091e+03
3.072000000000000064e+00 1.205917252479947743e-01 1.176997219999999970e+03 1.177142900000000054e+03
3.455999999999999961e+00 1.149998642479947708e-01 1.176992529999999988e+03 1.177131020000000035e+03
3.839999999999999858e+00 1.057230932479947677e-01 1.176997180000000071e+03 1.177128609999999981e+03
4.224000000000000199e+00 9.213685034799477813e-02 1.176999459999999999e+03 1.177120359999999891e+03
4.607999999999999652e+00 7.845891504799477889e-02 1.176994830000000093e+03 1.177103720000000067e+03
4.991999999999999993e+00 7.474957754799477216e-02 1.176985529999999926e+03 1.177092910000000074e+03
5.376000000000000334e+00 7.294001264799476747e-02 1.176977720000000090e+03 1.177081879999999956e+03
5.759999999999999787e+00 7.330777974799478069e-02 1.176967900000000100e+03 1.177071519999999964e+03
6.144000000000000128e+00 7.275952764799477335e-02 1.176958650000000034e+03 1.177057430000000068e+03
6.911999999999999922e+00 6.927001904799477694e-02 1.176943629999999985e+03 1.177036370000000034e+03
7.679999999999999716e+00 6.400040684799476742e-02 1.176934140000000070e+03 1.177020420000000058e+03
8.448000000000000398e+00 5.889380874799478305e-02 1.176929499999999962e+03 1.177011449999999968e+03
9.215999999999999304e+00 5.614276424799478221e-02 1.176920370000000048e+03 1.176997309999999970e+03
9.983999999999999986e+00 4.995804934799478320e-02 1.176907780000000002e+03 1.176977180000000089e+03
1.075200000000000067e+01 4.894847264799478265e-02 1.176898809999999912e+03 1.176967380000000048e+03
1.151999999999999957e+01 4.639500084799478424e-02 1.176889769999999999e+03 1.176953320000000076e+03
1.228800000000000026e+01 4.506614404799478418e-02 1.176885620000000017e+03 1.176945840000000089e+03
1.382399999999999984e+01 3.966030124799477946e-02 1.176873959999999897e+03 1.176928509999999960e+03
1.535999999999999943e+01 3.700763164799478200e-02 1.176865250000000060e+03 1.176915950000000066e+03
1.689600000000000080e+01 3.360295244799477860e-02 1.176855060000000094e+03 1.176902070000000094e+03
1.843199999999999861e+01 3.285637274799477897e-02 1.176849230000000034e+03 1.176895530000000008e+03
1.996799999999999997e+01 2.899073624799477708e-02 1.176845910000000003e+03 1.176885839999999916e+03
2.150400000000000134e+01 2.682905124799477709e-02 1.176835559999999987e+03 1.176870709999999917e+03
2.303999999999999915e+01 2.614958124799477562e-02 1.176829619999999977e+03 1.176865189999999984e+03
2.457600000000000051e+01 2.426832194799477885e-02 1.176824630000000070e+03 1.176856639999999970e+03
2.764799999999999969e+01 2.072444564799477695e-02 1.176811539999999923e+03 1.176840940000000046e+03
3.071999999999999886e+01 1.859449344799477682e-02 1.176808719999999994e+03 1.176835340000000087e+03
3.379200000000000159e+01 1.748539564799477669e-02 1.176800690000000031e+03 1.176826870000000099e+03
3.686399999999999721e+01 1.599153724799477760e-02 1.176793329999999969e+03 1.176816489999999931e+03
3.993599999999999994e+01 1.496727454799477892e-02 1.176788960000000088e+03 1.176807990000000018e+03
4.300800000000000267e+01 1.252520084799477879e-02 1.176786980000000085e+03 1.176805190000000039e+03
4.607999999999999829e+01 1.154047124799477929e-02 1.176782179999999926e+03 1.176797600000000102e+03
4.915200000000000102e+01 1.132523094799477853e-02 1.176780369999999948e+03 1.176795350000000099e+03
5.529599999999999937e+01 1.037105214799477829e-02 1.176776740000000018e+03 1.176789770000000090e+03
6.143999999999999773e+01 8.496018397994778773e-03 1.176776000000000067e+03 1.176787810000000036e+03
6.758400000000000318e+01 7.820654687994779003e-03 1.176768250000000080e+03 1.176779279999999972e+03
7.372799999999999443e+01 7.796520227994778798e-03 1.176765120000000024e+03 1.176775859999999966e+03
7.987199999999999989e+01 6.071737497994778888e-03 1.176762390000000096e+03 1.176772089999999935e+03
8.601600000000000534e+01 7.922760297994779072e-03 1.176761790000000019e+03 1.176773239999999987e+03
9.215999999999999659e+01 6.275378087994778857e-03 1.176765920000000051e+03 1.176775550000000067e+03
9.830400000000000205e+01 5.307764467994778752e-03 1.176764040000000023e+03 1.176771459999999934e+03
1.105919999999999987e+02 4.211915107994779021e-03 1.176759489999999914e+03 1.176764879999999948e+03
1.228799999999999955e+02 3.100981107994778968e-03 1.176762590000000046e+03 1.176767100000000028e+03
1.351680000000000064e+02 3.512516697994778978e-03 1.176760700000000043e+03 1.176765039999999999e+03
1.474559999999999889e+02 2.821771347994779088e-03 1.176757160000000113e+03 1.176761070000000018e+03
1.597439999999999998e+02 2.347267027994778908e-03 1.176759919999999966e+03 1.176762480000000096e+03
1.720320000000000107e+02 2.421580027994779238e-03 1.176757640000000038e+03 1.176759970000000067e+03
1.843199999999999932e+02 1.941865287994778934e-03 1.176758049999999912e+03 1.176761009999999942e+03
1.966080000000000041e+02 2.210636427994779139e-03 1.176759369999999990e+03 1.176762510000000020e+03
2.211839999999999975e+02 1.124786597994778927e-03 1.176754249999999956e+03 1.176756519999999909e+03
2.457599999999999909e+02 1.326128127994778824e-03 1.176752680000000055e+03 1.176755270000000110e+03
2.703360000000000127e+02 8.779841639947788589e-04 1.176756210000000010e+03 1.176758779999999888e+03
2.949119999999999777e+02 6.395058529947788249e-04 1.176757270000000062e+03 1.176758790000000090e+03
3.194879999999999995e+02 7.921116399947789261e-04 1.176759810000000016e+03 1.176761889999999994e+03
3.440640000000000214e+02 4.600951209947789122e-04 1.176758049999999912e+03 1.176758219999999937e+03
3.686399999999999864e+02 4.483318439947789054e-04 1.176755869999999959e+03 1.176757350000000088e+03
3.932160000000000082e+02 2.035619439947789096e-04 1.176756900000000087e+03 1.176758100000000013e+03
4.423679999999999950e+02 -6.044521590052211049e-04 1.176758980000000065e+03 1.176758540000000039e+03
4.915199999999999818e+02 -2.863065080052210661e-04 1.176758479999999963e+03 1.176757820000000038e+03
5.406720000000000255e+02 2.886968069947789053e-04 1.176757370000000037e+03 1.176756769999999960e+03
5.898239999999999554e+02 4.336354059947789517e-04 1.176764100000000099e+03 1.176763959999999997e+03
6.389759999999999991e+02 -4.151841830052210858e-04 1.176765219999999999e+03 1.176763860000000022e+03
6.881280000000000427e+02 9.561831569578906507e-06 1.176769440000000031e+03 1.176768829999999980e+03
7.372799999999999727e+02 -6.435429500052211767e-04 1.176767560000000003e+03 1.176767350000000079e+03
7.864320000000000164e+02 -6.791926500522110733e-05 1.176768330000000105e+03 1.176768270000000030e+03
8.847359999999999900e+02 -3.452570960052210982e-04 1.176775180000000091e+03 1.176774730000000091e+03
9.830399999999999636e+02 3.506627449947789322e-04 1.176778360000000021e+03 1.176779330000000073e+03
1.081339999999999918e+03 2.176209319947788987e-04 1.176785750000000007e+03 1.176786779999999908e+03
1.179650000000000091e+03 3.972366129947789361e-04 1.176775720000000092e+03 1.176776350000000093e+03
1.277950000000000045e+03 1.588588059947788965e-04 1.176777260000000069e+03 1.176777659999999969e+03
1.376259999999999991e+03 -1.431478450052211127e-04 1.176792189999999891e+03 1.176791899999999941e+03
1.474559999999999945e+03 -2.194263590052211092e-04 1.176791760000000068e+03 1.176791300000000092e+03
1.572859999999999900e+03 -7.356710800522108158e-05 1.176789299999999912e+03 1.176788690000000088e+03
1.769470000000000027e+03 -2.685438580052210643e-04 1.176777669999999944e+03 1.176776910000000044e+03
1.966079999999999927e+03 3.375952929947789337e-04 1.176784940000000006e+03 1.176785090000000082e+03
2.162690000000000055e+03 -7.028092410522109468e-05 1.176770449999999983e+03 1.176770829999999933e+03
2.359300000000000182e+03 -1.253963210052211059e-04 1.176768870000000106e+03 1.176768460000000005e+03
2.555900000000000091e+03 -4.371927000052210901e-04 1.176770520000000033e+03 1.176769749999999931e+03
2.752510000000000218e+03 -7.341242110052211695e-04 1.176770080000000007e+03 1.176768679999999904e+03
2.949119999999999891e+03 1.349154713477890652e-05 1.176778129999999919e+03 1.176777280000000019e+03
3.145730000000000018e+03 1.144728199947789033e-04 1.176771259999999984e+03 1.176771379999999908e+03
3.538940000000000055e+03 -9.406572200522110073e-05 1.176774539999999888e+03 1.176774449999999888e+03
3.932159999999999854e+03 -2.818444760052210866e-04 1.176786090000000058e+03 1.176785360000000082e+03
4.325380000000000109e+03 -2.822188910522109394e-05 1.176785879999999906e+03 1.176786149999999907e+03
4.718590000000000146e+03 3.454257039477890377e-05 1.176793339999999944e+03 1.176793460000000096e+03
5.111810000000000400e+03 -9.788749200522110327e-05 1.176803480000000036e+03 1.176803280000000086e+03
5.505020000000000437e+03 1.001969529377890497e-05 1.176789150000000063e+03 1.176789399999999887e+03
5.898239999999999782e+03 -8.341998260522108868e-05 1.176775079999999889e+03 1.176774940000000015e+03
6.291460000000000036e+03 1.349547079947788881e-04 1.176755650000000060e+03 1.176756039999999985e+03
7.077890000000000327e+03 7.886216809477891872e-05 1.176755689999999959e+03 1.176755789999999934e+03
7.864319999999999709e+03 2.360735509477890467e-05 1.176733760000000075e+03 1.176733549999999923e+03
8.650750000000000000e+03 -7.203918040522109558e-05 1.176727079999999887e+03 1.176726830000000064e+03
9.437180000000000291e+03 -1.348448640052211131e-04 1.176728969999999890e+03 1.176728869999999915e+03
1.022360000000000036e+04 -1.644333660052211014e-04 1.176730450000000019e+03 1.176730039999999917e+03
1.101000000000000000e+04 1.035726774947789096e-04 1.176731559999999945e+03 1.176731819999999971e+03
1.179650000000000000e+04 -1.896043180052210968e-04 1.176736329999999953e+03 1.176736450000000104e+03
1.258289999999999964e+04 -6.870076060522110244e-05 1.176726040000000012e+03 1.176725879999999961e+03
1.415579999999999927e+04 6.962728109477891222e-05 1.176701600000000099e+03 1.176701759999999922e+03
1.572860000000000036e+04 6.862342499477890859e-05 1.176713520000000017e+03 1.176713320000000067e+03
1.730150000000000000e+04 -1.079932800052210977e-04 1.176737810000000081e+03 1.176737609999999904e+03
1.887440000000000146e+04 2.148791139947789082e-04 1.176758630000000039e+03 1.176758749999999964e+03
2.044720000000000073e+04 -1.716816990052211082e-04 1.176753390000000081e+03 1.176753200000000106e+03
2.202009999999999854e+04 3.110107179947789392e-04 1.176755979999999909e+03 1.176756699999999910e+03
2.359300000000000000e+04 -2.151677005221094653e-06 1.176755229999999983e+03 1.176755110000000059e+03
2.516579999999999927e+04 -6.753434360522110646e-05 1.176756710000000112e+03 1.176756660000000011e+03
2.831159999999999854e+04 2.321141859477890749e-05 1.176790649999999914e+03 1.176790999999999940e+03
3.145729999999999927e+04 -4.808569090522109399e-05 1.176817029999999932e+03 1.176816880000000083e+03
3.460300000000000000e+04 -7.888404530522109435e-05 1.176830339999999978e+03 1.176830300000000079e+03
3.774869999999999709e+04 1.452582057477890630e-05 1.176786810000000060e+03 1.176786689999999908e+03
4.089450000000000000e+04 3.698651359477890337e-05 1.176790490000000091e+03 1.176790299999999888e+03
4.404019999999999709e+04 -3.805555660522109545e-05 1.176801549999999907e+03 1.176801600000000008e+03
4.718590000000000146e+04 8.730250689477890309e-05 1.176840169999999944e+03 1.176840239999999994e+03
5.033159999999999854e+04 7.824943419477891553e-05 1.176859570000000076e+03 1.176859770000000026e+03
5.662309999999999854e+04 1.952259012477890464e-05 1.176831730000000107e+03 1.176831770000000006e+03
6.291459999999999854e+04 -7.223147405221094493e-06 1.176832799999999907e+03 1.176832689999999957e+03
6.920600000000000000e+04 -2.594856270522109229e-05 1.176826270000000022e+03 1.176826080000000047e+03
7.549750000000000000e+04 4.349770709477890861e-05 1.176879339999999956e+03 1.176879380000000083e+03
8.178889999999999418e+04 6.458462329477889841e-05 1.176869110000000092e+03 1.176869179999999915e+03
8.808039999999999418e+04 -1.123650920052210813e-04 1.176876770000000079e+03 1.176876649999999927e+03
9.437180000000000291e+04 -4.042428140522109719e-05 1.176883630000000039e+03 1.176883599999999888e+03
1.006630000000000000e+05 6.787624847789061226e-07 1.176776720000000068e+03 1.176776699999999892e+03
1.132460000000000000e+05 5.798261149477890679e-05 1.176750819999999976e+03 1.176750849999999900e+03
1.258290000000000000e+05 4.184128249477890669e-05 1.176744159999999965e+03 1.176744149999999991e+03
1.384120000000000000e+05 2.081608769477890703e-05 1.176720579999999927e+03 1.176720559999999978e+03
1.509950000000000000e+05 -5.100717530522109235e-05 1.176795710000000099e+03 1.176795630000000074e+03
1.635780000000000000e+05 -2.312911005221093727e-06 1.176601360000000113e+03 1.176601360000000113e+03
1.761610000000000000e+05 -2.502219340522109721e-05 1.176715529999999944e+03 1.176715539999999919e+03
1.887440000000000000e+05 2.848724859477890742e-05 1.176768109999999979e+03 1.176768150000000105e+03
2.013270000000000000e+05 -1.361380640522109534e-05 1.176745190000000093e+03 1.176745220000000018e+03
2.264920000000000000e+05 1.919713598477890403e-05 1.176781230000000050e+03 1.176781269999999950e+03
2.516580000000000000e+05 3.466733579477890368e-05 1.176738250000000107e+03 1.176738309999999956e+03
2.768240000000000000e+05 1.653030860477890378e-05 1.176732709999999997e+03 1.176732729999999947e+03
3.019900000000000000e+05 3.166402019477890077e-05 1.176370640000000094e+03 1.176370609999999942e+03
3.271560000000000000e+05 -6.151439340522108640e-05 1.176112059999999929e+03 1.176111830000000054e+03
3.523220000000000000e+05 -1.182875850052210920e-04 1.176281600000000026e+03 1.176281189999999924e+03
