1.783364452739137165e-05 -2.491405205561799383e-04
2.136548308856212695e-05 3.417174516520901390e-04
2.559677955375326230e-05 1.049639141535693753e-03
3.066605706070808129e-05 7.344255927689031117e-04
3.673927236337478215e-05 -1.573135593199930611e-04
4.401524888309428025e-05 3.472440218926409368e-04
5.273218574062059995e-05 1.460040438400101608e-04
6.317545586005619612e-05 -6.304326246025695329e-04
7.568694843709958882e-05 2.787944319892253844e-04
9.067626162302277646e-05 -4.389764884415225726e-04
1.086341118476983703e-04 -1.397164749217542825e-03
1.301483987727815751e-04 2.420203488286718028e-03
1.559234518055101096e-04 2.089317756079567268e-03
1.868030882607348551e-04 -1.010258521060351106e-03
2.237982380435905231e-04 2.220311825463660953e-03
2.681200392228388451e-04 1.955718716479688032e-03
3.212194879695813837e-04 -8.085350153131832130e-04
3.848349409112377262e-04 4.307505510775166621e-03
4.610490250211105056e-04 3.018561700170010412e-03
5.523568181454331779e-04 4.461500155242060280e-04
6.617475322451373595e-04 6.207714052166487737e-03
7.928023734781332972e-04 4.923437697412555783e-03
9.498117828412663702e-04 6.144187474201825115e-03
1.137915895567115452e-03 5.124023561143753111e-03
1.363272817600649301e-03 1.169801129597022697e-02
1.633260228149434551e-03 9.364136461565145814e-03
1.956716908321835553e-03 1.221410679006622660e-02
2.344232102958094654e-03 1.455397666931648390e-02
2.808492188710344766e-03 1.569719967483492601e-02
3.364695997505505291e-03 1.557434827615962296e-02
4.031052392147918551e-03 1.992401048537541589e-02
4.829376383568766834e-03 2.113870265743882093e-02
5.785803305261514803e-03 2.353583198456007594e-02
6.931644425369398385e-03 2.596713942970743649e-02
8.304412007242075594e-03 2.761170261086475647e-02
9.949047376640537260e-03 2.963738024095852533e-02
1.191939219975077582e-02 3.145053148682988575e-02
1.427995113834232450e-02 3.302149768342946268e-02
1.710800358744030483e-02 3.529640355670481122e-02
2.049613362905708044e-02 3.875212063884063418e-02
2.455526102698339305e-02 4.027954805526389598e-02
2.941827249059695074e-02 4.660286442906092647e-02
3.524437208710595043e-02 4.709808962838471502e-02
4.222429322494752890e-02 5.159124299997092100e-02
5.058654283696582821e-02 5.670100141139047117e-02
6.060488218389501608e-02 5.870508892875202223e-02
7.260728918284178879e-02 6.240923325366113522e-02
8.698669566726323354e-02 6.573774688599241800e-02
1.042138510922011874e-01 7.202980534688653569e-02
1.248527338135775461e-01 7.713932296048690851e-02
1.495790144721999004e-01 7.636699516390180187e-02
1.792021759321816288e-01 8.227336841993743155e-02
2.146920139308514941e-01 8.683819884489862861e-02
2.572103860118786778e-01 8.956591415199932626e-02
3.081492481303358955e-01 8.739672530191039401e-02
3.691762241626821428e-01 8.553241030366971753e-02
4.422892001650091109e-01 8.665117537412127258e-02
5.298817306728854648e-01 8.241173638441393057e-02
6.348213982980841497e-01 7.493193355881457018e-02
7.605436919392877249e-01 6.103915761933183248e-02
9.111644769684296152e-01 4.665005452600180097e-02
1.091614739413848678e+00 3.790441954802439839e-02
1.307802015361988701e+00 6.996488525924096646e-02
1.566803790413518138e+00 1.556400114059980355e-01
1.877099200657428302e+00 2.456293425201096225e-01
2.248846620532375162e+00 2.975944254270474487e-01
2.694216225177998414e+00 3.297189806693461289e-01
3.227788414620279767e+00 3.274816154142984326e-01
3.867031143303493401e+00 3.037051070921065188e-01
4.632871781664883670e+00 2.237185241871992858e-01
5.550382231215015061e+00 6.564814451035808074e-02
6.649599722251863909e+00 -2.710164523665374858e-01
7.966510165281469824e+00 -8.670828269049840609e-01
9.544226248860709916e+00 -1.947170006607404247e+00
1.143439885213818208e+01 -4.143696847951050088e+00
1.369890797856829856e+01 -9.323420265352423186e+00
1.641188856816823005e+01 -1.903750469939896206e+01
1.966215750885866242e+01 -1.574037468361307113e+01
2.355612130178607799e+01 1.197648106262201217e+01
2.822125957105455996e+01 3.762051250655040491e+01
3.381029846014812534e+01 5.243907688321552740e+01
4.050621054266346022e+01 3.921376087864257443e+01
4.852820493319574524e+01 3.205402146790799378e+01
5.813890370114581430e+01 3.002939295309503365e+01
6.965293952711030556e+01 2.884879635057354719e+01
8.344725606980564692e+01 2.720781661161425546e+01
9.997344825439016347e+01 2.586271978053927967e+01
1.197725464754935416e+02 2.553676680032043578e+01
1.434927287165400287e+02 2.563039009764110787e+01
1.719105404403459829e+02 2.486920375729459920e+01
2.059563169425278772e+02 2.476750103569179728e+01
2.467446404384391201e+02 2.478408338995714644e+01
2.956108289802248805e+02 2.568800494207120622e+01
3.541546517691353984e+02 2.452974157195589555e+01
4.242927020041872765e+02 2.437172913265100149e+01
5.083211418365539203e+02 2.551647832816986039e+01
6.089908735584803026e+02 2.459236178757976532e+01
7.295975979625329728e+02 2.438642751101866679e+01
8.740897081794768155e+02 2.442279011451968174e+01
1.047197551196597942e+03 2.449349331157613818e+01
