1 154.09921671018276
2 41.11618798955614
3 15.951044386422977
4 8.065926892950392
5 4.66710182767624
6 3.006527415143603
7 2.093342036553525
8 1.5352480417754568
9 1.1494778067885119
10 0.8994778067885117
11 0.7114882506527415
12 0.5554830287206266
13 0.4725848563968668
14 0.4046997389033943
15 0.3433420365535248
16 0.28263707571801566
17 0.23890339425587467
18 0.21997389033942558
19 0.195822454308094
20 0.16775456919060053
21 0.16514360313315926
22 0.11488250652741515
23 0.12597911227154046
24 0.10835509138381201
25 0.0926892950391645
26 0.0933420365535248
27 0.06919060052219321
28 0.07245430809399478
29 0.0685378590078329
30 0.06005221932114883
31 0.05939947780678851
32 0.05483028720626632
33 0.05026109660574413
34 0.043733681462140996
35 0.048302872062663184
36 0.030678851174934726
37 0.043733681462140996
38 0.030678851174934726
39 0.033942558746736295
40 0.024804177545691905
41 0.02610966057441253
42 0.022845953002610966
43 0.01762402088772846
44 0.025456919060052218
45 0.020234986945169713
46 0.02610966057441253
47 0.02349869451697128
48 0.024804177545691905
49 0.020887728459530026
50 0.01762402088772846
51 0.018929503916449087
52 0.010443864229765013
53 0.014360313315926894
54 0.0195822454308094
55 0.01762402088772846
56 0.018276762402088774
57 0.015665796344647518
58 0.01370757180156658
59 0.00587467362924282
60 0.010443864229765013
61 0.01174934725848564
62 0.014360313315926894
63 0.008485639686684074
64 0.013054830287206266
65 0.007832898172323759
66 0.007832898172323759
67 0.005221932114882507
68 0.008485639686684074
69 0.010443864229765013
70 0.007832898172323759
71 0.00587467362924282
72 0.006527415143603133
73 0.007832898172323759
74 0.005221932114882507
75 0.006527415143603133
76 0.0026109660574412533
77 0.008485639686684074
78 0.005221932114882507
79 0.009138381201044387
80 0.0039164490861618795
81 0.006527415143603133
82 0.006527415143603133
83 0.008485639686684074
84 0.0039164490861618795
85 0.005221932114882507
86 0.005221932114882507
87 0.0039164490861618795
88 0.0045691906005221935
89 0.0039164490861618795
90 0.0026109660574412533
91 0.0045691906005221935
92 0.0026109660574412533
93 0.0032637075718015664
94 0.0026109660574412533
95 0.0045691906005221935
96 0.0032637075718015664
97 0.0019582245430809398
98 0.0019582245430809398
99 0.0032637075718015664
100 0.0019582245430809398
101 0.0013054830287206266
102 0.0013054830287206266
103 0.0032637075718015664
104 0.0013054830287206266
105 0.0026109660574412533
106 0.0032637075718015664
107 0.006527415143603133
108 0.0019582245430809398
109 0.0019582245430809398
110 0.0013054830287206266
111 0.0013054830287206266
112 0.0032637075718015664
113 0.0032637075718015664
114 0.0019582245430809398
115 0.0013054830287206266
116 0.0006527415143603133
117 0.0032637075718015664
118 0.0019582245430809398
119 0.0026109660574412533
121 0.0032637075718015664
122 0.0026109660574412533
123 0.0045691906005221935
124 0.0006527415143603133
125 0.0039164490861618795
126 0.0019582245430809398
127 0.0032637075718015664
128 0.0006527415143603133
130 0.0032637075718015664
131 0.0013054830287206266
132 0.0032637075718015664
133 0.0006527415143603133
134 0.0026109660574412533
135 0.0019582245430809398
136 0.0013054830287206266
137 0.0006527415143603133
138 0.0019582245430809398
139 0.0013054830287206266
140 0.0032637075718015664
141 0.0006527415143603133
142 0.0006527415143603133
143 0.0026109660574412533
144 0.0013054830287206266
145 0.0006527415143603133
146 0.0013054830287206266
147 0.0019582245430809398
148 0.0013054830287206266
149 0.0026109660574412533
150 0.0006527415143603133
151 0.0013054830287206266
152 0.0019582245430809398
153 0.0019582245430809398
155 0.0019582245430809398
156 0.0013054830287206266
157 0.0032637075718015664
158 0.0032637075718015664
159 0.0013054830287206266
160 0.0006527415143603133
161 0.0006527415143603133
162 0.0006527415143603133
164 0.0013054830287206266
165 0.0006527415143603133
166 0.0019582245430809398
167 0.0019582245430809398
168 0.0013054830287206266
169 0.0006527415143603133
170 0.0006527415143603133
171 0.0013054830287206266
172 0.0019582245430809398
173 0.0045691906005221935
174 0.0006527415143603133
175 0.0013054830287206266
176 0.0013054830287206266
177 0.0006527415143603133
178 0.0013054830287206266
179 0.0019582245430809398
180 0.0006527415143603133
181 0.0006527415143603133
183 0.0013054830287206266
184 0.0006527415143603133
185 0.0019582245430809398
186 0.0019582245430809398
187 0.0006527415143603133
189 0.0013054830287206266
190 0.0006527415143603133
191 0.0006527415143603133
193 0.0006527415143603133
194 0.0006527415143603133
195 0.0013054830287206266
199 0.0032637075718015664
200 0.0019582245430809398
202 0.0006527415143603133
203 0.0006527415143603133
204 0.0026109660574412533
206 0.0013054830287206266
208 0.0006527415143603133
210 0.0013054830287206266
211 0.0039164490861618795
212 0.0006527415143603133
213 0.0006527415143603133
214 0.0013054830287206266
215 0.0006527415143603133
216 0.0006527415143603133
219 0.0013054830287206266
220 0.0013054830287206266
222 0.0006527415143603133
223 0.0006527415143603133
225 0.0013054830287206266
226 0.0006527415143603133
229 0.0006527415143603133
230 0.0006527415143603133
231 0.0019582245430809398
232 0.0006527415143603133
233 0.0006527415143603133
234 0.0013054830287206266
235 0.0006527415143603133
236 0.0013054830287206266
238 0.0006527415143603133
240 0.0006527415143603133
241 0.0013054830287206266
242 0.0006527415143603133
243 0.0013054830287206266
244 0.0013054830287206266
245 0.0006527415143603133
246 0.0006527415143603133
249 0.0013054830287206266
250 0.0013054830287206266
251 0.0019582245430809398
254 0.0006527415143603133
255 0.0006527415143603133
256 0.0006527415143603133
257 0.0019582245430809398
258 0.0006527415143603133
259 0.0006527415143603133
260 0.0019582245430809398
262 0.0006527415143603133
263 0.0006527415143603133
264 0.0032637075718015664
265 0.0019582245430809398
266 0.0006527415143603133
267 0.0013054830287206266
268 0.0013054830287206266
270 0.0013054830287206266
271 0.0013054830287206266
272 0.0006527415143603133
273 0.0013054830287206266
274 0.0006527415143603133
275 0.0006527415143603133
276 0.0019582245430809398
277 0.0006527415143603133
278 0.0013054830287206266
279 0.0026109660574412533
280 0.0026109660574412533
282 0.0013054830287206266
283 0.0006527415143603133
284 0.0013054830287206266
285 0.0013054830287206266
287 0.0013054830287206266
288 0.0019582245430809398
289 0.0019582245430809398
290 0.0006527415143603133
291 0.0006527415143603133
292 0.0013054830287206266
293 0.0013054830287206266
294 0.0006527415143603133
295 0.0006527415143603133
296 0.0013054830287206266
297 0.0013054830287206266
298 0.0006527415143603133
299 0.0006527415143603133
300 0.0013054830287206266
301 0.0006527415143603133
303 0.0013054830287206266
304 0.0013054830287206266
305 0.0026109660574412533
306 0.0019582245430809398
307 0.0026109660574412533
308 0.0006527415143603133
309 0.0013054830287206266
310 0.0006527415143603133
311 0.0013054830287206266
312 0.0013054830287206266
313 0.0026109660574412533
314 0.0026109660574412533
315 0.0026109660574412533
318 0.0013054830287206266
319 0.0006527415143603133
320 0.0026109660574412533
321 0.0019582245430809398
322 0.0013054830287206266
323 0.0006527415143603133
324 0.0013054830287206266
325 0.0013054830287206266
327 0.0013054830287206266
328 0.0013054830287206266
329 0.0013054830287206266
330 0.0019582245430809398
331 0.0013054830287206266
333 0.0013054830287206266
334 0.0019582245430809398
335 0.0006527415143603133
336 0.0026109660574412533
337 0.0013054830287206266
338 0.0013054830287206266
339 0.0013054830287206266
340 0.0019582245430809398
341 0.0013054830287206266
342 0.0013054830287206266
343 0.0019582245430809398
344 0.0013054830287206266
345 0.0019582245430809398
346 0.0032637075718015664
347 0.0013054830287206266
348 0.0026109660574412533
349 0.0019582245430809398
350 0.0019582245430809398
351 0.0013054830287206266
352 0.0019582245430809398
353 0.0006527415143603133
354 0.0019582245430809398
355 0.0026109660574412533
356 0.00587467362924282
357 0.0006527415143603133
358 0.0019582245430809398
359 0.0013054830287206266
360 0.0019582245430809398
361 0.0013054830287206266
362 0.0006527415143603133
363 0.0013054830287206266
364 0.0026109660574412533
365 0.0019582245430809398
366 0.0006527415143603133
367 0.0019582245430809398
368 0.0019582245430809398
369 0.0013054830287206266
370 0.0013054830287206266
371 0.0013054830287206266
372 0.0019582245430809398
373 0.0019582245430809398
374 0.0006527415143603133
375 0.0013054830287206266
376 0.0013054830287206266
377 0.0032637075718015664
378 0.0006527415143603133
379 0.0026109660574412533
380 0.0019582245430809398
381 0.0006527415143603133
382 0.0006527415143603133
383 0.0026109660574412533
384 0.0026109660574412533
385 0.0039164490861618795
386 0.0039164490861618795
387 0.005221932114882507
388 0.0039164490861618795
389 0.0032637075718015664
390 0.0013054830287206266
391 0.0013054830287206266
392 0.0013054830287206266
393 0.0006527415143603133
394 0.0026109660574412533
395 0.0013054830287206266
396 0.0026109660574412533
397 0.0026109660574412533
398 0.0026109660574412533
399 0.0019582245430809398
400 0.0013054830287206266
401 0.0019582245430809398
402 0.0039164490861618795
403 0.0039164490861618795
404 0.0026109660574412533
405 0.0032637075718015664
406 0.0013054830287206266
407 0.0019582245430809398
408 0.0039164490861618795
409 0.0006527415143603133
410 0.0045691906005221935
411 0.0013054830287206266
412 0.005221932114882507
413 0.0045691906005221935
414 0.0019582245430809398
415 0.0019582245430809398
416 0.0039164490861618795
417 0.0026109660574412533
418 0.0006527415143603133
419 0.0026109660574412533
420 0.0039164490861618795
421 0.0026109660574412533
422 0.0045691906005221935
423 0.0039164490861618795
424 0.0006527415143603133
425 0.0026109660574412533
426 0.00587467362924282
427 0.0039164490861618795
428 0.0032637075718015664
429 0.0045691906005221935
430 0.0013054830287206266
431 0.0019582245430809398
432 0.0026109660574412533
433 0.0039164490861618795
434 0.0045691906005221935
435 0.00587467362924282
436 0.0019582245430809398
437 0.0013054830287206266
438 0.0026109660574412533
439 0.0032637075718015664
440 0.0026109660574412533
441 0.0039164490861618795
442 0.0026109660574412533
443 0.0019582245430809398
444 0.0013054830287206266
445 0.0039164490861618795
446 0.0039164490861618795
447 0.0045691906005221935
448 0.0039164490861618795
449 0.0032637075718015664
450 0.0026109660574412533
451 0.0026109660574412533
452 0.0026109660574412533
453 0.005221932114882507
454 0.0032637075718015664
455 0.0039164490861618795
456 0.0013054830287206266
457 0.00587467362924282
458 0.0039164490861618795
459 0.0039164490861618795
460 0.0045691906005221935
461 0.0039164490861618795
462 0.0026109660574412533
463 0.0032637075718015664
464 0.00587467362924282
465 0.006527415143603133
466 0.0039164490861618795
467 0.00587467362924282
468 0.0045691906005221935
469 0.0032637075718015664
470 0.0013054830287206266
471 0.0045691906005221935
472 0.0026109660574412533
473 0.0013054830287206266
474 0.0026109660574412533
475 0.0045691906005221935
476 0.0032637075718015664
477 0.0019582245430809398
478 0.0039164490861618795
479 0.0039164490861618795
480 0.00587467362924282
481 0.005221932114882507
482 0.00587467362924282
483 0.00587467362924282
484 0.0026109660574412533
485 0.010443864229765013
486 0.0032637075718015664
487 0.0039164490861618795
488 0.007180156657963447
489 0.0026109660574412533
490 0.006527415143603133
491 0.0026109660574412533
492 0.0032637075718015664
493 0.0026109660574412533
494 0.005221932114882507
495 0.0039164490861618795
496 0.009138381201044387
497 0.0032637075718015664
498 0.0039164490861618795
499 0.0039164490861618795
500 0.0019582245430809398
501 0.00587467362924282
502 0.0032637075718015664
503 0.0045691906005221935
504 0.0026109660574412533
505 0.0045691906005221935
506 0.0045691906005221935
507 0.0039164490861618795
508 0.0032637075718015664
509 0.006527415143603133
510 0.0032637075718015664
511 0.0039164490861618795
512 0.0019582245430809398
513 0.00587467362924282
514 0.0039164490861618795
515 0.0032637075718015664
516 0.006527415143603133
517 0.0006527415143603133
518 0.005221932114882507
519 0.0032637075718015664
520 0.007180156657963447
521 0.0019582245430809398
522 0.0045691906005221935
523 0.0032637075718015664
524 0.0039164490861618795
525 0.0039164490861618795
526 0.009138381201044387
527 0.0039164490861618795
528 0.0045691906005221935
529 0.0026109660574412533
530 0.0045691906005221935
531 0.0032637075718015664
532 0.0045691906005221935
533 0.0045691906005221935
534 0.0026109660574412533
535 0.0039164490861618795
536 0.0032637075718015664
537 0.0032637075718015664
538 0.0045691906005221935
539 0.0039164490861618795
540 0.005221932114882507
541 0.0039164490861618795
542 0.0032637075718015664
543 0.0026109660574412533
544 0.0019582245430809398
545 0.0039164490861618795
546 0.00587467362924282
547 0.0013054830287206266
548 0.0013054830287206266
549 0.0013054830287206266
550 0.0019582245430809398
551 0.0026109660574412533
552 0.005221932114882507
553 0.0006527415143603133
554 0.007180156657963447
555 0.0026109660574412533
556 0.0032637075718015664
557 0.0039164490861618795
558 0.005221932114882507
559 0.0019582245430809398
560 0.0045691906005221935
561 0.0032637075718015664
562 0.0019582245430809398
563 0.0039164490861618795
564 0.0026109660574412533
565 0.0019582245430809398
566 0.0032637075718015664
567 0.005221932114882507
568 0.0019582245430809398
569 0.0032637075718015664
570 0.0045691906005221935
571 0.0032637075718015664
572 0.0026109660574412533
573 0.0006527415143603133
574 0.0026109660574412533
575 0.0013054830287206266
576 0.0019582245430809398
577 0.00587467362924282
578 0.0039164490861618795
579 0.0006527415143603133
580 0.0013054830287206266
581 0.0045691906005221935
582 0.0006527415143603133
583 0.0026109660574412533
584 0.0019582245430809398
585 0.0026109660574412533
586 0.0026109660574412533
587 0.0026109660574412533
588 0.0026109660574412533
589 0.0013054830287206266
590 0.0026109660574412533
591 0.0006527415143603133
592 0.0006527415143603133
593 0.0019582245430809398
594 0.0032637075718015664
595 0.0013054830287206266
596 0.0019582245430809398
597 0.0013054830287206266
598 0.0006527415143603133
599 0.0013054830287206266
600 0.0006527415143603133
601 0.0013054830287206266
602 0.0019582245430809398
603 0.0019582245430809398
604 0.0006527415143603133
605 0.0006527415143603133
609 0.0032637075718015664
610 0.0006527415143603133
611 0.0013054830287206266
612 0.0019582245430809398
614 0.0006527415143603133
615 0.0006527415143603133
616 0.0019582245430809398
617 0.0006527415143603133
618 0.0013054830287206266
619 0.0013054830287206266
620 0.0026109660574412533
621 0.0006527415143603133
622 0.0013054830287206266
624 0.0013054830287206266
625 0.0013054830287206266
626 0.0013054830287206266
627 0.0006527415143603133
631 0.0006527415143603133
633 0.0006527415143603133
635 0.0006527415143603133
639 0.0006527415143603133
640 0.0006527415143603133
644 0.0006527415143603133
651 0.0006527415143603133
652 0.0006527415143603133
658 0.0006527415143603133
661 0.0006527415143603133
668 0.0006527415143603133
669 0.0006527415143603133
