0.000000000000000000e+00 3.332484263485495291e+01 6.539733879999999999e+02 6.894970640000000230e+02
6.000000000000000125e-03 3.296855933485495171e+01 6.536698930000000018e+02 6.888283179999999675e+02
1.200000000000000025e-02 3.191393793485495678e+01 6.527709539999999606e+02 6.868480070000000524e+02
1.799999999999999864e-02 3.020227783485495721e+01 6.513097480000000132e+02 6.836309529999999768e+02
2.400000000000000050e-02 2.789886083485495760e+01 6.493383720000000494e+02 6.792950369999999793e+02
2.999999999999999889e-02 2.508843093485495856e+01 6.469240499999999656e+02 6.739929130000000441e+02
3.599999999999999728e-02 2.186968093485495856e+01 6.441446099999999433e+02 6.679019720000000007e+02
4.200000000000000261e-02 1.834936373485495764e+01 6.410837749999999460e+02 6.612137699999999541e+02
4.800000000000000100e-02 1.463661123485495530e+01 6.378268070000000307e+02 6.541239890000000514e+02
5.399999999999999939e-02 1.083793303485495585e+01 6.344568940000000339e+02 6.468238239999999450e+02
5.999999999999999778e-02 7.053204764854956288e+00 6.310524920000000293e+02 6.394933009999999740e+02
6.600000000000000311e-02 3.372780904854956407e+00 6.276856619999999793e+02 6.322967069999999694e+02
7.199999999999999456e-02 -1.242882831450436848e-01 6.244212870000000066e+02 6.253799880000000257e+02
7.799999999999999989e-02 -3.371077765145043426e+00 6.213169199999999819e+02 6.188697379999999839e+02
8.400000000000000522e-02 -6.312862915145043274e+00 6.184230039999999917e+02 6.128732939999999871e+02
8.999999999999999667e-02 -8.906693645145043803e+00 6.157831939999999804e+02 6.074794140000000198e+02
9.600000000000000200e-02 -1.102035506514504348e+01 6.135149400000000242e+02 6.029409759999999778e+02
1.079999999999999988e-01 -1.422853516514504513e+01 6.098156770000000506e+02 5.957343429999999671e+02
1.199999999999999956e-01 -1.578868286514504504e+01 6.075440810000000056e+02 5.916338490000000547e+02
1.320000000000000062e-01 -1.577693806514504438e+01 6.067260509999999840e+02 5.905977400000000443e+02
1.439999999999999891e-01 -1.439399846514504411e+01 6.072470439999999599e+02 5.923150650000000041e+02
1.559999999999999998e-01 -1.194718436514504489e+01 6.088621759999999767e+02 5.962349920000000338e+02
1.680000000000000104e-01 -8.819680235145044733e+00 6.112342459999999846e+02 6.016374730000000000e+02
1.799999999999999933e-01 -5.424942125145043370e+00 6.139923579999999674e+02 6.077389699999999948e+02
1.920000000000000040e-01 -2.261391875145043251e+00 6.167374939999999697e+02 6.136558519999999817e+02
2.159999999999999976e-01 2.702749674854956652e+00 6.214305070000000342e+02 6.234493390000000090e+02
2.399999999999999911e-01 5.022897694854956185e+00 6.243655539999999746e+02 6.290071339999999509e+02
2.640000000000000124e-01 5.193981534854956728e+00 6.256374540000000479e+02 6.308384770000000117e+02
2.879999999999999782e-01 4.454802274854956501e+00 6.259178460000000541e+02 6.307471080000000256e+02
3.119999999999999996e-01 3.798648284854956536e+00 6.259171489999999949e+02 6.303555740000000469e+02
3.360000000000000209e-01 3.485414834854956734e+00 6.259312439999999924e+02 6.301872779999999921e+02
3.599999999999999867e-01 3.186608534854956432e+00 6.257590609999999742e+02 6.297198250000000144e+02
3.840000000000000080e-01 2.374536854854956580e+00 6.249570179999999482e+02 6.279925970000000461e+02
4.319999999999999951e-01 -1.104944564504368142e-02 6.224142950000000383e+02 6.227167239999999993e+02
4.799999999999999822e-01 -1.773557495145043683e+00 6.201385289999999486e+02 6.183042020000000321e+02
5.280000000000000249e-01 -1.584004055145043610e+00 6.196787239999999883e+02 6.178148850000000039e+02
5.759999999999999565e-01 -5.568205831450436794e-01 6.203560609999999542e+02 6.195387749999999869e+02
6.239999999999999991e-01 3.175762448549563355e-01 6.214481039999999439e+02 6.217259050000000116e+02
6.720000000000000417e-01 1.013363564854956378e+00 6.226640979999999672e+02 6.238922760000000380e+02
7.199999999999999734e-01 1.188523804854956234e+00 6.231644850000000133e+02 6.246866079999999783e+02
7.680000000000000160e-01 6.677442958549563157e-01 6.225438460000000305e+02 6.234751959999999826e+02
8.639999999999999902e-01 -2.269085614504368076e-02 6.215284749999999576e+02 6.215774320000000444e+02
9.599999999999999645e-01 -5.243455074504367597e-02 6.212683719999999994e+02 6.212464979999999741e+02
1.056000000000000050e+00 2.732155288549563132e-01 6.217076990000000478e+02 6.221183170000000473e+02
1.151999999999999913e+00 3.329738988549563183e-01 6.218895489999999882e+02 6.223813040000000001e+02
1.247999999999999998e+00 1.346082788549563258e-01 6.215945580000000064e+02 6.218532719999999472e+02
1.344000000000000083e+00 8.231048385495631781e-02 6.214470440000000053e+02 6.216187270000000353e+02
1.439999999999999947e+00 1.554801948549563162e-01 6.215457569999999805e+02 6.218034780000000410e+02
1.536000000000000032e+00 1.597516548549563209e-01 6.215761340000000246e+02 6.218568149999999832e+02
1.727999999999999980e+00 1.185387308549563090e-01 6.215085649999999760e+02 6.217160740000000487e+02
1.919999999999999929e+00 1.266561968549563266e-01 6.215103440000000319e+02 6.217245560000000069e+02
2.112000000000000099e+00 1.130582008549563117e-01 6.214999950000000126e+02 6.216916700000000446e+02
2.303999999999999826e+00 1.260630118549563028e-01 6.214830020000000559e+02 6.216719349999999622e+02
2.495999999999999996e+00 1.160502778549563213e-01 6.214900400000000218e+02 6.216665030000000343e+02
2.688000000000000167e+00 1.311011838549563102e-01 6.214518550000000232e+02 6.216284299999999803e+02
2.879999999999999893e+00 1.318866698549563121e-01 6.214785930000000462e+02 6.216641650000000254e+02
3.072000000000000064e+00 1.423875278549563139e-01 6.214511420000000044e+02 6.216367999999999938e+02
3.455999999999999961e+00 1.519739608549563192e-01 6.214493690000000470e+02 6.216393590000000131e+02
3.839999999999999858e+00 1.652367368549563231e-01 6.214437149999999974e+02 6.216475070000000187e+02
4.224000000000000199e+00 1.696052198549563017e-01 6.214435770000000048e+02 6.216591459999999643e+02
4.607999999999999652e+00 1.715842518549563211e-01 6.214516270000000304e+02 6.216705670000000055e+02
4.991999999999999993e+00 1.751282978549563163e-01 6.214538199999999506e+02 6.216798049999999876e+02
5.376000000000000334e+00 1.790537788549563247e-01 6.214532910000000356e+02 6.216889800000000150e+02
5.759999999999999787e+00 1.756618618549563027e-01 6.214562039999999570e+02 6.216918570000000273e+02
6.144000000000000128e+00 1.741749588549563188e-01 6.214611509999999726e+02 6.216939700000000357e+02
6.911999999999999922e+00 1.732580778549563105e-01 6.214591420000000426e+02 6.216903630000000476e+02
7.679999999999999716e+00 1.716382948549563248e-01 6.214578370000000405e+02 6.216858750000000100e+02
8.448000000000000398e+00 1.694690878549563184e-01 6.214537149999999883e+02 6.216751319999999623e+02
9.215999999999999304e+00 1.669141668549563029e-01 6.214518000000000484e+02 6.216707760000000462e+02
9.983999999999999986e+00 1.645822218549563287e-01 6.214440610000000333e+02 6.216627529999999524e+02
1.075200000000000067e+01 1.629714318549563279e-01 6.214483040000000074e+02 6.216641809999999850e+02
1.151999999999999957e+01 1.625002968549563165e-01 6.214442320000000564e+02 6.216602609999999913e+02
1.228800000000000026e+01 1.637784518549563195e-01 6.214467459999999619e+02 6.216620400000000473e+02
1.382399999999999984e+01 1.628466428549563139e-01 6.214406960000000026e+02 6.216547409999999445e+02
1.535999999999999943e+01 1.614165258549563053e-01 6.214403539999999566e+02 6.216528640000000223e+02
1.689600000000000080e+01 1.608970358549563218e-01 6.214395309999999881e+02 6.216520189999999957e+02
1.843199999999999861e+01 1.585563188549563018e-01 6.214414040000000341e+02 6.216493560000000116e+02
1.996799999999999997e+01 1.591161548549563098e-01 6.214355040000000372e+02 6.216474859999999580e+02
2.150400000000000134e+01 1.569926768549563256e-01 6.214292450000000372e+02 6.216362390000000460e+02
2.303999999999999915e+01 1.572177458549563200e-01 6.214332050000000436e+02 6.216419819999999845e+02
2.457600000000000051e+01 1.569698708549563115e-01 6.214331290000000081e+02 6.216406130000000303e+02
2.764799999999999969e+01 1.543445248549563109e-01 6.214286439999999629e+02 6.216327609999999595e+02
3.071999999999999886e+01 1.525301058549563271e-01 6.214266900000000078e+02 6.216274750000000040e+02
3.379200000000000159e+01 1.517355468549563269e-01 6.214234860000000253e+02 6.216224220000000287e+02
3.686399999999999721e+01 1.505410098549563036e-01 6.214196530000000394e+02 6.216160220000000436e+02
3.993599999999999994e+01 1.480980028549563066e-01 6.214157999999999902e+02 6.216113010000000259e+02
4.300800000000000267e+01 1.483162528549563097e-01 6.214146919999999454e+02 6.216093339999999898e+02
4.607999999999999829e+01 1.469399818549563252e-01 6.214170440000000326e+02 6.216104060000000118e+02
4.915200000000000102e+01 1.464306388549563021e-01 6.214133150000000114e+02 6.216054980000000114e+02
5.529599999999999937e+01 1.441318838549563164e-01 6.214108230000000503e+02 6.216008590000000140e+02
6.143999999999999773e+01 1.426306558549563230e-01 6.214062400000000252e+02 6.215939369999999826e+02
6.758400000000000318e+01 1.411587158549563181e-01 6.214039269999999533e+02 6.215886570000000120e+02
7.372799999999999443e+01 1.385590208549563052e-01 6.214034609999999930e+02 6.215858240000000023e+02
7.987199999999999989e+01 1.373378428549563157e-01 6.213990069999999832e+02 6.215779999999999745e+02
8.601600000000000534e+01 1.357820168549563056e-01 6.213919059999999490e+02 6.215692880000000287e+02
9.215999999999999659e+01 1.337358378549563243e-01 6.213928660000000264e+02 6.215687430000000404e+02
9.830400000000000205e+01 1.322645088549563031e-01 6.213881699999999455e+02 6.215607290000000376e+02
1.105919999999999987e+02 1.293442308549563047e-01 6.213814840000000004e+02 6.215512280000000374e+02
1.228799999999999955e+02 1.261683468549563147e-01 6.213746270000000322e+02 6.215405879999999570e+02
1.351680000000000064e+02 1.240162198549563111e-01 6.213695699999999533e+02 6.215318200000000388e+02
1.474559999999999889e+02 1.205592578549563171e-01 6.213587440000000015e+02 6.215176269999999477e+02
1.597439999999999998e+02 1.180991558549563114e-01 6.213545229999999719e+02 6.215101700000000164e+02
1.720320000000000107e+02 1.152063288549563108e-01 6.213510770000000321e+02 6.215023700000000417e+02
1.843199999999999932e+02 1.127383778549563148e-01 6.213448630000000321e+02 6.214927450000000135e+02
1.966080000000000041e+02 1.102670258549563187e-01 6.213409339999999474e+02 6.214858739999999671e+02
2.211839999999999975e+02 1.052270658549563087e-01 6.213309920000000375e+02 6.214691360000000486e+02
2.457599999999999909e+02 1.014682568549563207e-01 6.213228380000000470e+02 6.214563490000000456e+02
2.703360000000000127e+02 9.725224105495632043e-02 6.213144350000000031e+02 6.214426389999999856e+02
2.949119999999999777e+02 9.387850735495631427e-02 6.213063899999999649e+02 6.214299029999999675e+02
3.194879999999999995e+02 9.037916865495632113e-02 6.212991500000000542e+02 6.214174269999999751e+02
3.440640000000000214e+02 8.712769085495632171e-02 6.212928150000000187e+02 6.214071800000000394e+02
3.686399999999999864e+02 8.386605315495632151e-02 6.212856110000000172e+02 6.213955549999999448e+02
3.932160000000000082e+02 8.076872465495631148e-02 6.212795250000000351e+02 6.213853470000000243e+02
4.423679999999999950e+02 7.462373545495631921e-02 6.212660329999999931e+02 6.213632549999999810e+02
4.915199999999999818e+02 6.918410775495631437e-02 6.212548219999999901e+02 6.213446959999999990e+02
5.406720000000000255e+02 6.407377485495631408e-02 6.212495840000000271e+02 6.213327480000000378e+02
5.898239999999999554e+02 5.938195235495632301e-02 6.212409959999999955e+02 6.213183000000000220e+02
6.389759999999999991e+02 5.576601645495632420e-02 6.212333119999999553e+02 6.213055070000000342e+02
6.881280000000000427e+02 5.229379075495631940e-02 6.212288969999999608e+02 6.212971390000000156e+02
7.372799999999999727e+02 4.898718435495632434e-02 6.212210659999999507e+02 6.212848719999999503e+02
7.864320000000000164e+02 4.572591145495632364e-02 6.212186749999999620e+02 6.212782909999999674e+02
8.847359999999999900e+02 4.070613895495632517e-02 6.212144080000000486e+02 6.212673630000000458e+02
9.830399999999999636e+02 3.589955285495632226e-02 6.212072379999999612e+02 6.212533740000000080e+02
1.081339999999999918e+03 3.214230695495632478e-02 6.212005289999999604e+02 6.212422589999999900e+02
1.179650000000000091e+03 2.869147365495631694e-02 6.211950590000000147e+02 6.212321120000000292e+02
1.277950000000000045e+03 2.527532345495631799e-02 6.211909160000000156e+02 6.212242529999999761e+02
1.376259999999999991e+03 2.269601425495631694e-02 6.211813949999999522e+02 6.212109709999999723e+02
1.474559999999999945e+03 2.051550065495631736e-02 6.211765279999999620e+02 6.212024010000000089e+02
1.572859999999999900e+03 1.971030885495631685e-02 6.211585229999999456e+02 6.211829010000000153e+02
1.769470000000000027e+03 1.756095335495631848e-02 6.211418360000000121e+02 6.211627549999999474e+02
1.966079999999999927e+03 1.667812395495631844e-02 6.211350969999999734e+02 6.211545200000000477e+02
2.162690000000000055e+03 1.523229285495631899e-02 6.211409899999999880e+02 6.211581619999999475e+02
2.359300000000000182e+03 1.361219775495631917e-02 6.211360499999999547e+02 6.211507729999999583e+02
2.555900000000000091e+03 1.249755315495631840e-02 6.211302970000000414e+02 6.211426940000000059e+02
2.752510000000000218e+03 1.065615375495631775e-02 6.211189950000000408e+02 6.211281800000000430e+02
2.949119999999999891e+03 8.737022964956318513e-03 6.210991800000000467e+02 6.211054649999999810e+02
3.145730000000000018e+03 6.797958044956318828e-03 6.210852919999999813e+02 6.210887850000000299e+02
3.538940000000000055e+03 3.530481444956318562e-03 6.210845450000000483e+02 6.210844749999999976e+02
3.932159999999999854e+03 6.079911699563187669e-04 6.210964969999999994e+02 6.210891390000000456e+02
4.325380000000000109e+03 -1.279723705043681178e-03 6.211096900000000005e+02 6.211001569999999674e+02
4.718590000000000146e+03 -3.586137904368126323e-05 6.210975150000000440e+02 6.210905030000000124e+02
5.111810000000000400e+03 -7.677444070436812047e-04 6.210786170000000084e+02 6.210695789999999761e+02
5.505020000000000437e+03 -2.888595915043681329e-03 6.210755110000000059e+02 6.210668769999999768e+02
5.898239999999999782e+03 -4.753862445043681786e-03 6.210944660000000113e+02 6.210828980000000001e+02
6.291460000000000036e+03 -4.889685895043681049e-03 6.211439279999999599e+02 6.211338459999999486e+02
7.077890000000000327e+03 -3.580078915043681444e-03 6.211819120000000112e+02 6.211743189999999686e+02
7.864319999999999709e+03 -2.128796395043681434e-03 6.211886550000000398e+02 6.211849130000000514e+02
8.650750000000000000e+03 -4.899239165043681524e-03 6.211974259999999504e+02 6.211892470000000230e+02
9.437180000000000291e+03 -4.063298215043681556e-03 6.212091460000000325e+02 6.212030650000000378e+02
1.022360000000000036e+04 -4.465543475043681244e-03 6.211939459999999826e+02 6.211884669999999460e+02
1.101000000000000000e+04 -3.973250255043680838e-03 6.211322910000000093e+02 6.211255710000000363e+02
1.179650000000000000e+04 -4.726705975043681528e-03 6.211366860000000543e+02 6.211308099999999968e+02
1.258289999999999964e+04 -4.847489625043681707e-03 6.211317179999999780e+02 6.211290760000000546e+02
1.415579999999999927e+04 -3.757472995043681548e-03 6.211722760000000108e+02 6.211692420000000538e+02
1.572860000000000036e+04 7.001685909563187468e-04 6.212721070000000054e+02 6.212699720000000525e+02
1.730150000000000000e+04 5.558784224956318971e-03 6.213546250000000555e+02 6.213550619999999753e+02
1.887440000000000146e+04 3.380053434956318409e-03 6.213471050000000560e+02 6.213500930000000153e+02
2.044720000000000073e+04 -1.654808225043681190e-03 6.212454649999999674e+02 6.212358440000000428e+02
2.202009999999999854e+04 -1.505676731436812548e-04 6.212062550000000556e+02 6.211982930000000351e+02
2.359300000000000000e+04 -1.440382815043681234e-03 6.212132900000000291e+02 6.212026359999999841e+02
2.516579999999999927e+04 -1.364638195043681342e-03 6.212348120000000335e+02 6.212216329999999971e+02
2.831159999999999854e+04 -1.522586985043681207e-03 6.212852120000000014e+02 6.212839159999999765e+02
3.145729999999999927e+04 -1.096415622043681211e-03 6.212978960000000370e+02 6.213059560000000374e+02
3.460300000000000000e+04 -4.683807630436813115e-04 6.211733659999999873e+02 6.211809899999999516e+02
3.774869999999999709e+04 -3.780637100436812833e-04 6.212791180000000395e+02 6.212891240000000153e+02
4.089450000000000000e+04 5.576536109563187075e-04 6.211633799999999610e+02 6.211723620000000210e+02
4.404019999999999709e+04 7.803502539563187236e-04 6.211087069999999812e+02 6.211058140000000094e+02
4.718590000000000146e+04 -1.103235162043681144e-03 6.210949809999999616e+02 6.210879009999999880e+02
5.033159999999999854e+04 2.475171864956318343e-03 6.209595259999999826e+02 6.209581600000000208e+02
5.662309999999999854e+04 -1.557588655043681347e-03 6.210426599999999553e+02 6.210393510000000106e+02
6.291459999999999854e+04 -7.165141985043681043e-03 6.210153420000000324e+02 6.210084659999999985e+02
6.920600000000000000e+04 -2.543588545043681468e-03 6.208652009999999564e+02 6.208629710000000159e+02
7.549750000000000000e+04 3.249791494956318690e-03 6.205244569999999840e+02 6.205307390000000396e+02
8.178889999999999418e+04 1.152982254956318739e-03 6.207253610000000208e+02 6.207298710000000028e+02
8.808039999999999418e+04 2.341675544956318446e-03 6.205999749999999722e+02 6.206005290000000514e+02
9.437180000000000291e+04 6.029445219563187757e-04 6.206981960000000527e+02 6.206926949999999579e+02
1.006630000000000000e+05 6.365805159563187737e-04 6.205694519999999557e+02 6.205619339999999511e+02
1.132460000000000000e+05 -8.274785320436812280e-04 6.207753729999999450e+02 6.207782110000000557e+02
1.258290000000000000e+05 1.515666014956318667e-03 6.211341519999999718e+02 6.211353119999999990e+02
1.384120000000000000e+05 -2.839242175043681440e-03 6.206740260000000262e+02 6.206681700000000319e+02
1.509950000000000000e+05 -6.768168070436812386e-04 6.208145670000000109e+02 6.208171509999999671e+02
1.635780000000000000e+05 -5.986038954368126712e-05 6.210732669999999871e+02 6.210771250000000236e+02
1.761610000000000000e+05 1.387100484956318861e-03 6.212482919999999922e+02 6.212439349999999649e+02
1.887440000000000000e+05 9.142923349563186839e-04 6.213925229999999829e+02 6.213934520000000248e+02
2.013270000000000000e+05 4.443470699563187255e-04 6.205814020000000255e+02 6.205824390000000221e+02
2.264920000000000000e+05 -2.432813835043681587e-03 6.212270109999999477e+02 6.212282609999999750e+02
2.516580000000000000e+05 -2.207429565043681451e-03 6.212279839999999922e+02 6.212251459999999952e+02
2.768240000000000000e+05 2.406065484956318359e-03 6.221712209999999459e+02 6.221710749999999734e+02
3.019900000000000000e+05 -4.449309854368126735e-05 6.212235779999999750e+02 6.212260029999999915e+02
3.271560000000000000e+05 1.085827424956318761e-03 6.213442710000000488e+02 6.213454930000000331e+02
3.523220000000000000e+05 2.142008574956318599e-03 6.159100740000000087e+02 6.159104610000000548e+02
