1 180.44927536231884
2 55.93153423288356
3 24.67766116941529
4 13.335332333833083
5 8.20839580209895
6 5.630684657671164
7 4.007496251874063
8 2.925537231384308
9 2.284857571214393
10 1.8280859570214893
11 1.4592703648175913
12 1.222888555722139
13 1.00199900049975
14 0.8705647176411794
15 0.7361319340329835
16 0.6981509245377311
17 0.5782108945527237
18 0.5057471264367817
19 0.44877561219390305
20 0.4102948525737131
21 0.38630684657671166
22 0.3353323338330835
23 0.29735132433783107
24 0.26486756621689156
25 0.2613693153423288
26 0.23638180909545228
27 0.19540229885057472
28 0.18990504747626186
29 0.17541229385307347
30 0.17491254372813594
31 0.1549225387306347
32 0.13943028485757122
33 0.11694152923538231
34 0.1184407796101949
35 0.11144427786106946
36 0.11644177911044477
37 0.09845077461269365
38 0.111944027986007
39 0.08995502248875563
40 0.0814592703648176
41 0.07646176911544228
42 0.09145427286356822
43 0.0704647676161919
44 0.07096451774112944
45 0.059470264867566215
46 0.06646676661669165
47 0.05347326336831584
48 0.05847076461769116
49 0.047476261869065464
50 0.051974012993503245
51 0.06746626686656672
52 0.062468765617191405
53 0.04697651174412794
54 0.04997501249375312
55 0.04147926036981509
56 0.04047976011994003
57 0.04397801099450275
58 0.041979010494752625
59 0.03398300849575212
60 0.027486256871564217
61 0.03298350824587706
62 0.03698150924537731
63 0.02848575712143928
64 0.02498750624687656
65 0.030484757621189407
66 0.025487256371814093
67 0.01999000499750125
68 0.026986506746626688
69 0.02448775612193903
70 0.033483258370814596
71 0.0239880059970015
72 0.025987006496751622
73 0.02448775612193903
74 0.01999000499750125
75 0.017491254372813594
76 0.022488755622188907
77 0.019490254872563718
78 0.02348825587206397
79 0.017991004497751123
80 0.019490254872563718
81 0.017491254372813594
82 0.014992503748125937
83 0.01899050474762619
84 0.013493253373313344
85 0.02148925537231384
86 0.01649175412293853
87 0.017491254372813594
88 0.02348825587206397
89 0.010494752623688156
90 0.012993503248375811
91 0.009995002498750625
92 0.013493253373313344
93 0.01249375312343828
94 0.013993003498250875
95 0.009495252373813094
96 0.015492253873063468
97 0.011494252873563218
98 0.01199400299850075
99 0.009495252373813094
100 0.013493253373313344
101 0.010494752623688156
102 0.010994502748625687
103 0.008995502248875561
104 0.0069965017491254375
105 0.014492753623188406
106 0.009495252373813094
107 0.009495252373813094
108 0.011494252873563218
109 0.006496751624187906
110 0.011494252873563218
111 0.0079960019990005
112 0.009495252373813094
113 0.0079960019990005
114 0.010494752623688156
115 0.0069965017491254375
116 0.0069965017491254375
117 0.0069965017491254375
118 0.004997501249375313
119 0.005497251374312844
120 0.009495252373813094
121 0.0074962518740629685
122 0.0079960019990005
123 0.005497251374312844
124 0.008995502248875561
125 0.0034982508745627187
126 0.004997501249375313
127 0.005997001499250375
128 0.00399800099950025
129 0.005497251374312844
130 0.005497251374312844
131 0.004497751124437781
132 0.0029985007496251873
133 0.0074962518740629685
134 0.0069965017491254375
135 0.0024987506246876563
136 0.005997001499250375
137 0.0024987506246876563
138 0.00399800099950025
139 0.005497251374312844
140 0.00399800099950025
141 0.005997001499250375
142 0.004997501249375313
143 0.00399800099950025
144 0.0014992503748125937
145 0.0034982508745627187
146 0.0034982508745627187
147 0.005997001499250375
148 0.00399800099950025
149 0.00399800099950025
150 0.0029985007496251873
151 0.005497251374312844
152 0.004497751124437781
153 0.0024987506246876563
154 0.0024987506246876563
155 0.0029985007496251873
156 0.005997001499250375
157 0.0024987506246876563
158 0.004497751124437781
159 0.001999000499750125
160 0.0009995002498750624
161 0.0034982508745627187
162 0.0034982508745627187
163 0.0024987506246876563
164 0.00399800099950025
165 0.0029985007496251873
166 0.0009995002498750624
167 0.001999000499750125
168 0.0029985007496251873
169 0.004497751124437781
170 0.0034982508745627187
171 0.0034982508745627187
172 0.004497751124437781
173 0.0014992503748125937
174 0.0004997501249375312
175 0.001999000499750125
176 0.001999000499750125
177 0.0029985007496251873
178 0.0014992503748125937
179 0.0014992503748125937
180 0.001999000499750125
181 0.0029985007496251873
182 0.0024987506246876563
183 0.00399800099950025
184 0.0034982508745627187
185 0.0014992503748125937
186 0.001999000499750125
187 0.0009995002498750624
188 0.001999000499750125
189 0.0009995002498750624
190 0.0009995002498750624
191 0.001999000499750125
192 0.0034982508745627187
193 0.0004997501249375312
194 0.0024987506246876563
195 0.001999000499750125
196 0.001999000499750125
197 0.001999000499750125
198 0.001999000499750125
199 0.0014992503748125937
200 0.0024987506246876563
201 0.0009995002498750624
202 0.0009995002498750624
203 0.001999000499750125
204 0.001999000499750125
205 0.001999000499750125
206 0.001999000499750125
207 0.0009995002498750624
208 0.001999000499750125
209 0.0024987506246876563
210 0.0029985007496251873
211 0.0004997501249375312
213 0.0009995002498750624
214 0.0004997501249375312
215 0.0014992503748125937
216 0.0014992503748125937
217 0.0004997501249375312
219 0.0014992503748125937
220 0.0009995002498750624
221 0.0004997501249375312
222 0.0009995002498750624
223 0.0009995002498750624
225 0.0009995002498750624
226 0.0009995002498750624
227 0.0009995002498750624
228 0.0009995002498750624
229 0.0009995002498750624
230 0.0009995002498750624
231 0.0004997501249375312
232 0.0009995002498750624
234 0.0009995002498750624
235 0.0024987506246876563
236 0.0009995002498750624
237 0.0004997501249375312
238 0.0024987506246876563
239 0.001999000499750125
240 0.0004997501249375312
241 0.0029985007496251873
242 0.0024987506246876563
243 0.0029985007496251873
244 0.0014992503748125937
245 0.0004997501249375312
247 0.0009995002498750624
248 0.0024987506246876563
249 0.0014992503748125937
250 0.0009995002498750624
251 0.0004997501249375312
254 0.0004997501249375312
255 0.0014992503748125937
256 0.0009995002498750624
257 0.0009995002498750624
258 0.0004997501249375312
259 0.0009995002498750624
264 0.0009995002498750624
265 0.0014992503748125937
266 0.0004997501249375312
267 0.0009995002498750624
269 0.0004997501249375312
270 0.0004997501249375312
271 0.0009995002498750624
272 0.0004997501249375312
276 0.0004997501249375312
278 0.0004997501249375312
279 0.0004997501249375312
280 0.0009995002498750624
282 0.0004997501249375312
285 0.0004997501249375312
291 0.0009995002498750624
292 0.0009995002498750624
293 0.0004997501249375312
295 0.0004997501249375312
296 0.0009995002498750624
299 0.0009995002498750624
306 0.0004997501249375312
308 0.0004997501249375312
310 0.0009995002498750624
314 0.0004997501249375312
319 0.0004997501249375312
320 0.0004997501249375312
326 0.0004997501249375312
327 0.0004997501249375312
328 0.0009995002498750624
340 0.0004997501249375312
342 0.0004997501249375312
361 0.0004997501249375312
367 0.0004997501249375312
376 0.0004997501249375312
411 0.0004997501249375312
421 0.0004997501249375312
448 0.0004997501249375312
