0.000000000000000000e+00 2.624637361107852129e+01 7.615779790000000276e+02 7.897035690000000159e+02
6.000000000000000125e-03 2.596649031107852323e+01 7.613431699999999864e+02 7.891802259999999478e+02
1.200000000000000025e-02 2.513720721107852185e+01 7.606469260000000077e+02 7.876289259999999786e+02
1.799999999999999864e-02 2.378863791107852421e+01 7.595127529999999751e+02 7.851037029999999959e+02
2.400000000000000050e-02 2.196858971107852199e+01 7.579776940000000423e+02 7.816900399999999536e+02
2.999999999999999889e-02 1.973957411107852167e+01 7.560899190000000090e+02 7.774994520000000193e+02
3.599999999999999728e-02 1.717511311107852379e+01 7.539057820000000447e+02 7.726628580000000284e+02
4.200000000000000261e-02 1.435572181107852074e+01 7.514867160000000013e+02 7.673234509999999773e+02
4.800000000000000100e-02 1.136493961107852080e+01 7.488962709999999561e+02 7.616297499999999445e+02
5.399999999999999939e-02 8.285725331078520384e+00 7.461975559999999632e+02 7.557294279999999844e+02
5.999999999999999778e-02 5.197434691078521851e+00 7.434512399999999843e+02 7.497642630000000281e+02
6.600000000000000311e-02 2.173501981078522327e+00 7.407141619999999875e+02 7.438664059999999836e+02
7.199999999999999456e-02 -7.201579949214780285e-01 7.380385069999999814e+02 7.381559210000000348e+02
7.799999999999999989e-02 -3.426089168921477857e+00 7.354714249999999538e+02 7.327394279999999753e+02
8.400000000000000522e-02 -5.895692768921477978e+00 7.330549469999999701e+02 7.277095789999999624e+02
8.999999999999999667e-02 -8.089230888921479234e+00 7.308260320000000547e+02 7.231450579999999491e+02
9.600000000000000200e-02 -9.893070018921479303e+00 7.288782189999999446e+02 7.192562789999999495e+02
1.079999999999999988e-01 -1.265501578892147805e+01 7.256296370000000024e+02 7.129872759999999516e+02
1.199999999999999956e-01 -1.402147578892147806e+01 7.235060379999999896e+02 7.092717669999999544e+02
1.320000000000000062e-01 -1.401794798892147931e+01 7.225639089999999669e+02 7.081491369999999961e+02
1.439999999999999891e-01 -1.277817618892147955e+01 7.227593440000000555e+02 7.094465040000000045e+02
1.559999999999999998e-01 -1.053291258892147830e+01 7.239514880000000403e+02 7.127939689999999473e+02
1.680000000000000104e-01 -7.589997318921477998e+00 7.259210259999999835e+02 7.176640039999999772e+02
1.799999999999999933e-01 -4.302811088921477456e+00 7.284016500000000178e+02 7.234353370000000041e+02
1.920000000000000040e-01 -1.111786108921477778e+00 7.311128439999999955e+02 7.293945479999999861e+02
2.159999999999999976e-01 4.109838461078521910e+00 7.362018829999999525e+02 7.399101899999999432e+02
2.399999999999999911e-01 6.714753581078522160e+00 7.399577639999999974e+02 7.465779989999999771e+02
2.640000000000000124e-01 6.754265941078521962e+00 7.419120940000000246e+02 7.488977280000000292e+02
2.879999999999999782e-01 5.241239881078522345e+00 7.422501399999999876e+02 7.479846589999999651e+02
3.119999999999999996e-01 3.290424881078521935e+00 7.414417150000000447e+02 7.453764800000000150e+02
3.360000000000000209e-01 1.608584521078522123e+00 7.399842830000000049e+02 7.422730030000000170e+02
3.599999999999999867e-01 4.430026160785220379e-01 7.382933309999999665e+02 7.393547340000000077e+02
3.840000000000000080e-01 -1.700425509214779363e-01 7.367456140000000460e+02 7.370438010000000304e+02
4.319999999999999951e-01 -8.200646189214779724e-01 7.345056230000000141e+02 7.337814740000000029e+02
4.799999999999999822e-01 -1.072146828921477946e+00 7.338793620000000146e+02 7.326076279999999770e+02
5.280000000000000249e-01 -8.440929089214779246e-01 7.345321340000000419e+02 7.334339929999999868e+02
5.759999999999999565e-01 9.184747877852204867e-02 7.358684309999999869e+02 7.358773519999999735e+02
6.239999999999999991e-01 1.038775691078522190e+00 7.371627089999999498e+02 7.383507819999999811e+02
6.720000000000000417e-01 1.117960281078522078e+00 7.374794859999999517e+02 7.388614099999999780e+02
7.199999999999999734e-01 2.658458410785220494e-01 7.365534010000000080e+02 7.370339310000000523e+02
7.680000000000000160e-01 -1.907129879214779500e-01 7.357281080000000202e+02 7.356337099999999509e+02
8.639999999999999902e-01 1.571326610785220568e-01 7.358003700000000435e+02 7.359687119999999823e+02
9.599999999999999645e-01 8.929440047852205131e-02 7.360320359999999482e+02 7.362091400000000476e+02
1.056000000000000050e+00 6.144792787852205312e-02 7.359186310000000049e+02 7.360669319999999516e+02
1.151999999999999913e+00 1.725592400785220526e-01 7.359472190000000182e+02 7.361977719999999863e+02
1.247999999999999998e+00 3.643122627852204976e-02 7.358320710000000417e+02 7.359543350000000146e+02
1.344000000000000083e+00 8.703164797852205870e-02 7.358949280000000499e+02 7.360587020000000393e+02
1.439999999999999947e+00 4.799944977852205197e-02 7.358237470000000258e+02 7.359426429999999755e+02
1.536000000000000032e+00 6.821064367852204546e-02 7.358449450000000525e+02 7.359882750000000442e+02
1.727999999999999980e+00 6.125817487852205229e-02 7.358186419999999544e+02 7.359519440000000259e+02
1.919999999999999929e+00 6.135060767852205249e-02 7.358150020000000495e+02 7.359422439999999597e+02
2.112000000000000099e+00 6.302148127852205683e-02 7.357979010000000244e+02 7.359226409999999987e+02
2.303999999999999826e+00 6.756271487852205659e-02 7.357987170000000106e+02 7.359273560000000316e+02
2.495999999999999996e+00 7.095863117852205249e-02 7.357790700000000470e+02 7.358995310000000245e+02
2.688000000000000167e+00 7.844642697852205471e-02 7.357879890000000387e+02 7.359135770000000321e+02
2.879999999999999893e+00 8.404314437852204722e-02 7.357711970000000292e+02 7.359004730000000336e+02
3.072000000000000064e+00 9.183641687852205082e-02 7.357672340000000304e+02 7.358969680000000153e+02
3.455999999999999961e+00 1.036320020785220508e-01 7.357567060000000083e+02 7.358929379999999583e+02
3.839999999999999858e+00 1.098519910785220460e-01 7.357531950000000052e+02 7.358946479999999610e+02
4.224000000000000199e+00 1.139830880785220463e-01 7.357576769999999442e+02 7.359034380000000510e+02
4.607999999999999652e+00 1.101798280785220574e-01 7.357541479999999865e+02 7.358975639999999885e+02
4.991999999999999993e+00 1.083113980785220531e-01 7.357658269999999447e+02 7.359114730000000009e+02
5.376000000000000334e+00 1.058039410785220485e-01 7.357658209999999599e+02 7.359101620000000139e+02
5.759999999999999787e+00 1.017673930785220476e-01 7.357650139999999510e+02 7.359059959999999592e+02
6.144000000000000128e+00 9.813413617852205506e-02 7.357648570000000063e+02 7.359036830000000009e+02
6.911999999999999922e+00 9.424114917852205453e-02 7.357632210000000441e+02 7.358982059999999592e+02
7.679999999999999716e+00 9.350469807852204718e-02 7.357551369999999906e+02 7.358868680000000495e+02
8.448000000000000398e+00 9.480417287852205277e-02 7.357529510000000528e+02 7.358841419999999971e+02
9.215999999999999304e+00 9.177458007852205835e-02 7.357474879999999757e+02 7.358751039999999648e+02
9.983999999999999986e+00 9.092824827852205583e-02 7.357469360000000052e+02 7.358746109999999589e+02
1.075200000000000067e+01 9.066560667852205380e-02 7.357403739999999743e+02 7.358660159999999451e+02
1.151999999999999957e+01 8.800480737852205138e-02 7.357405659999999443e+02 7.358626580000000104e+02
1.228800000000000026e+01 8.590964827852205776e-02 7.357390609999999924e+02 7.358601350000000139e+02
1.382399999999999984e+01 8.546302057852205036e-02 7.357382470000000012e+02 7.358577930000000151e+02
1.535999999999999943e+01 8.405366037852204930e-02 7.357382569999999760e+02 7.358564069999999901e+02
1.689600000000000080e+01 8.021133817852205139e-02 7.357356969999999592e+02 7.358498180000000275e+02
1.843199999999999861e+01 8.079685587852204753e-02 7.357303769999999759e+02 7.358420740000000251e+02
1.996799999999999997e+01 7.967373087852205882e-02 7.357258560000000216e+02 7.358377709999999752e+02
2.150400000000000134e+01 7.753639487852205525e-02 7.357300820000000385e+02 7.358403680000000122e+02
2.303999999999999915e+01 7.741076827852205744e-02 7.357257610000000341e+02 7.358356390000000147e+02
2.457600000000000051e+01 7.656003057852205085e-02 7.357272279999999682e+02 7.358358070000000453e+02
2.764799999999999969e+01 7.487444117852205816e-02 7.357255559999999832e+02 7.358302609999999504e+02
3.071999999999999886e+01 7.364252367852204550e-02 7.357228089999999838e+02 7.358264970000000176e+02
3.379200000000000159e+01 7.214887617852205892e-02 7.357230090000000473e+02 7.358253660000000309e+02
3.686399999999999721e+01 7.060480787852205231e-02 7.357218840000000455e+02 7.358219169999999849e+02
3.993599999999999994e+01 6.929076397852204638e-02 7.357225160000000415e+02 7.358202440000000024e+02
4.300800000000000267e+01 6.909505917852205858e-02 7.357201589999999669e+02 7.358179629999999634e+02
4.607999999999999829e+01 6.886120667852205224e-02 7.357172600000000102e+02 7.358152959999999894e+02
4.915200000000000102e+01 6.817511127852204922e-02 7.357196149999999761e+02 7.358163050000000567e+02
5.529599999999999937e+01 6.673614527852204936e-02 7.357176650000000109e+02 7.358125710000000481e+02
6.143999999999999773e+01 6.609985867852205543e-02 7.357168520000000171e+02 7.358112220000000434e+02
6.758400000000000318e+01 6.471436347852205229e-02 7.357154560000000174e+02 7.358077779999999848e+02
7.372799999999999443e+01 6.359699657852205257e-02 7.357176249999999982e+02 7.358077349999999797e+02
7.987199999999999989e+01 6.278514037852205021e-02 7.357158560000000307e+02 7.358066179999999576e+02
8.601600000000000534e+01 6.284821217852205877e-02 7.357157610000000432e+02 7.358056769999999460e+02
9.215999999999999659e+01 6.263483857852204795e-02 7.357131359999999631e+02 7.358026280000000270e+02
9.830400000000000205e+01 6.144997277852205092e-02 7.357124780000000328e+02 7.358007760000000417e+02
1.105919999999999987e+02 6.025037187852205073e-02 7.357119619999999713e+02 7.357975300000000516e+02
1.228799999999999955e+02 5.924359557852205277e-02 7.357129800000000159e+02 7.357974040000000286e+02
1.351680000000000064e+02 5.834697647852205016e-02 7.357098459999999704e+02 7.357927899999999681e+02
1.474559999999999889e+02 5.740969277852205066e-02 7.357098999999999478e+02 7.357910560000000260e+02
1.597439999999999998e+02 5.625566277852205033e-02 7.357071260000000166e+02 7.357865659999999934e+02
1.720320000000000107e+02 5.611280747852204903e-02 7.357087289999999484e+02 7.357882220000000189e+02
1.843199999999999932e+02 5.547029687852204904e-02 7.357076530000000503e+02 7.357856010000000424e+02
1.966080000000000041e+02 5.505931847852205130e-02 7.357084409999999934e+02 7.357868529999999510e+02
2.211839999999999975e+02 5.424315577852205361e-02 7.357098270000000184e+02 7.357874649999999974e+02
2.457599999999999909e+02 5.374510447852205025e-02 7.357128599999999778e+02 7.357900150000000394e+02
2.703360000000000127e+02 5.282643177852205246e-02 7.357145739999999705e+02 7.357906520000000228e+02
2.949119999999999777e+02 5.186345917852205195e-02 7.357136550000000170e+02 7.357886059999999588e+02
3.194879999999999995e+02 5.112737877852205348e-02 7.357125200000000405e+02 7.357865389999999479e+02
3.440640000000000214e+02 5.047817727852205172e-02 7.357154880000000503e+02 7.357884549999999990e+02
3.686399999999999864e+02 4.992714757852205476e-02 7.357148929999999609e+02 7.357866500000000087e+02
3.932160000000000082e+02 4.913892267852205259e-02 7.357159960000000183e+02 7.357865600000000086e+02
4.423679999999999950e+02 4.788593137852205361e-02 7.357124219999999468e+02 7.357806530000000294e+02
4.915199999999999818e+02 4.708667107852205352e-02 7.357112849999999753e+02 7.357783640000000105e+02
5.406720000000000255e+02 4.569377507852204895e-02 7.357108869999999570e+02 7.357759909999999763e+02
5.898239999999999554e+02 4.525190467852205356e-02 7.357117980000000443e+02 7.357763720000000376e+02
6.389759999999999991e+02 4.463505247852204982e-02 7.357131610000000137e+02 7.357758450000000039e+02
6.881280000000000427e+02 4.330342887852205169e-02 7.357160499999999956e+02 7.357773359999999911e+02
7.372799999999999727e+02 4.262660667852205543e-02 7.357180909999999585e+02 7.357781109999999671e+02
7.864320000000000164e+02 4.187443647852204937e-02 7.357187320000000454e+02 7.357782770000000028e+02
8.847359999999999900e+02 4.040686767852205014e-02 7.357202399999999898e+02 7.357786730000000261e+02
9.830399999999999636e+02 3.951952057852205213e-02 7.357223169999999755e+02 7.357792869999999539e+02
1.081339999999999918e+03 3.808831837852204999e-02 7.357255239999999503e+02 7.357808589999999640e+02
1.179650000000000091e+03 3.690653157852204908e-02 7.357267729999999801e+02 7.357807420000000320e+02
1.277950000000000045e+03 3.591648207852204955e-02 7.357291300000000547e+02 7.357810869999999568e+02
1.376259999999999991e+03 3.509427427852205433e-02 7.357318800000000465e+02 7.357834040000000186e+02
1.474559999999999945e+03 3.378683477852205408e-02 7.357357550000000401e+02 7.357852930000000242e+02
1.572859999999999900e+03 3.304922327852205521e-02 7.357432350000000270e+02 7.357920189999999820e+02
1.769470000000000027e+03 3.183726397852205264e-02 7.357456310000000030e+02 7.357924669999999878e+02
1.966079999999999927e+03 3.030317367852205374e-02 7.357523750000000291e+02 7.357969170000000076e+02
2.162690000000000055e+03 2.899604327852205177e-02 7.357486440000000130e+02 7.357910560000000260e+02
2.359300000000000182e+03 2.748971947852205111e-02 7.357514559999999619e+02 7.357914590000000317e+02
2.555900000000000091e+03 2.547302947852205304e-02 7.357598619999999983e+02 7.357970400000000382e+02
2.752510000000000218e+03 2.430376527852205065e-02 7.357655799999999999e+02 7.358002289999999448e+02
2.949119999999999891e+03 2.375793357852205162e-02 7.357742580000000316e+02 7.358088679999999613e+02
3.145730000000000018e+03 2.320157547852205043e-02 7.357799049999999852e+02 7.358137890000000425e+02
3.538940000000000055e+03 2.127181707852205186e-02 7.357914789999999812e+02 7.358233709999999519e+02
3.932159999999999854e+03 1.925336497852205356e-02 7.357882439999999633e+02 7.358169649999999820e+02
4.325380000000000109e+03 1.790831687852205076e-02 7.357811380000000554e+02 7.358076069999999618e+02
4.718590000000000146e+03 1.691062907852205338e-02 7.357750720000000229e+02 7.358000439999999571e+02
5.111810000000000400e+03 1.523899547852205182e-02 7.357786300000000210e+02 7.358009789999999839e+02
5.505020000000000437e+03 1.434930187852205205e-02 7.357804449999999861e+02 7.358026290000000245e+02
5.898239999999999782e+03 1.290725417852205126e-02 7.357878349999999728e+02 7.358076929999999720e+02
6.291460000000000036e+03 1.202040137852205225e-02 7.357960279999999784e+02 7.358138559999999870e+02
7.077890000000000327e+03 1.057429627852205130e-02 7.357689769999999498e+02 7.357847500000000309e+02
7.864319999999999709e+03 8.651503248522051520e-03 7.357555949999999712e+02 7.357685209999999643e+02
8.650750000000000000e+03 7.167622418522051446e-03 7.357206119999999601e+02 7.357313530000000128e+02
9.437180000000000291e+03 6.369531078522051165e-03 7.357130039999999553e+02 7.357232490000000098e+02
1.022360000000000036e+04 5.416309888522051301e-03 7.357092810000000327e+02 7.357182790000000523e+02
1.101000000000000000e+04 4.887410938522050892e-03 7.356945409999999583e+02 7.357029149999999618e+02
1.179650000000000000e+04 4.290551068522050968e-03 7.356636270000000195e+02 7.356688299999999572e+02
1.258289999999999964e+04 4.131394018522051119e-03 7.356271229999999832e+02 7.356307580000000144e+02
1.415579999999999927e+04 2.652352168522051530e-03 7.355106459999999515e+02 7.355106869999999617e+02
1.572860000000000036e+04 1.663201208522051408e-03 7.353950139999999465e+02 7.353923300000000154e+02
1.730150000000000000e+04 9.985053335220513485e-04 7.353330660000000307e+02 7.353282520000000204e+02
1.887440000000000146e+04 1.394437038522051324e-03 7.353386480000000347e+02 7.353352700000000368e+02
2.044720000000000073e+04 1.181461196522051423e-03 7.353962050000000090e+02 7.353930589999999938e+02
2.202009999999999854e+04 1.726973938522051444e-03 7.354290620000000445e+02 7.354258899999999812e+02
2.359300000000000000e+04 2.681730628522051470e-03 7.354703240000000051e+02 7.354670559999999568e+02
2.516579999999999927e+04 2.586804588522051678e-03 7.355023330000000215e+02 7.355006019999999580e+02
2.831159999999999854e+04 7.984414245220514041e-04 7.355447850000000471e+02 7.355402759999999489e+02
3.145729999999999927e+04 -1.361265014779485807e-04 7.353476160000000164e+02 7.353472070000000258e+02
3.460300000000000000e+04 -1.460424331477948702e-03 7.352592869999999721e+02 7.352602550000000292e+02
3.774869999999999709e+04 -2.803154561477948312e-03 7.352166049999999586e+02 7.352149859999999535e+02
4.089450000000000000e+04 -1.977187401477948584e-03 7.351916979999999739e+02 7.351878269999999702e+02
4.404019999999999709e+04 -3.684196024779486447e-04 7.352823290000000043e+02 7.352793249999999716e+02
4.718590000000000146e+04 -2.333976784779485893e-04 7.353295789999999670e+02 7.353305199999999786e+02
5.033159999999999854e+04 9.693780875220513616e-04 7.354319610000000011e+02 7.354341540000000350e+02
5.662309999999999854e+04 2.627407552205140778e-05 7.353071230000000469e+02 7.353087269999999762e+02
6.291459999999999854e+04 9.755504252205140147e-05 7.350636040000000548e+02 7.350679900000000089e+02
6.920600000000000000e+04 2.508363768522051552e-03 7.349543190000000550e+02 7.349600450000000365e+02
7.549750000000000000e+04 1.037023828522051511e-03 7.349950539999999819e+02 7.349953199999999924e+02
8.178889999999999418e+04 3.660243975220514134e-04 7.348739140000000134e+02 7.348720140000000356e+02
8.808039999999999418e+04 -2.657722694779485846e-04 7.349199290000000246e+02 7.349185989999999720e+02
9.437180000000000291e+04 1.633034128522051296e-03 7.352024400000000242e+02 7.352066069999999627e+02
1.006630000000000000e+05 -1.845916234779486126e-04 7.355665320000000520e+02 7.355688430000000153e+02
1.132460000000000000e+05 1.190652138522051411e-03 7.358512859999999591e+02 7.358576130000000148e+02
1.258290000000000000e+05 1.632699288522051345e-03 7.355720410000000129e+02 7.355747229999999490e+02
1.384120000000000000e+05 -4.956674354779486060e-04 7.356417109999999866e+02 7.356397590000000264e+02
1.509950000000000000e+05 1.416006538522051423e-03 7.356104410000000371e+02 7.356093640000000278e+02
1.635780000000000000e+05 3.788049338522051467e-03 7.360554869999999710e+02 7.360637679999999818e+02
1.761610000000000000e+05 1.771372735220514251e-04 7.356524699999999939e+02 7.356539500000000089e+02
1.887440000000000000e+05 -8.314650514779486218e-04 7.358312829999999849e+02 7.358307600000000548e+02
2.013270000000000000e+05 -1.857183361477948583e-03 7.365111789999999701e+02 7.365120449999999437e+02
2.264920000000000000e+05 -1.072455731477948678e-03 7.367284419999999727e+02 7.367271120000000337e+02
2.516580000000000000e+05 1.908146268522051487e-03 7.369736599999999953e+02 7.369742949999999837e+02
2.768240000000000000e+05 -9.719105914779485253e-04 7.369819250000000466e+02 7.369800709999999526e+02
3.019900000000000000e+05 2.400401925220514005e-04 7.395707869999999957e+02 7.395689549999999599e+02
3.271560000000000000e+05 -6.379881061477949040e-03 7.417730040000000145e+02 7.417658320000000458e+02
3.523220000000000000e+05 -4.931457241477948950e-03 7.407415340000000015e+02 7.407347630000000436e+02
