0.000000000000000000e+00 1.568706609052062362e+01 4.544920540000000074e+03 4.562683600000000297e+03
6.000000000000000125e-03 1.546319559052062509e+01 4.544719390000000203e+03 4.562245350000000144e+03
1.200000000000000025e-02 1.481073889052062498e+01 4.544132609999999659e+03 4.560966959999999744e+03
1.799999999999999864e-02 1.378312719052062363e+01 4.543206390000000283e+03 4.558949450000000070e+03
2.400000000000000050e-02 1.245885879052062428e+01 4.542008619999999610e+03 4.556341389999999592e+03
2.999999999999999889e-02 1.092992429052062420e+01 4.540619139999999788e+03 4.553317610000000059e+03
3.599999999999999728e-02 9.290539390520624607e+00 4.539120090000000346e+03 4.550058090000000448e+03
4.200000000000000261e-02 7.628037540520624660e+00 4.537587900000000445e+03 4.546730700000000070e+03
4.800000000000000100e-02 6.016668640520624223e+00 4.536087749999999687e+03 4.543479169999999613e+03
5.399999999999999939e-02 4.514235420520624764e+00 4.534670509999999922e+03 4.540416430000000219e+03
5.999999999999999778e-02 3.161080280520624619e+00 4.533371830000000045e+03 4.537622440000000097e+03
6.600000000000000311e-02 1.980840000520624367e+00 4.532212950000000092e+03 4.535145540000000437e+03
7.199999999999999456e-02 9.824699905206243367e-01 4.531202589999999873e+03 4.533006279999999606e+03
7.799999999999999989e-02 1.631208035206243578e-01 4.530339659999999640e+03 4.531202900000000227e+03
8.400000000000000522e-02 -4.885590674793756638e-01 4.529616240000000289e+03 4.529717620000000352e+03
8.999999999999999667e-02 -9.891319594793757108e-01 4.529020459999999730e+03 4.528522890000000189e+03
9.600000000000000200e-02 -1.329135729479375527e+00 4.528564389999999548e+03 4.527643549999999777e+03
1.079999999999999988e-01 -1.751343209479375496e+00 4.527889500000000226e+03 4.526409109999999600e+03
1.199999999999999956e-01 -1.844970229479375501e+00 4.527542190000000119e+03 4.525873789999999644e+03
1.320000000000000062e-01 -1.700812359479375591e+00 4.527469430000000102e+03 4.525886859999999615e+03
1.439999999999999891e-01 -1.378782289479375534e+00 4.527634850000000370e+03 4.526344390000000203e+03
1.559999999999999998e-01 -9.239326674793757466e-01 4.528001889999999548e+03 4.527157379999999648e+03
1.680000000000000104e-01 -3.808128554793756559e-01 4.528522839999999633e+03 4.528226999999999862e+03
1.799999999999999933e-01 1.993391285206243535e-01 4.529136919999999918e+03 4.529435699999999997e+03
1.920000000000000040e-01 7.400560725206243307e-01 4.529765449999999873e+03 4.530624099999999999e+03
2.159999999999999976e-01 1.562604200520624431e+00 4.530839289999999892e+03 4.532557179999999789e+03
2.399999999999999911e-01 1.811541050520624418e+00 4.531411549999999806e+03 4.533400179999999636e+03
2.640000000000000124e-01 1.500604790520624343e+00 4.531410579999999754e+03 4.533084520000000339e+03
2.879999999999999782e-01 8.862166815206242720e-01 4.531000610000000052e+03 4.532030569999999898e+03
3.119999999999999996e-01 2.719459205206243291e-01 4.530436440000000403e+03 4.530806880000000092e+03
3.360000000000000209e-01 -1.458799634793756517e-01 4.529938760000000002e+03 4.529846770000000106e+03
3.599999999999999867e-01 -3.125702604793756390e-01 4.529634610000000066e+03 4.529346019999999953e+03
3.840000000000000080e-01 -2.443756594793756454e-01 4.529591779999999744e+03 4.529365639999999985e+03
4.319999999999999951e-01 4.416426772062434503e-02 4.529791729999999916e+03 4.529874020000000201e+03
4.799999999999999822e-01 2.010721725206243427e-01 4.530010479999999916e+03 4.530279300000000148e+03
5.280000000000000249e-01 1.117763975206243487e-01 4.529962789999999586e+03 4.530144280000000435e+03
5.759999999999999565e-01 1.911576900624348437e-03 4.529797999999999774e+03 4.529854140000000370e+03
6.239999999999999991e-01 -3.337094189375651530e-03 4.529724009999999907e+03 4.529766270000000077e+03
6.720000000000000417e-01 3.445952862062434674e-02 4.529750020000000404e+03 4.529834810000000289e+03
7.199999999999999734e-01 3.488812622062434365e-02 4.529764449999999670e+03 4.529858129999999619e+03
7.680000000000000160e-01 7.369985050624348367e-03 4.529717690000000403e+03 4.529779080000000249e+03
8.639999999999999902e-01 -9.039459209375651921e-03 4.529642170000000078e+03 4.529674570000000131e+03
9.599999999999999645e-01 -3.511688359375651422e-03 4.529636190000000170e+03 4.529670149999999921e+03
1.056000000000000050e+00 -1.265141797937565336e-02 4.529597700000000259e+03 4.529617669999999634e+03
1.151999999999999913e+00 -9.571140979375652308e-03 4.529569760000000315e+03 4.529588609999999790e+03
1.247999999999999998e+00 -5.827841929375651361e-03 4.529552399999999579e+03 4.529570380000000114e+03
1.344000000000000083e+00 -5.358130099375651816e-03 4.529535780000000159e+03 4.529550890000000436e+03
1.439999999999999947e+00 -3.331597763756516200e-04 4.529508789999999863e+03 4.529528699999999844e+03
1.536000000000000032e+00 4.205914726243483478e-04 4.529500439999999799e+03 4.529516770000000179e+03
1.727999999999999980e+00 7.198396490624348575e-03 4.529480800000000272e+03 4.529495399999999790e+03
1.919999999999999929e+00 4.971785930624348683e-03 4.529465229999999792e+03 4.529473420000000260e+03
2.112000000000000099e+00 7.363770390624348357e-03 4.529459109999999782e+03 4.529471359999999549e+03
2.303999999999999826e+00 5.388576080624348300e-03 4.529453669999999875e+03 4.529464609999999993e+03
2.495999999999999996e+00 5.407081680624348761e-03 4.529445109999999659e+03 4.529453279999999722e+03
2.688000000000000167e+00 6.508890940624348191e-03 4.529433100000000195e+03 4.529443739999999707e+03
2.879999999999999893e+00 5.801104210624348327e-03 4.529429549999999836e+03 4.529435770000000048e+03
3.072000000000000064e+00 3.430037460624348489e-03 4.529431260000000293e+03 4.529434229999999843e+03
3.455999999999999961e+00 1.951601130624348434e-03 4.529429189999999835e+03 4.529433740000000398e+03
3.839999999999999858e+00 2.117427330624348496e-03 4.529430080000000089e+03 4.529433970000000045e+03
4.224000000000000199e+00 -1.736329209375651579e-03 4.529423480000000382e+03 4.529421019999999771e+03
4.607999999999999652e+00 -1.321684093756516493e-04 4.529427020000000084e+03 4.529423350000000028e+03
4.991999999999999993e+00 3.501596376243483466e-04 4.529424659999999676e+03 4.529428969999999936e+03
5.376000000000000334e+00 2.599115770624348554e-03 4.529423020000000179e+03 4.529428289999999834e+03
5.759999999999999787e+00 -9.880805307565165493e-05 4.529421970000000329e+03 4.529419850000000224e+03
6.144000000000000128e+00 4.632996886243483776e-04 4.529415949999999611e+03 4.529417510000000220e+03
6.911999999999999922e+00 1.616703436243483382e-04 4.529418359999999666e+03 4.529422660000000178e+03
7.679999999999999716e+00 1.056450516243483465e-04 4.529414509999999609e+03 4.529413870000000315e+03
8.448000000000000398e+00 -1.211168093756516618e-04 4.529414490000000114e+03 4.529416430000000219e+03
9.215999999999999304e+00 1.371725330624348283e-03 4.529413679999999658e+03 4.529411149999999907e+03
9.983999999999999986e+00 -1.350450719375651714e-03 4.529414289999999710e+03 4.529411839999999756e+03
1.075200000000000067e+01 2.015001696243483320e-04 4.529418529999999919e+03 4.529418260000000373e+03
1.151999999999999957e+01 -1.254976679375651534e-03 4.529415970000000016e+03 4.529414910000000418e+03
1.228800000000000026e+01 3.283217476243483510e-04 4.529415339999999560e+03 4.529416489999999612e+03
1.382399999999999984e+01 5.269510756243483670e-04 4.529419920000000275e+03 4.529420159999999669e+03
1.535999999999999943e+01 3.173745576243483762e-04 4.529419399999999769e+03 4.529420019999999568e+03
1.689600000000000080e+01 6.641565106243484161e-04 4.529416110000000117e+03 4.529415759999999864e+03
1.843199999999999861e+01 9.740671096243483460e-04 4.529416900000000169e+03 4.529419380000000274e+03
1.996799999999999997e+01 8.411184446243483723e-04 4.529416559999999663e+03 4.529416640000000370e+03
2.150400000000000134e+01 9.477685086243483508e-04 4.529419329999999718e+03 4.529420159999999669e+03
2.303999999999999915e+01 -5.285251933756516043e-04 4.529416369999999915e+03 4.529416430000000219e+03
2.457600000000000051e+01 2.886698086243483859e-04 4.529415560000000369e+03 4.529415899999999965e+03
2.764799999999999969e+01 -6.321873073756516075e-04 4.529418130000000019e+03 4.529417050000000017e+03
3.071999999999999886e+01 9.829764406243484114e-04 4.529417849999999817e+03 4.529419119999999566e+03
3.379200000000000159e+01 -9.222414865651658048e-06 4.529416059999999561e+03 4.529415339999999560e+03
3.686399999999999721e+01 -6.914862323756516523e-04 4.529417089999999916e+03 4.529416610000000219e+03
3.993599999999999994e+01 -1.410127873756516690e-04 4.529415839999999662e+03 4.529415740000000369e+03
4.300800000000000267e+01 5.083400392434833561e-05 4.529418080000000373e+03 4.529419160000000375e+03
4.607999999999999829e+01 -6.892262873756516270e-04 4.529418599999999969e+03 4.529416790000000219e+03
4.915200000000000102e+01 -5.264665103756516369e-04 4.529417720000000372e+03 4.529417889999999716e+03
5.529599999999999937e+01 -3.419158737565165568e-05 4.529416549999999916e+03 4.529416589999999815e+03
6.143999999999999773e+01 -8.937723307565165567e-05 4.529419700000000375e+03 4.529419579999999769e+03
6.758400000000000318e+01 -3.671240653756516464e-04 4.529419679999999971e+03 4.529419399999999769e+03
7.372799999999999443e+01 -4.782925927565165401e-05 4.529418630000000121e+03 4.529417720000000372e+03
7.987199999999999989e+01 2.741876736243483684e-04 4.529416540000000168e+03 4.529416879999999765e+03
8.601600000000000534e+01 7.584593926243483539e-04 4.529419799999999668e+03 4.529420420000000377e+03
9.215999999999999659e+01 -1.647468983756516592e-04 4.529417129999999815e+03 4.529416280000000370e+03
9.830400000000000205e+01 -1.422965613756516741e-04 4.529418599999999969e+03 4.529418789999999717e+03
1.105919999999999987e+02 6.987653052434833576e-05 4.529418700000000172e+03 4.529419280000000072e+03
1.228799999999999955e+02 3.963659052434834488e-05 4.529418560000000070e+03 4.529418980000000374e+03
1.351680000000000064e+02 5.592831326243483982e-04 4.529416129999999612e+03 4.529416879999999765e+03
1.474559999999999889e+02 -1.343665343756516597e-04 4.529416129999999612e+03 4.529416000000000167e+03
1.597439999999999998e+02 2.729157026243483907e-04 4.529415699999999561e+03 4.529415380000000368e+03
1.720320000000000107e+02 2.267187886243483537e-04 4.529414499999999862e+03 4.529415170000000217e+03
1.843199999999999932e+02 4.696985932434833647e-05 4.529411640000000261e+03 4.529411290000000008e+03
1.966080000000000041e+02 2.331142496243483232e-04 4.529414560000000165e+03 4.529414579999999660e+03
2.211839999999999975e+02 1.165462742434834371e-05 4.529412610000000313e+03 4.529412330000000111e+03
2.457599999999999909e+02 2.321696056243483387e-04 4.529414520000000266e+03 4.529414619999999559e+03
2.703360000000000127e+02 -4.255925793756516490e-04 4.529414859999999862e+03 4.529414130000000114e+03
2.949119999999999777e+02 -3.083700597565165789e-05 4.529413150000000314e+03 4.529412779999999657e+03
3.194879999999999995e+02 2.263247906243483220e-04 4.529416779999999562e+03 4.529416879999999765e+03
3.440640000000000214e+02 2.374348156243483241e-04 4.529416119999999864e+03 4.529416360000000168e+03
3.686399999999999864e+02 -3.045958943756516164e-04 4.529418550000000323e+03 4.529418510000000424e+03
3.932160000000000082e+02 3.284502982434834184e-05 4.529419780000000173e+03 4.529419990000000325e+03
4.423679999999999950e+02 -7.663565237565165568e-05 4.529417870000000221e+03 4.529417999999999665e+03
4.915199999999999818e+02 -8.593883607565166657e-05 4.529414590000000317e+03 4.529414630000000216e+03
5.406720000000000255e+02 4.312266924348342372e-06 4.529413840000000164e+03 4.529413499999999658e+03
5.898239999999999554e+02 2.011116352434833983e-05 4.529412659999999960e+03 4.529413040000000365e+03
6.389759999999999991e+02 -1.397350863756516564e-04 4.529415750000000116e+03 4.529415519999999560e+03
6.881280000000000427e+02 -1.921836073756516582e-04 4.529413630000000012e+03 4.529413950000000114e+03
7.372799999999999727e+02 1.420771896243483434e-04 4.529411110000000008e+03 4.529411500000000160e+03
7.864320000000000164e+02 7.212576452434833415e-05 4.529413279999999759e+03 4.529413199999999961e+03
8.847359999999999900e+02 -1.614215393756516712e-04 4.529411409999999705e+03 4.529411119999999755e+03
9.830399999999999636e+02 1.296591926243483429e-04 4.529412089999999807e+03 4.529412250000000313e+03
1.081339999999999918e+03 -3.467552237565166208e-05 4.529412220000000161e+03 4.529412150000000111e+03
1.179650000000000091e+03 -1.317791303756516536e-04 4.529414429999999811e+03 4.529414109999999710e+03
1.277950000000000045e+03 -1.325828773756516628e-04 4.529410759999999755e+03 4.529410810000000311e+03
1.376259999999999991e+03 7.485636352434833535e-05 4.529407589999999800e+03 4.529407849999999598e+03
1.474559999999999945e+03 -2.756194636565165873e-05 4.529408669999999802e+03 4.529408489999999802e+03
1.572859999999999900e+03 -1.255301823756516620e-04 4.529407330000000002e+03 4.529407250000000204e+03
1.769470000000000027e+03 -5.572006017565165421e-05 4.529404599999999846e+03 4.529404580000000351e+03
1.966079999999999927e+03 6.641931132434834265e-05 4.529401170000000093e+03 4.529401230000000396e+03
2.162690000000000055e+03 -2.694332756565165544e-05 4.529399400000000242e+03 4.529399349999999686e+03
2.359300000000000182e+03 8.014887642434834333e-05 4.529400270000000091e+03 4.529400319999999738e+03
2.555900000000000091e+03 -2.276901675565165710e-05 4.529399809999999889e+03 4.529399690000000192e+03
2.752510000000000218e+03 -8.161600975651657773e-06 4.529406750000000102e+03 4.529406589999999596e+03
2.949119999999999891e+03 -1.818558075651658344e-06 4.529404480000000149e+03 4.529404520000000048e+03
3.145730000000000018e+03 -6.085535875651658255e-06 4.529405010000000402e+03 4.529404889999999796e+03
3.538940000000000055e+03 -5.483434517565166264e-05 4.529401039999999739e+03 4.529400990000000093e+03
3.932159999999999854e+03 3.270373492434833554e-05 4.529396800000000439e+03 4.529396819999999934e+03
4.325380000000000109e+03 2.522857812434834061e-05 4.529399749999999585e+03 4.529399830000000293e+03
4.718590000000000146e+03 -3.116340457565165955e-05 4.529402670000000398e+03 4.529402659999999742e+03
5.111810000000000400e+03 1.976482022434834034e-05 4.529390910000000076e+03 4.529390879999999925e+03
5.505020000000000437e+03 9.417864724348341040e-06 4.529387539999999717e+03 4.529387539999999717e+03
5.898239999999999782e+03 -5.345765457565165705e-05 4.529397920000000340e+03 4.529397960000000239e+03
6.291460000000000036e+03 -9.062292687565165668e-05 4.529401389999999992e+03 4.529401270000000295e+03
7.077890000000000327e+03 -1.084453544565165700e-05 4.529394260000000031e+03 4.529394189999999981e+03
7.864319999999999709e+03 -1.247194488565165808e-05 4.529394210000000385e+03 4.529394239999999627e+03
8.650750000000000000e+03 -1.037244878565165827e-05 4.529381190000000061e+03 4.529381229999999960e+03
9.437180000000000291e+03 5.610815752434834120e-05 4.529380760000000009e+03 4.529380780000000414e+03
1.022360000000000036e+04 -1.635145154565165881e-05 4.529383840000000419e+03 4.529383899999999812e+03
1.101000000000000000e+04 -2.172897677565165713e-05 4.529386169999999765e+03 4.529386239999999816e+03
1.179650000000000000e+04 -1.172176880565165672e-05 4.529368970000000445e+03 4.529369020000000091e+03
1.258289999999999964e+04 -1.901603475651656897e-06 4.529366879999999583e+03 4.529366939999999886e+03
1.415579999999999927e+04 -3.191149957565165971e-05 4.529365020000000186e+03 4.529364969999999630e+03
1.572860000000000036e+04 -1.637700415565165887e-05 4.529373539999999593e+03 4.529373539999999593e+03
1.730150000000000000e+04 1.208861092434834145e-05 4.529396179999999731e+03 4.529396200000000135e+03
1.887440000000000146e+04 -2.446358928565165703e-05 4.529395720000000438e+03 4.529395730000000185e+03
2.044720000000000073e+04 3.995474024348343056e-06 4.529388890000000174e+03 4.529388880000000427e+03
2.202009999999999854e+04 -4.125704857565165422e-05 4.529391090000000077e+03 4.529390989999999874e+03
2.359300000000000000e+04 5.501500424348342749e-06 4.529389949999999772e+03 4.529390080000000125e+03
2.516579999999999927e+04 1.079544602434834240e-05 4.529404859999999644e+03 4.529404910000000200e+03
2.831159999999999854e+04 1.694223952434834482e-05 4.529370829999999842e+03 4.529370899999999892e+03
3.145729999999999927e+04 2.574349852434833916e-05 4.529329590000000280e+03 4.529329600000000028e+03
3.460300000000000000e+04 -2.002067029565165711e-05 4.529304420000000391e+03 4.529304409999999734e+03
3.774869999999999709e+04 -6.260742675651657121e-06 4.529312689999999748e+03 4.529312670000000253e+03
4.089450000000000000e+04 -1.349042064565165704e-05 4.529319950000000063e+03 4.529319950000000063e+03
4.404019999999999709e+04 -2.023676444565165763e-05 4.529284599999999955e+03 4.529284579999999551e+03
4.718590000000000146e+04 2.751734042434834235e-05 4.529268210000000181e+03 4.529268259999999827e+03
5.033159999999999854e+04 -5.711829375651657635e-06 4.529158879999999954e+03 4.529158870000000206e+03
5.662309999999999854e+04 7.928739324348340527e-06 4.529109029999999620e+03 4.529109059999999772e+03
6.291459999999999854e+04 -3.009910075651657166e-06 4.529078160000000025e+03 4.529078160000000025e+03
6.920600000000000000e+04 -1.120101432565165736e-05 4.529111630000000332e+03 4.529111609999999928e+03
7.549750000000000000e+04 5.736460624348343508e-06 4.529080210000000079e+03 4.529080229999999574e+03
8.178889999999999418e+04 -1.013835198565165801e-05 4.529013219999999819e+03 4.529013259999999718e+03
8.808039999999999418e+04 2.175059362434834348e-05 4.528987019999999575e+03 4.528987039999999979e+03
9.437180000000000291e+04 6.535555824348343568e-06 4.528921629999999823e+03 4.528921639999999570e+03
1.006630000000000000e+05 3.941506724348341998e-06 4.528831869999999981e+03 4.528831900000000132e+03
1.132460000000000000e+05 -3.292426375651658532e-06 4.528874399999999696e+03 4.528874410000000353e+03
1.258290000000000000e+05 2.259267424348341565e-06 4.528835930000000189e+03 4.528835930000000189e+03
1.384120000000000000e+05 -2.358730837565165705e-05 4.528960259999999835e+03 4.528960229999999683e+03
1.509950000000000000e+05 1.325803952434834374e-05 4.529040759999999864e+03 4.529040780000000268e+03
1.635780000000000000e+05 8.222665024348340849e-06 4.529144830000000184e+03 4.529144830000000184e+03
1.761610000000000000e+05 -1.073848675651657448e-06 4.529196909999999662e+03 4.529196899999999914e+03
1.887440000000000000e+05 1.012899902434834292e-05 4.529312939999999799e+03 4.529312979999999698e+03
2.013270000000000000e+05 -9.274391756516589980e-07 4.529689080000000104e+03 4.529689110000000255e+03
2.264920000000000000e+05 -4.333437575651657514e-06 4.529978830000000016e+03 4.529978839999999764e+03
2.516580000000000000e+05 -1.640995475651659544e-06 4.530545310000000427e+03 4.530545329999999922e+03
2.768240000000000000e+05 7.113088924348341218e-06 4.531224760000000060e+03 4.531224790000000212e+03
3.019900000000000000e+05 1.084604782434834045e-05 4.531374789999999848e+03 4.531374840000000404e+03
3.271560000000000000e+05 -2.344074992565165679e-05 4.531374469999999747e+03 4.531374450000000252e+03
3.523220000000000000e+05 -9.363652525651657460e-06 4.531004259999999704e+03 4.531004310000000260e+03
