0.000000000000000000e+00 1.504029751701856910e+01 1.395002579999999944e+04 1.396857400000000052e+04
6.000000000000000125e-03 1.470740921701857040e+01 1.394970080000000053e+04 1.396787160000000040e+04
1.200000000000000025e-02 1.377397141701857031e+01 1.394878729999999996e+04 1.396589600000000064e+04
1.799999999999999864e-02 1.240441971701856971e+01 1.394744280000000072e+04 1.396298220000000038e+04
2.400000000000000050e-02 1.079953081701856910e+01 1.394586570000000029e+04 1.395954869999999937e+04
2.999999999999999889e-02 9.144377167018570063e+00 1.394424380000000019e+04 1.395599029999999948e+04
3.599999999999999728e-02 7.581185137018570330e+00 1.394272520000000077e+04 1.395261779999999999e+04
4.200000000000000261e-02 6.201242287018570387e+00 1.394140610000000015e+04 1.394963509999999951e+04
4.800000000000000100e-02 5.047550577018570017e+00 1.394033220000000074e+04 1.394714309999999932e+04
5.399999999999999939e-02 4.123902177018570647e+00 1.393950760000000082e+04 1.394515689999999995e+04
5.999999999999999778e-02 3.407742917018569795e+00 1.393890730000000076e+04 1.394363260000000082e+04
6.600000000000000311e-02 2.863387827018569975e+00 1.393849129999999968e+04 1.394249439999999959e+04
7.199999999999999456e-02 2.452445967018570094e+00 1.393821550000000025e+04 1.394165790000000015e+04
7.799999999999999989e-02 2.140214157018569985e+00 1.393803969999999936e+04 1.394104490000000078e+04
8.400000000000000522e-02 1.898529877018570122e+00 1.393793130000000019e+04 1.394059079999999994e+04
8.999999999999999667e-02 1.706257107018569918e+00 1.393786599999999999e+04 1.394024669999999969e+04
9.600000000000000200e-02 1.554637637018569940e+00 1.393783159999999953e+04 1.393999099999999999e+04
1.079999999999999988e-01 1.303823047018570103e+00 1.393779559999999947e+04 1.393959000000000015e+04
1.199999999999999956e-01 1.112821607018569914e+00 1.393779149999999936e+04 1.393931120000000010e+04
1.320000000000000062e-01 9.628430370185699916e-01 1.393780589999999938e+04 1.393911230000000069e+04
1.439999999999999891e-01 8.440582210185699763e-01 1.393783300000000054e+04 1.393897129999999925e+04
1.559999999999999998e-01 7.487686700185700595e-01 1.393786690000000090e+04 1.393887069999999949e+04
1.680000000000000104e-01 6.699811360185700115e-01 1.393790190000000075e+04 1.393879470000000038e+04
1.799999999999999933e-01 6.017752050185700696e-01 1.393793269999999939e+04 1.393873029999999926e+04
1.920000000000000040e-01 5.406585010185700479e-01 1.393795290000000023e+04 1.393866729999999916e+04
2.159999999999999976e-01 4.260323470185700123e-01 1.393796889999999985e+04 1.393853130000000056e+04
2.399999999999999911e-01 3.227747540185700315e-01 1.393795279999999912e+04 1.393838220000000001e+04
2.640000000000000124e-01 2.359665150185700500e-01 1.393792289999999957e+04 1.393824209999999948e+04
2.879999999999999782e-01 1.704995920185700398e-01 1.393789199999999983e+04 1.393812769999999909e+04
3.119999999999999996e-01 1.260262440185700439e-01 1.393786490000000049e+04 1.393804290000000037e+04
3.360000000000000209e-01 9.778554421857003909e-02 1.393784469999999965e+04 1.393798589999999967e+04
3.599999999999999867e-01 7.972421761857004241e-02 1.393783020000000033e+04 1.393794750000000022e+04
3.840000000000000080e-01 6.832095051857003942e-02 1.393781699999999910e+04 1.393791769999999997e+04
4.319999999999999951e-01 5.258627021857004147e-02 1.393778729999999996e+04 1.393786520000000019e+04
4.799999999999999822e-01 4.054435641857004335e-02 1.393774860000000081e+04 1.393780999999999949e+04
5.280000000000000249e-01 2.779945351857004282e-02 1.393770470000000023e+04 1.393774879999999939e+04
5.759999999999999565e-01 1.828595261857004356e-02 1.393765689999999995e+04 1.393768790000000081e+04
6.239999999999999991e-01 9.478603868570042654e-03 1.393761490000000049e+04 1.393763420000000042e+04
6.720000000000000417e-01 3.036135258570043551e-03 1.393757710000000043e+04 1.393759269999999924e+04
7.199999999999999734e-01 2.667140378570043505e-03 1.393754249999999956e+04 1.393755830000000060e+04
7.680000000000000160e-01 4.197664158570043637e-03 1.393750369999999930e+04 1.393752050000000054e+04
8.639999999999999902e-01 3.967165488570043724e-03 1.393744059999999990e+04 1.393745650000000023e+04
9.599999999999999645e-01 5.014921718570043187e-03 1.393737939999999981e+04 1.393739429999999993e+04
1.056000000000000050e+00 3.638444925700435044e-04 1.393731320000000051e+04 1.393732200000000012e+04
1.151999999999999913e+00 -2.737254461429956473e-03 1.393725230000000010e+04 1.393725430000000051e+04
1.247999999999999998e+00 -4.304038364299565388e-04 1.393719809999999961e+04 1.393719859999999971e+04
1.344000000000000083e+00 2.544724348570043433e-03 1.393714569999999912e+04 1.393715079999999944e+04
1.439999999999999947e+00 -1.285435041429956390e-03 1.393709720000000016e+04 1.393710009999999966e+04
1.536000000000000032e+00 -2.005691351429956300e-03 1.393704999999999927e+04 1.393705559999999969e+04
1.727999999999999980e+00 -1.546142931429956516e-03 1.393696140000000014e+04 1.393696270000000004e+04
1.919999999999999929e+00 2.452469565700434611e-04 1.393688819999999942e+04 1.393689019999999982e+04
2.112000000000000099e+00 -1.566183591429956513e-03 1.393681619999999930e+04 1.393682179999999971e+04
2.303999999999999826e+00 -2.252120391429956407e-03 1.393675180000000000e+04 1.393675250000000051e+04
2.495999999999999996e+00 -1.936412891429956313e-03 1.393669939999999951e+04 1.393669989999999962e+04
2.688000000000000167e+00 -3.840938104299564983e-04 1.393664819999999963e+04 1.393664819999999963e+04
2.879999999999999893e+00 -1.631771921429956383e-03 1.393660469999999987e+04 1.393660499999999956e+04
3.072000000000000064e+00 -3.305460251429956364e-03 1.393656550000000061e+04 1.393656329999999980e+04
3.455999999999999961e+00 -3.971389931429956249e-03 1.393649320000000080e+04 1.393649109999999928e+04
3.839999999999999858e+00 -4.116647381429956384e-03 1.393643549999999959e+04 1.393643590000000040e+04
4.224000000000000199e+00 -1.395269271429956399e-03 1.393638730000000032e+04 1.393638940000000002e+04
4.607999999999999652e+00 -1.013053211429956312e-03 1.393635430000000088e+04 1.393635740000000078e+04
4.991999999999999993e+00 -2.663869541429956557e-03 1.393632190000000082e+04 1.393632159999999931e+04
5.376000000000000334e+00 -1.828636701429956456e-03 1.393629620000000068e+04 1.393629570000000058e+04
5.759999999999999787e+00 2.142904685700435072e-04 1.393627490000000034e+04 1.393627969999999914e+04
6.144000000000000128e+00 3.495741595700434961e-04 1.393626120000000083e+04 1.393626449999999932e+04
6.911999999999999922e+00 -1.791024971429956442e-03 1.393623580000000038e+04 1.393623259999999937e+04
7.679999999999999716e+00 5.619915565700434913e-04 1.393621550000000025e+04 1.393621470000000045e+04
8.448000000000000398e+00 4.629193605700434992e-04 1.393620310000000063e+04 1.393620230000000083e+04
9.215999999999999304e+00 -1.421668741429956339e-03 1.393619369999999981e+04 1.393619490000000042e+04
9.983999999999999986e+00 -1.037087024299565032e-04 1.393619199999999910e+04 1.393619160000000011e+04
1.075200000000000067e+01 7.303238215700435035e-04 1.393619249999999920e+04 1.393619579999999951e+04
1.151999999999999957e+01 2.176692428570043639e-03 1.393618790000000081e+04 1.393619379999999910e+04
1.228800000000000026e+01 1.580473778570043496e-03 1.393618640000000050e+04 1.393619009999999980e+04
1.382399999999999984e+01 7.334475995700434885e-04 1.393618310000000019e+04 1.393618209999999999e+04
1.535999999999999943e+01 8.560315335700434446e-04 1.393617900000000009e+04 1.393618009999999958e+04
1.689600000000000080e+01 -5.716056884299564739e-04 1.393617740000000049e+04 1.393617619999999988e+04
1.843199999999999861e+01 9.336598885700434858e-04 1.393617369999999937e+04 1.393617460000000028e+04
1.996799999999999997e+01 4.586251065700434741e-04 1.393617259999999987e+04 1.393617309999999998e+04
2.150400000000000134e+01 1.646510427004349572e-05 1.393617649999999958e+04 1.393617610000000059e+04
2.303999999999999915e+01 6.045860635700434907e-04 1.393617760000000089e+04 1.393617909999999938e+04
2.457600000000000051e+01 -2.600371154299565180e-04 1.393617629999999917e+04 1.393617679999999928e+04
2.764799999999999969e+01 -4.835594674299564994e-04 1.393618169999999918e+04 1.393618089999999938e+04
3.071999999999999886e+01 -9.309949394299565526e-04 1.393617400000000089e+04 1.393617280000000028e+04
3.379200000000000159e+01 -5.753054942995650735e-05 1.393617660000000069e+04 1.393617690000000039e+04
3.686399999999999721e+01 -1.164938021429956462e-03 1.393617369999999937e+04 1.393617209999999977e+04
3.993599999999999994e+01 5.627377947004349101e-05 1.393617900000000009e+04 1.393617900000000009e+04
4.300800000000000267e+01 -1.134196054299565137e-04 1.393618000000000029e+04 1.393617989999999918e+04
4.607999999999999829e+01 2.584862447004349618e-05 1.393617890000000079e+04 1.393618089999999938e+04
4.915200000000000102e+01 -1.455386264299565063e-04 1.393617569999999978e+04 1.393617530000000079e+04
5.529599999999999937e+01 -5.268411384299565231e-04 1.393617530000000079e+04 1.393617380000000048e+04
6.143999999999999773e+01 2.029015745700434947e-04 1.393617389999999978e+04 1.393617480000000069e+04
6.758400000000000318e+01 4.389697717004349090e-05 1.393617619999999988e+04 1.393617580000000089e+04
7.372799999999999443e+01 -5.205595304299565507e-04 1.393617900000000009e+04 1.393617809999999918e+04
7.987199999999999989e+01 -1.840245334299564820e-04 1.393618690000000061e+04 1.393618660000000091e+04
8.601600000000000534e+01 -3.606052734299565270e-04 1.393618150000000060e+04 1.393618089999999938e+04
9.215999999999999659e+01 3.980964525700434711e-04 1.393618300000000090e+04 1.393618200000000070e+04
9.830400000000000205e+01 -7.633416702995650751e-05 1.393618230000000040e+04 1.393618169999999918e+04
1.105919999999999987e+02 2.841355025700434997e-04 1.393618200000000070e+04 1.393618399999999929e+04
1.228799999999999955e+02 1.836694465700434964e-04 1.393617189999999937e+04 1.393617109999999957e+04
1.351680000000000064e+02 -4.555646514299565176e-04 1.393617059999999947e+04 1.393617040000000088e+04
1.474559999999999889e+02 3.325918257004349606e-05 1.393616450000000077e+04 1.393616359999999986e+04
1.597439999999999998e+02 5.162092055700435219e-04 1.393616879999999946e+04 1.393616909999999916e+04
1.720320000000000107e+02 -3.399227722995650951e-05 1.393617250000000058e+04 1.393617280000000028e+04
1.843199999999999932e+02 9.416412637004348664e-05 1.393616339999999946e+04 1.393616320000000087e+04
1.966080000000000041e+02 -1.351236592995650430e-05 1.393617369999999937e+04 1.393617400000000089e+04
2.211839999999999975e+02 -1.899417584299564819e-04 1.393616309999999976e+04 1.393616320000000087e+04
2.457599999999999909e+02 2.865815180043495732e-06 1.393616749999999956e+04 1.393616699999999946e+04
2.703360000000000127e+02 -2.785265782995650303e-05 1.393616359999999986e+04 1.393616350000000057e+04
2.949119999999999777e+02 5.736485117004349341e-05 1.393616690000000017e+04 1.393616749999999956e+04
3.194879999999999995e+02 1.716771835700435143e-04 1.393617410000000018e+04 1.393617469999999958e+04
3.440640000000000214e+02 1.862355865700434949e-04 1.393616669999999976e+04 1.393616740000000027e+04
3.686399999999999864e+02 1.725279865700434976e-04 1.393617079999999987e+04 1.393617139999999927e+04
3.932160000000000082e+02 1.233722265700434991e-04 1.393616810000000078e+04 1.393616870000000017e+04
4.423679999999999950e+02 -9.013255962995650851e-05 1.393614569999999912e+04 1.393614550000000054e+04
4.915199999999999818e+02 1.676112585700435147e-04 1.393615209999999934e+04 1.393615240000000085e+04
5.406720000000000255e+02 -7.708262862995651191e-05 1.393615309999999954e+04 1.393615289999999914e+04
5.898239999999999554e+02 -2.024410212995650461e-05 1.393613639999999941e+04 1.393613669999999911e+04
6.389759999999999991e+02 -1.508456174299564832e-04 1.393612479999999960e+04 1.393612479999999960e+04
6.881280000000000427e+02 -1.563961452995650414e-05 1.393613030000000072e+04 1.393613030000000072e+04
7.372799999999999727e+02 -2.161874114299564920e-04 1.393612850000000071e+04 1.393612839999999960e+04
7.864320000000000164e+02 -1.421513494299564884e-04 1.393612559999999939e+04 1.393612559999999939e+04
8.847359999999999900e+02 -2.452790144299565184e-04 1.393612269999999990e+04 1.393612249999999949e+04
9.830399999999999636e+02 -1.328921204299564948e-04 1.393613669999999911e+04 1.393613600000000042e+04
1.081339999999999918e+03 -8.315957122995650572e-05 1.393610169999999925e+04 1.393610139999999956e+04
1.179650000000000091e+03 -1.843480572995650604e-05 1.393609269999999924e+04 1.393609259999999995e+04
1.277950000000000045e+03 9.282043217004349461e-05 1.393609820000000036e+04 1.393609829999999965e+04
1.376259999999999991e+03 -1.131790394299565008e-04 1.393610449999999946e+04 1.393610430000000088e+04
1.474559999999999945e+03 6.842221927004349098e-05 1.393607489999999962e+04 1.393607469999999921e+04
1.572859999999999900e+03 1.555329285700435033e-04 1.393608480000000054e+04 1.393608499999999913e+04
1.769470000000000027e+03 2.945881977004349879e-05 1.393606999999999971e+04 1.393606979999999930e+04
1.966079999999999927e+03 2.288669217004349763e-05 1.393603110000000015e+04 1.393603119999999944e+04
2.162690000000000055e+03 -2.244031192995650314e-05 1.393602139999999963e+04 1.393602139999999963e+04
2.359300000000000182e+03 1.753584357004349701e-05 1.393600749999999971e+04 1.393600749999999971e+04
2.555900000000000091e+03 5.171942377004349462e-05 1.393601950000000033e+04 1.393601950000000033e+04
2.752510000000000218e+03 2.725859287004349680e-05 1.393600159999999960e+04 1.393600150000000031e+04
2.949119999999999891e+03 1.548462355700434942e-04 1.393601920000000064e+04 1.393601939999999922e+04
3.145730000000000018e+03 -7.903534699565040848e-07 1.393601189999999951e+04 1.393601180000000022e+04
3.538940000000000055e+03 1.678532027004349693e-05 1.393597010000000046e+04 1.393597010000000046e+04
3.932159999999999854e+03 6.136895807004349209e-05 1.393597409999999945e+04 1.393597420000000056e+04
4.325380000000000109e+03 -7.246458782995650739e-05 1.393595479999999952e+04 1.393595459999999912e+04
4.718590000000000146e+03 -1.784587332995650499e-05 1.393590530000000035e+04 1.393590530000000035e+04
5.111810000000000400e+03 1.566112547004349528e-05 1.393585119999999915e+04 1.393585119999999915e+04
5.505020000000000437e+03 6.242706160043495851e-06 1.393588090000000011e+04 1.393588090000000011e+04
5.898239999999999782e+03 1.566726847004349608e-05 1.393584900000000016e+04 1.393584920000000056e+04
6.291460000000000036e+03 6.454900890043496276e-06 1.393570869999999923e+04 1.393570880000000034e+04
7.077890000000000327e+03 1.486570477004349681e-05 1.393567469999999958e+04 1.393567489999999998e+04
7.864319999999999709e+03 -5.801786772995650934e-05 1.393559310000000005e+04 1.393559300000000076e+04
8.650750000000000000e+03 1.248506330043496282e-06 1.393553620000000046e+04 1.393553620000000046e+04
9.437180000000000291e+03 -7.590706362995650481e-05 1.393546780000000035e+04 1.393546780000000035e+04
1.022360000000000036e+04 4.557589797004349364e-05 1.393545509999999922e+04 1.393545520000000033e+04
1.101000000000000000e+04 -1.936430882995650432e-05 1.393546830000000045e+04 1.393546839999999975e+04
1.179650000000000000e+04 1.348145160043495755e-06 1.393538810000000012e+04 1.393538810000000012e+04
1.258289999999999964e+04 -1.694155339956504019e-06 1.393533469999999943e+04 1.393533469999999943e+04
1.415579999999999927e+04 -4.359549582995650478e-05 1.393523229999999967e+04 1.393523229999999967e+04
1.572860000000000036e+04 4.253495260043496176e-06 1.393509879999999976e+04 1.393509870000000046e+04
1.730150000000000000e+04 2.087307887004349674e-05 1.393500840000000062e+04 1.393500840000000062e+04
1.887440000000000146e+04 -4.260849339956503775e-06 1.393489969999999994e+04 1.393489969999999994e+04
2.044720000000000073e+04 2.023536287004349730e-05 1.393479860000000008e+04 1.393479860000000008e+04
2.202009999999999854e+04 -1.232631496995650394e-05 1.393465990000000056e+04 1.393465990000000056e+04
2.359300000000000000e+04 -3.368064942995650384e-05 1.393460430000000088e+04 1.393460430000000088e+04
2.516579999999999927e+04 -6.667071909956504054e-06 1.393453130000000056e+04 1.393453130000000056e+04
2.831159999999999854e+04 -2.534337812995650271e-05 1.393439249999999993e+04 1.393439240000000063e+04
3.145729999999999927e+04 -3.828751952995650495e-05 1.393427080000000024e+04 1.393427080000000024e+04
3.460300000000000000e+04 5.929510380043495675e-06 1.393409269999999924e+04 1.393409280000000035e+04
3.774869999999999709e+04 -1.975289052995650525e-05 1.393387399999999980e+04 1.393387390000000050e+04
4.089450000000000000e+04 -3.631722892995650558e-05 1.393381090000000040e+04 1.393381079999999929e+04
4.404019999999999709e+04 8.006704570043497038e-06 1.393361659999999938e+04 1.393361659999999938e+04
4.718590000000000146e+04 -7.471006609956504189e-06 1.393352909999999974e+04 1.393352909999999974e+04
5.033159999999999854e+04 6.720625670043496648e-06 1.393281509999999980e+04 1.393281509999999980e+04
5.662309999999999854e+04 -3.747271180956504077e-06 1.393252189999999973e+04 1.393252189999999973e+04
6.291459999999999854e+04 1.381596947004349509e-05 1.393245999999999913e+04 1.393246010000000024e+04
6.920600000000000000e+04 -1.943102842995650314e-05 1.393218389999999999e+04 1.393218389999999999e+04
7.549750000000000000e+04 1.822335030043496117e-06 1.393201889999999912e+04 1.393201889999999912e+04
8.178889999999999418e+04 -1.298100190995650342e-05 1.393193339999999989e+04 1.393193339999999989e+04
8.808039999999999418e+04 -2.288892812995650455e-05 1.393197680000000037e+04 1.393197669999999925e+04
9.437180000000000291e+04 4.386353540043496488e-06 1.393192640000000029e+04 1.393192640000000029e+04
1.006630000000000000e+05 -1.133905524995650367e-05 1.393092300000000068e+04 1.393092300000000068e+04
1.132460000000000000e+05 8.261896570043495661e-06 1.393088390000000072e+04 1.393088390000000072e+04
1.258290000000000000e+05 -1.778553609956504084e-06 1.393105390000000079e+04 1.393105390000000079e+04
1.384120000000000000e+05 -1.698456382995650429e-05 1.393124190000000090e+04 1.393124179999999978e+04
1.509950000000000000e+05 -4.000677469956504317e-06 1.393110109999999986e+04 1.393110109999999986e+04
1.635780000000000000e+05 1.096076837004349639e-05 1.393190450000000055e+04 1.393190450000000055e+04
1.761610000000000000e+05 7.556002770043495823e-06 1.393287889999999970e+04 1.393287889999999970e+04
1.887440000000000000e+05 1.117831387004349673e-05 1.393379049999999916e+04 1.393379049999999916e+04
2.013270000000000000e+05 -5.604854289956503485e-06 1.393311460000000079e+04 1.393311460000000079e+04
2.264920000000000000e+05 -7.145528849956504718e-06 1.393626920000000064e+04 1.393626920000000064e+04
2.516580000000000000e+05 1.542802877004349546e-05 1.393810430000000088e+04 1.393810430000000088e+04
2.768240000000000000e+05 5.007362120043496340e-06 1.394073799999999937e+04 1.394073799999999937e+04
3.019900000000000000e+05 -2.273521192995650264e-05 1.394346470000000045e+04 1.394346470000000045e+04
3.271560000000000000e+05 7.925472300434956151e-07 1.394889120000000003e+04 1.394889120000000003e+04
3.523220000000000000e+05 4.270647147004349450e-05 1.395334339999999975e+04 1.395334350000000086e+04
