0.000000000000000000e+00 1.663633917567691256e+01 5.190824870000000374e+03 5.209679790000000139e+03
6.000000000000000125e-03 1.636989257567691425e+01 5.190587550000000192e+03 5.209160390000000007e+03
1.200000000000000025e-02 1.559726697567691289e+01 5.189898540000000139e+03 5.207652530000000297e+03
1.799999999999999864e-02 1.439215467567691320e+01 5.188820950000000266e+03 5.205294899999999870e+03
2.400000000000000050e-02 1.286035607567691308e+01 5.187445719999999710e+03 5.202287190000000010e+03
2.999999999999999889e-02 1.112204547567691293e+01 5.185876860000000306e+03 5.198857619999999770e+03
3.599999999999999728e-02 9.295747655676912302e+00 5.184217740000000049e+03 5.195232960000000276e+03
4.200000000000000261e-02 7.486520945676913286e+00 5.182560629999999946e+03 5.191615899999999783e+03
4.800000000000000100e-02 5.778848315676913039e+00 5.180980129999999917e+03 5.188170960000000377e+03
5.399999999999999939e-02 4.233606555676913352e+00 5.179530209999999897e+03 5.185018170000000282e+03
5.999999999999999778e-02 2.888120505676913030e+00 5.178244219999999586e+03 5.182232780000000275e+03
6.600000000000000311e-02 1.758398105676913126e+00 5.177136919999999918e+03 5.179849360000000161e+03
7.199999999999999456e-02 8.428693106769130639e-01 5.176207940000000235e+03 5.177868859999999586e+03
7.799999999999999989e-02 1.270331246769130784e-01 5.175446020000000317e+03 5.176267499999999927e+03
8.400000000000000522e-02 -4.116689643230869167e-01 5.174833419999999933e+03 5.175006029999999555e+03
8.999999999999999667e-02 -7.994291903230869023e-01 5.174349839999999858e+03 5.174038319999999658e+03
9.600000000000000200e-02 -1.037446384323087001e+00 5.173998400000000402e+03 5.173369249999999738e+03
1.079999999999999988e-01 -1.292006124323086924e+00 5.173504829999999856e+03 5.172492540000000190e+03
1.199999999999999956e-01 -1.285505644323087004e+00 5.173285649999999805e+03 5.172194470000000365e+03
1.320000000000000062e-01 -1.109971184323086835e+00 5.173285090000000309e+03 5.172318349999999555e+03
1.439999999999999891e-01 -8.184806223230869371e-01 5.173469119999999748e+03 5.172768600000000333e+03
1.559999999999999998e-01 -4.470004693230869020e-01 5.173804379999999583e+03 5.173468230000000403e+03
1.680000000000000104e-01 -2.993416952308692452e-02 5.174247550000000047e+03 5.174332910000000084e+03
1.799999999999999933e-01 3.936805836769130540e-01 5.174745340000000397e+03 5.175264890000000378e+03
1.920000000000000040e-01 7.631984186769130707e-01 5.175227729999999610e+03 5.176129039999999804e+03
2.159999999999999976e-01 1.276378135676913050e+00 5.176004490000000260e+03 5.177437899999999900e+03
2.399999999999999911e-01 1.351736895676913131e+00 5.176354709999999614e+03 5.177865329999999631e+03
2.640000000000000124e-01 1.053942695676913122e+00 5.176278570000000400e+03 5.177472340000000258e+03
2.879999999999999782e-01 5.924019386769130424e-01 5.175934559999999692e+03 5.176633329999999660e+03
3.119999999999999996e-01 1.743482716769130803e-01 5.175517460000000028e+03 5.175763570000000072e+03
3.360000000000000209e-01 -8.588548102308692089e-02 5.175174049999999625e+03 5.175134640000000218e+03
3.599999999999999867e-01 -1.730735863230869198e-01 5.174974849999999606e+03 5.174834950000000390e+03
3.840000000000000080e-01 -1.182512543230869184e-01 5.174948830000000271e+03 5.174862799999999879e+03
4.319999999999999951e-01 5.655101867691307571e-02 5.175063110000000052e+03 5.175164939999999660e+03
4.799999999999999822e-01 1.333881286769130758e-01 5.175168770000000222e+03 5.175364199999999983e+03
5.280000000000000249e-01 8.035148977691307370e-02 5.175124259999999595e+03 5.175267100000000028e+03
5.759999999999999565e-01 2.065052737691307552e-02 5.175017469999999776e+03 5.175091070000000400e+03
6.239999999999999991e-01 1.191746797691307751e-02 5.174950560000000223e+03 5.175007580000000416e+03
6.720000000000000417e-01 2.662260237691307582e-02 5.174936169999999947e+03 5.175008950000000368e+03
7.199999999999999734e-01 2.381075467691307415e-02 5.174927579999999580e+03 5.175001049999999850e+03
7.680000000000000160e-01 1.109010317691307666e-02 5.174895569999999680e+03 5.174950460000000021e+03
8.639999999999999902e-01 -3.467039713086924029e-03 5.174841559999999845e+03 5.174874560000000201e+03
9.599999999999999645e-01 -4.210816793086924296e-03 5.174800979999999981e+03 5.174826680000000124e+03
1.056000000000000050e+00 -7.520204893086923810e-03 5.174766740000000027e+03 5.174786830000000009e+03
1.151999999999999913e+00 -2.663414313086924241e-03 5.174737470000000030e+03 5.174755030000000261e+03
1.247999999999999998e+00 -3.588404733086923964e-03 5.174707569999999578e+03 5.174718189999999595e+03
1.344000000000000083e+00 6.721879289130759964e-04 5.174681539999999586e+03 5.174695819999999912e+03
1.439999999999999947e+00 -9.286700460869240286e-04 5.174677260000000388e+03 5.174695380000000114e+03
1.536000000000000032e+00 -1.632353783086924097e-03 5.174659260000000359e+03 5.174666970000000219e+03
1.727999999999999980e+00 -1.511594573086924055e-03 5.174627789999999550e+03 5.174632620000000315e+03
1.919999999999999929e+00 -2.896663383086924004e-03 5.174610260000000380e+03 5.174615459999999985e+03
2.112000000000000099e+00 6.480402109130759675e-04 5.174602299999999559e+03 5.174608309999999619e+03
2.303999999999999826e+00 4.199831469130759637e-04 5.174589630000000398e+03 5.174592770000000201e+03
2.495999999999999996e+00 -6.411476980869241019e-04 5.174575200000000223e+03 5.174579539999999724e+03
2.688000000000000167e+00 -1.697594495869240712e-04 5.174562680000000000e+03 5.174565840000000208e+03
2.879999999999999893e+00 -3.710798620869240529e-04 5.174557300000000396e+03 5.174562139999999999e+03
3.072000000000000064e+00 -2.589302683086924187e-03 5.174555279999999584e+03 5.174555709999999635e+03
3.455999999999999961e+00 -4.916995580869240687e-04 5.174553240000000187e+03 5.174553700000000390e+03
3.839999999999999858e+00 -1.900175253086924072e-03 5.174543109999999615e+03 5.174542309999999816e+03
4.224000000000000199e+00 -3.741875853086923994e-03 5.174536600000000362e+03 5.174535109999999804e+03
4.607999999999999652e+00 -1.937201383086924102e-03 5.174537019999999757e+03 5.174538739999999962e+03
4.991999999999999993e+00 -1.419848993086924140e-03 5.174531810000000405e+03 5.174532009999999900e+03
5.376000000000000334e+00 1.198343596913075760e-03 5.174534840000000258e+03 5.174534080000000358e+03
5.759999999999999787e+00 1.235936476913075850e-03 5.174534889999999905e+03 5.174537489999999707e+03
6.144000000000000128e+00 -1.275317283086924115e-03 5.174534029999999802e+03 5.174535729999999603e+03
6.911999999999999922e+00 -6.493961030869240892e-04 5.174527420000000347e+03 5.174526200000000244e+03
7.679999999999999716e+00 -7.974478408692407838e-05 5.174529540000000452e+03 5.174529660000000149e+03
8.448000000000000398e+00 -1.720916343086924174e-03 5.174528449999999793e+03 5.174529859999999644e+03
9.215999999999999304e+00 -8.385612620869240322e-04 5.174523269999999684e+03 5.174521380000000136e+03
9.983999999999999986e+00 9.139415869130759025e-04 5.174524879999999939e+03 5.174525969999999688e+03
1.075200000000000067e+01 9.948124769130759545e-04 5.174528849999999693e+03 5.174530370000000403e+03
1.151999999999999957e+01 -6.236411270869240747e-04 5.174526469999999790e+03 5.174526289999999790e+03
1.228800000000000026e+01 5.294657819130759672e-04 5.174525580000000446e+03 5.174526660000000447e+03
1.382399999999999984e+01 4.376598619130759238e-04 5.174527839999999742e+03 5.174528019999999742e+03
1.535999999999999943e+01 9.929106791307595555e-05 5.174531179999999949e+03 5.174532760000000053e+03
1.689600000000000080e+01 8.615806769130758590e-04 5.174528290000000197e+03 5.174529730000000200e+03
1.843199999999999861e+01 -5.754425450869240675e-04 5.174528839999999946e+03 5.174529440000000250e+03
1.996799999999999997e+01 -9.367992860869239942e-04 5.174530380000000150e+03 5.174530469999999696e+03
2.150400000000000134e+01 2.180995809130759436e-04 5.174525160000000142e+03 5.174525129999999990e+03
2.303999999999999915e+01 5.370760619130759495e-04 5.174523989999999685e+03 5.174526480000000447e+03
2.457600000000000051e+01 4.729580889130760059e-04 5.174526480000000447e+03 5.174528800000000047e+03
2.764799999999999969e+01 -7.996248690869240359e-04 5.174526389999999992e+03 5.174526189999999588e+03
3.071999999999999886e+01 -2.474274098869240859e-04 5.174531500000000051e+03 5.174532269999999698e+03
3.379200000000000159e+01 -4.339906230869240537e-04 5.174528110000000197e+03 5.174527900000000045e+03
3.686399999999999721e+01 2.919618991307590286e-05 5.174527589999999691e+03 5.174529169999999795e+03
3.993599999999999994e+01 -1.213954508692407044e-05 5.174524349999999686e+03 5.174523689999999988e+03
4.300800000000000267e+01 2.468641589130759085e-04 5.174522359999999935e+03 5.174523350000000391e+03
4.607999999999999829e+01 1.000289913075937901e-06 5.174527780000000348e+03 5.174527490000000398e+03
4.915200000000000102e+01 -2.156393753869240734e-04 5.174527189999999791e+03 5.174527610000000095e+03
5.529599999999999937e+01 -4.963718340869241030e-04 5.174525520000000142e+03 5.174524980000000141e+03
6.143999999999999773e+01 -4.484416050869240861e-04 5.174524599999999737e+03 5.174524309999999787e+03
6.758400000000000318e+01 -2.697684703869240560e-04 5.174524690000000192e+03 5.174524199999999837e+03
7.372799999999999443e+01 -1.964917023869240675e-04 5.174526679999999942e+03 5.174527170000000297e+03
7.987199999999999989e+01 4.564871999130759974e-04 5.174525309999999990e+03 5.174527180000000044e+03
8.601600000000000534e+01 -2.808967650869240878e-04 5.174524389999999585e+03 5.174524550000000090e+03
9.215999999999999659e+01 -7.748390730869240310e-04 5.174523790000000190e+03 5.174523220000000038e+03
9.830400000000000205e+01 2.066537139130759286e-04 5.174521740000000136e+03 5.174522270000000390e+03
1.105919999999999987e+02 2.322580859130759406e-04 5.174524339999999938e+03 5.174525349999999889e+03
1.228799999999999955e+02 -8.859122108692408354e-05 5.174519369999999981e+03 5.174518509999999878e+03
1.351680000000000064e+02 6.667857891307595237e-05 5.174523830000000089e+03 5.174524860000000444e+03
1.474559999999999889e+02 4.286995239130759507e-04 5.174526189999999588e+03 5.174526649999999790e+03
1.597439999999999998e+02 -3.844958740869240405e-04 5.174520099999999729e+03 5.174520340000000033e+03
1.720320000000000107e+02 -6.841944908692407104e-05 5.174522420000000238e+03 5.174522860000000037e+03
1.843199999999999932e+02 2.836949879130759144e-04 5.174525309999999990e+03 5.174525760000000446e+03
1.966080000000000041e+02 7.475467091307594586e-05 5.174522469999999885e+03 5.174522839999999633e+03
2.211839999999999975e+02 3.929906719130759219e-04 5.174523140000000240e+03 5.174523650000000089e+03
2.457599999999999909e+02 1.259870519130759550e-04 5.174525569999999789e+03 5.174526130000000194e+03
2.703360000000000127e+02 -5.178871808692408324e-05 5.174523610000000190e+03 5.174523820000000342e+03
2.949119999999999777e+02 2.498773899130759136e-04 5.174522500000000036e+03 5.174523100000000341e+03
3.194879999999999995e+02 3.670066749130759635e-04 5.174520150000000285e+03 5.174521420000000035e+03
3.440640000000000214e+02 1.346217229130759155e-04 5.174519790000000285e+03 5.174520809999999983e+03
3.686399999999999864e+02 -3.561954040869240922e-04 5.174518640000000232e+03 5.174518259999999827e+03
3.932160000000000082e+02 -1.070823520869240578e-04 5.174515940000000228e+03 5.174516279999999824e+03
4.423679999999999950e+02 -1.850061920869240683e-04 5.174515040000000226e+03 5.174515330000000176e+03
4.915199999999999818e+02 3.627402591307595067e-05 5.174520599999999831e+03 5.174520889999999781e+03
5.406720000000000255e+02 2.332648913075933321e-06 5.174523100000000341e+03 5.174523110000000088e+03
5.898239999999999554e+02 1.421974629130759481e-04 5.174524790000000394e+03 5.174525489999999991e+03
6.389759999999999991e+02 -8.466150108692407808e-05 5.174524239999999736e+03 5.174524519999999939e+03
6.881280000000000427e+02 -1.497112048869240672e-04 5.174522860000000037e+03 5.174523119999999835e+03
7.372799999999999727e+02 -2.924925008692406047e-05 5.174522079999999733e+03 5.174522299999999632e+03
7.864320000000000164e+02 1.789765591307595030e-05 5.174523970000000190e+03 5.174524389999999585e+03
8.847359999999999900e+02 1.439115991307590952e-05 5.174531879999999546e+03 5.174532339999999749e+03
9.830399999999999636e+02 7.511289991307595133e-05 5.174531140000000050e+03 5.174531899999999951e+03
1.081339999999999918e+03 1.116690091307594667e-05 5.174528269999999793e+03 5.174528949999999895e+03
1.179650000000000091e+03 -2.988052308692406862e-05 5.174525080000000344e+03 5.174525489999999991e+03
1.277950000000000045e+03 -5.003746008692408010e-05 5.174520230000000083e+03 5.174520830000000387e+03
1.376259999999999991e+03 8.619953391307590682e-05 5.174524459999999635e+03 5.174525230000000192e+03
1.474559999999999945e+03 -1.489527523869240777e-04 5.174526689999999689e+03 5.174526780000000144e+03
1.572859999999999900e+03 -1.689979108692406511e-05 5.174524049999999988e+03 5.174524190000000090e+03
1.769470000000000027e+03 5.018229091307595193e-05 5.174522069999999985e+03 5.174522399999999834e+03
1.966079999999999927e+03 5.329196191307592726e-05 5.174518339999999625e+03 5.174518890000000283e+03
2.162690000000000055e+03 1.115617291307593345e-05 5.174525389999999788e+03 5.174526009999999587e+03
2.359300000000000182e+03 -1.006480408692408284e-05 5.174523849999999584e+03 5.174524209999999584e+03
2.555900000000000091e+03 -5.123047508692407464e-05 5.174522640000000138e+03 5.174523110000000088e+03
2.752510000000000218e+03 -8.613450008692407288e-05 5.174524339999999938e+03 5.174524800000000141e+03
2.949119999999999891e+03 -9.084972008692405922e-05 5.174519820000000436e+03 5.174520230000000083e+03
3.145730000000000018e+03 -2.691789608692406362e-05 5.174530389999999898e+03 5.174530899999999747e+03
3.538940000000000055e+03 -7.123093108692406684e-05 5.174536759999999958e+03 5.174536989999999605e+03
3.932159999999999854e+03 2.342714791307592991e-05 5.174534520000000157e+03 5.174535009999999602e+03
4.325380000000000109e+03 2.677339591307590608e-05 5.174545670000000428e+03 5.174546059999999670e+03
4.718590000000000146e+03 4.363337291307594159e-05 5.174549750000000131e+03 5.174550189999999930e+03
5.111810000000000400e+03 -1.294131308692407262e-05 5.174561099999999897e+03 5.174561520000000201e+03
5.505020000000000437e+03 -2.061542608692407651e-05 5.174556830000000446e+03 5.174557190000000446e+03
5.898239999999999782e+03 2.336925891307592841e-05 5.174562369999999646e+03 5.174562780000000203e+03
6.291460000000000036e+03 -6.556776086924065005e-06 5.174554130000000441e+03 5.174554570000000240e+03
7.077890000000000327e+03 1.113959913075934392e-06 5.174536579999999958e+03 5.174537000000000262e+03
7.864319999999999709e+03 -4.780061008692406441e-05 5.174522780000000239e+03 5.174523129999999583e+03
8.650750000000000000e+03 -4.481400869240823818e-07 5.174525380000000041e+03 5.174525840000000244e+03
9.437180000000000291e+03 -2.680900308692406113e-05 5.174528580000000147e+03 5.174529059999999845e+03
1.022360000000000036e+04 -7.362814086924081292e-06 5.174538730000000214e+03 5.174539319999999861e+03
1.101000000000000000e+04 -1.456849908692406446e-05 5.174545269999999618e+03 5.174545710000000327e+03
1.179650000000000000e+04 -1.178005008692408211e-05 5.174548010000000431e+03 5.174548399999999674e+03
1.258289999999999964e+04 3.603250591307591440e-05 5.174569440000000213e+03 5.174569929999999658e+03
1.415579999999999927e+04 -4.362452808692407155e-05 5.174596400000000358e+03 5.174596730000000207e+03
1.572860000000000036e+04 3.926706913075917035e-06 5.174579050000000279e+03 5.174579410000000280e+03
1.730150000000000000e+04 3.497164191307590409e-05 5.174574400000000423e+03 5.174574880000000121e+03
1.887440000000000146e+04 -1.003722308692408193e-05 5.174579789999999775e+03 5.174580229999999574e+03
2.044720000000000073e+04 3.961289391307592556e-05 5.174568559999999707e+03 5.174569010000000162e+03
2.202009999999999854e+04 1.764871591307590995e-05 5.174580420000000231e+03 5.174580899999999929e+03
2.359300000000000000e+04 -7.812689086924076709e-06 5.174566130000000157e+03 5.174566600000000108e+03
2.516579999999999927e+04 2.765849913075930531e-06 5.174567229999999654e+03 5.174567689999999857e+03
2.831159999999999854e+04 -7.465349086924064547e-06 5.174601389999999810e+03 5.174601800000000367e+03
3.145729999999999927e+04 2.571651691307591026e-05 5.174595459999999548e+03 5.174595940000000155e+03
3.460300000000000000e+04 -1.106918008692407717e-05 5.174585710000000290e+03 5.174586110000000190e+03
3.774869999999999709e+04 -2.208643608692407718e-05 5.174527780000000348e+03 5.174528180000000248e+03
4.089450000000000000e+04 3.246160913075930073e-06 5.174519299999999930e+03 5.174519750000000386e+03
4.404019999999999709e+04 1.243324791307595374e-05 5.174504130000000259e+03 5.174504560000000311e+03
4.718590000000000146e+04 -2.847001086924056974e-06 5.174481069999999818e+03 5.174481499999999869e+03
5.033159999999999854e+04 2.773862191307593992e-05 5.174440480000000207e+03 5.174440940000000410e+03
5.662309999999999854e+04 -3.959551086924080737e-06 5.174408430000000408e+03 5.174408889999999701e+03
6.291459999999999854e+04 -1.970857908692406489e-05 5.174423550000000432e+03 5.174423979999999574e+03
6.920600000000000000e+04 2.682787591307592254e-05 5.174393229999999676e+03 5.174393710000000283e+03
7.549750000000000000e+04 1.254697991307594644e-05 5.174425100000000384e+03 5.174425589999999829e+03
8.178889999999999418e+04 -6.710763086924075157e-06 5.174455520000000433e+03 5.174455969999999979e+03
8.808039999999999418e+04 2.389460591307592343e-05 5.174464570000000094e+03 5.174464990000000398e+03
9.437180000000000291e+04 2.037423291307592968e-05 5.174532909999999902e+03 5.174533389999999599e+03
1.006630000000000000e+05 2.806999291307592866e-05 5.174480690000000322e+03 5.174481170000000020e+03
1.132460000000000000e+05 6.815299913075922736e-06 5.174501290000000154e+03 5.174501739999999700e+03
1.258290000000000000e+05 6.264991307593920089e-08 5.174460839999999735e+03 5.174461309999999685e+03
1.384120000000000000e+05 1.959577691307591032e-05 5.174463209999999890e+03 5.174463700000000244e+03
1.509950000000000000e+05 1.014978913075925996e-06 5.174284579999999551e+03 5.174285039999999753e+03
1.635780000000000000e+05 3.791544913075929526e-06 5.174291100000000370e+03 5.174291570000000320e+03
1.761610000000000000e+05 -4.751483086924083304e-06 5.174358930000000328e+03 5.174359339999999975e+03
1.887440000000000000e+05 3.595421913075937028e-06 5.174415949999999611e+03 5.174416360000000168e+03
2.013270000000000000e+05 -5.349220086924060197e-06 5.174459109999999782e+03 5.174459509999999682e+03
2.264920000000000000e+05 3.857326913075942443e-06 5.174622730000000047e+03 5.174623139999999694e+03
2.516580000000000000e+05 -1.041084086924074989e-06 5.174342760000000453e+03 5.174343170000000100e+03
2.768240000000000000e+05 -6.356987086924057286e-06 5.174159870000000410e+03 5.174160310000000209e+03
3.019900000000000000e+05 -1.094488008692408245e-05 5.174213709999999992e+03 5.174214079999999740e+03
3.271560000000000000e+05 -5.232512108692408191e-05 5.174935819999999694e+03 5.174936099999999897e+03
3.523220000000000000e+05 -6.703764008692407223e-05 5.174672959999999875e+03 5.174673270000000230e+03
