0.000000000000000000e+00 4.103871787907987567e+01 7.458788469999999506e+02 7.891353319999999485e+02
6.000000000000000125e-03 4.058030997907987825e+01 7.454845599999999877e+02 7.882816599999999880e+02
1.200000000000000025e-02 3.922870327907988042e+01 7.443217769999999973e+02 7.857641019999999799e+02
1.799999999999999864e-02 3.705191747907987576e+01 7.424478410000000395e+02 7.817072100000000319e+02
2.400000000000000050e-02 3.415544667907987986e+01 7.399509480000000394e+02 7.763033370000000559e+02
2.999999999999999889e-02 3.067237657907987725e+01 7.369412969999999632e+02 7.697940579999999500e+02
3.599999999999999728e-02 2.675203987907987724e+01 7.335411840000000439e+02 7.624491319999999632e+02
4.200000000000000261e-02 2.254878667907987833e+01 7.298755670000000464e+02 7.545460630000000037e+02
4.800000000000000100e-02 1.821211577907987689e+01 7.260642759999999498e+02 7.463526480000000447e+02
5.399999999999999939e-02 1.387896777907987911e+01 7.222165079999999762e+02 7.381139299999999821e+02
5.999999999999999778e-02 9.668533309079879956e+00 7.184277759999999944e+02 7.300440489999999727e+02
6.600000000000000311e-02 5.679537019079879734e+00 7.147790459999999939e+02 7.223227120000000241e+02
7.199999999999999456e-02 1.989653429079879299e+00 7.113374720000000480e+02 7.150953319999999849e+02
7.799999999999999989e-02 -1.343477070920120697e+00 7.081580179999999700e+02 7.084756029999999782e+02
8.400000000000000522e-02 -4.280227280920120947e+00 7.052852560000000040e+02 7.025492219999999861e+02
8.999999999999999667e-02 -6.796512750920120638e+00 7.027547859999999673e+02 6.973776550000000043e+02
9.600000000000000200e-02 -8.773417420920120335e+00 7.006911770000000388e+02 6.932052740000000313e+02
1.079999999999999988e-01 -1.166373762092012001e+01 6.975488800000000538e+02 6.869012860000000273e+02
1.199999999999999956e-01 -1.294544652092011994e+01 6.959838160000000471e+02 6.837796769999999924e+02
1.320000000000000062e-01 -1.283204152092012151e+01 6.958713970000000018e+02 6.835118860000000041e+02
1.439999999999999891e-01 -1.162609442092012024e+01 6.969252589999999827e+02 6.855152050000000372e+02
1.559999999999999998e-01 -9.689968370920119867e+00 6.987436850000000277e+02 6.890307279999999537e+02
1.680000000000000104e-01 -7.403416940920120481e+00 7.008918589999999540e+02 6.932504139999999779e+02
1.799999999999999933e-01 -5.112329050920120466e+00 7.029897620000000416e+02 6.974572349999999687e+02
1.920000000000000040e-01 -3.186550080920120820e+00 7.046627409999999827e+02 7.009297510000000102e+02
2.159999999999999976e-01 -4.248843629201207173e-01 7.069026790000000346e+02 7.058138129999999819e+02
2.399999999999999911e-01 7.842409940798793500e-01 7.076874790000000530e+02 7.079005389999999807e+02
2.640000000000000124e-01 1.242960679079879283e+00 7.078947530000000370e+02 7.088057740000000422e+02
2.879999999999999782e-01 1.732194629079879311e+00 7.083643449999999575e+02 7.100539280000000417e+02
3.119999999999999996e-01 2.484327339079879238e+00 7.093481709999999794e+02 7.120516109999999799e+02
3.360000000000000209e-01 3.216307299079879112e+00 7.104396799999999530e+02 7.140725380000000087e+02
3.599999999999999867e-01 3.529192549079879448e+00 7.110693159999999580e+02 7.151476310000000467e+02
3.840000000000000080e-01 3.176351409079879229e+00 7.108742549999999483e+02 7.146728369999999586e+02
4.319999999999999951e-01 1.888300419079879333e+00 7.096895459999999503e+02 7.122490420000000313e+02
4.799999999999999822e-01 7.303913820798793033e-01 7.086162389999999505e+02 7.099012310000000525e+02
5.280000000000000249e-01 -9.191329640120721872e-03 7.079312889999999925e+02 7.082434279999999944e+02
5.759999999999999565e-01 -3.753949709201207519e-01 7.074130840000000262e+02 7.071713190000000395e+02
6.239999999999999991e-01 -1.821443709201207295e-01 7.074728069999999889e+02 7.073823449999999866e+02
6.720000000000000417e-01 2.732791670798792594e-01 7.078736920000000055e+02 7.082932690000000093e+02
7.199999999999999734e-01 5.849381030798793679e-01 7.080654160000000275e+02 7.088823539999999639e+02
7.680000000000000160e-01 7.538859000798793231e-01 7.081708539999999630e+02 7.092442479999999705e+02
8.639999999999999902e-01 8.319273290798793186e-01 7.082556210000000192e+02 7.094805059999999912e+02
9.599999999999999645e-01 5.642595430798793554e-01 7.079659689999999728e+02 7.088599840000000540e+02
1.056000000000000050e+00 4.506605560798792598e-01 7.077930069999999887e+02 7.085022310000000516e+02
1.151999999999999913e+00 5.255439270798792917e-01 7.078627569999999878e+02 7.086601980000000367e+02
1.247999999999999998e+00 5.747284470798793565e-01 7.078945099999999684e+02 7.087633180000000266e+02
1.344000000000000083e+00 5.768254350798792673e-01 7.078647330000000011e+02 7.087281580000000076e+02
1.439999999999999947e+00 5.324832380798792952e-01 7.078163550000000441e+02 7.085945070000000214e+02
1.536000000000000032e+00 5.325889750798793454e-01 7.078093810000000303e+02 7.085624010000000226e+02
1.727999999999999980e+00 5.583160520798793325e-01 7.078238350000000310e+02 7.086009199999999737e+02
1.919999999999999929e+00 5.618110470798792777e-01 7.078028389999999490e+02 7.085548459999999977e+02
2.112000000000000099e+00 5.772961490798793616e-01 7.078126760000000104e+02 7.085601060000000189e+02
2.303999999999999826e+00 5.847042950798793104e-01 7.077995479999999588e+02 7.085494260000000395e+02
2.495999999999999996e+00 5.984429800798792831e-01 7.078035009999999829e+02 7.085723520000000235e+02
2.688000000000000167e+00 6.054522060798793737e-01 7.077999600000000555e+02 7.085584790000000339e+02
2.879999999999999893e+00 6.082972560798792783e-01 7.078268279999999777e+02 7.086050070000000005e+02
3.072000000000000064e+00 6.191485640798792822e-01 7.078288559999999734e+02 7.086205380000000105e+02
3.455999999999999961e+00 6.268373930798792903e-01 7.078427890000000389e+02 7.086543840000000500e+02
3.839999999999999858e+00 6.297651700798793106e-01 7.078560670000000528e+02 7.086811790000000428e+02
4.224000000000000199e+00 6.319785410798792746e-01 7.078594779999999673e+02 7.087000600000000077e+02
4.607999999999999652e+00 6.345005100798792874e-01 7.078674049999999625e+02 7.087078259999999545e+02
4.991999999999999993e+00 6.381234030798793588e-01 7.078704589999999826e+02 7.087173209999999699e+02
5.376000000000000334e+00 6.365164490798793651e-01 7.078725080000000389e+02 7.087124589999999671e+02
5.759999999999999787e+00 6.377457630798792909e-01 7.078710690000000341e+02 7.087079949999999826e+02
6.144000000000000128e+00 6.362400670798793456e-01 7.078668989999999894e+02 7.087003809999999930e+02
6.911999999999999922e+00 6.340784410798793180e-01 7.078623019999999997e+02 7.086979790000000321e+02
7.679999999999999716e+00 6.290174030798793003e-01 7.078617880000000468e+02 7.086835049999999683e+02
8.448000000000000398e+00 6.273195840798793110e-01 7.078573629999999639e+02 7.086818180000000211e+02
9.215999999999999304e+00 6.229470340798792805e-01 7.078523269999999457e+02 7.086748609999999644e+02
9.983999999999999986e+00 6.232371760798792737e-01 7.078528639999999541e+02 7.086721049999999877e+02
1.075200000000000067e+01 6.164937480798793334e-01 7.078473780000000488e+02 7.086595579999999472e+02
1.151999999999999957e+01 6.150634630798793578e-01 7.078469549999999799e+02 7.086553760000000466e+02
1.228800000000000026e+01 6.140475190798793115e-01 7.078386530000000221e+02 7.086436159999999518e+02
1.382399999999999984e+01 6.082116640798793661e-01 7.078314709999999650e+02 7.086289299999999685e+02
1.535999999999999943e+01 6.058084440798793269e-01 7.078298519999999598e+02 7.086253689999999779e+02
1.689600000000000080e+01 6.010384590798792948e-01 7.078176479999999628e+02 7.086072820000000547e+02
1.843199999999999861e+01 5.970018430798793574e-01 7.078171330000000125e+02 7.086056160000000546e+02
1.996799999999999997e+01 5.945713880798793038e-01 7.078155420000000504e+02 7.085991430000000264e+02
2.150400000000000134e+01 5.915281170798792898e-01 7.078073809999999639e+02 7.085845689999999877e+02
2.303999999999999915e+01 5.883894000798792767e-01 7.078013079999999491e+02 7.085722379999999703e+02
2.457600000000000051e+01 5.832587530798792885e-01 7.077966410000000224e+02 7.085627399999999625e+02
2.764799999999999969e+01 5.760054980798793300e-01 7.077909740000000056e+02 7.085503200000000561e+02
3.071999999999999886e+01 5.697434070798793604e-01 7.077757229999999709e+02 7.085233690000000024e+02
3.379200000000000159e+01 5.627256470798793764e-01 7.077706359999999677e+02 7.085093229999999949e+02
3.686399999999999721e+01 5.573263230798792822e-01 7.077611699999999928e+02 7.084927159999999731e+02
3.993599999999999994e+01 5.510324860798793134e-01 7.077587630000000445e+02 7.084830429999999524e+02
4.300800000000000267e+01 5.461960730798792740e-01 7.077481950000000097e+02 7.084655599999999822e+02
4.607999999999999829e+01 5.389883110798793231e-01 7.077391969999999901e+02 7.084488450000000057e+02
4.915200000000000102e+01 5.345722540798792943e-01 7.077346710000000485e+02 7.084378329999999551e+02
5.529599999999999937e+01 5.233663190798792941e-01 7.077189990000000535e+02 7.084066299999999501e+02
6.143999999999999773e+01 5.132400250798793140e-01 7.077047489999999925e+02 7.083805389999999989e+02
6.758400000000000318e+01 5.033674760798793058e-01 7.076953029999999671e+02 7.083584990000000516e+02
7.372799999999999443e+01 4.946942530798792426e-01 7.076796950000000379e+02 7.083301079999999956e+02
7.987199999999999989e+01 4.852073420798792558e-01 7.076667230000000473e+02 7.083047360000000481e+02
8.601600000000000534e+01 4.766242830798792518e-01 7.076539549999999963e+02 7.082808149999999614e+02
9.215999999999999659e+01 4.687514750798792429e-01 7.076441959999999654e+02 7.082627599999999575e+02
9.830400000000000205e+01 4.609257520798792918e-01 7.076336179999999558e+02 7.082411949999999479e+02
1.105919999999999987e+02 4.451121450798792845e-01 7.076128579999999602e+02 7.081987579999999980e+02
1.228799999999999955e+02 4.311351300798792474e-01 7.075933690000000524e+02 7.081604660000000422e+02
1.351680000000000064e+02 4.171921200798792695e-01 7.075732739999999694e+02 7.081213420000000269e+02
1.474559999999999889e+02 4.042956630798792417e-01 7.075550240000000031e+02 7.080865390000000161e+02
1.597439999999999998e+02 3.914707160798792662e-01 7.075367760000000317e+02 7.080519719999999779e+02
1.720320000000000107e+02 3.790307900798792762e-01 7.075241640000000416e+02 7.080219980000000533e+02
1.843199999999999932e+02 3.680738560798792469e-01 7.075080709999999726e+02 7.079906919999999673e+02
1.966080000000000041e+02 3.568063830798792746e-01 7.074952869999999621e+02 7.079636809999999514e+02
2.211839999999999975e+02 3.360605240798792415e-01 7.074659470000000283e+02 7.079076209999999492e+02
2.457599999999999909e+02 3.169512250798792730e-01 7.074398549999999659e+02 7.078550340000000460e+02
2.703360000000000127e+02 3.008872190798792534e-01 7.074178630000000112e+02 7.078112589999999500e+02
2.949119999999999777e+02 2.846887770798792738e-01 7.073978879999999663e+02 7.077684329999999591e+02
3.194879999999999995e+02 2.698487010798792940e-01 7.073812440000000379e+02 7.077324019999999791e+02
3.440640000000000214e+02 2.543645250798792778e-01 7.073654689999999619e+02 7.076940419999999676e+02
3.686399999999999864e+02 2.412253300798792577e-01 7.073475270000000137e+02 7.076573670000000220e+02
3.932160000000000082e+02 2.296447810798792621e-01 7.073319340000000466e+02 7.076255400000000009e+02
4.423679999999999950e+02 2.075867560798792533e-01 7.072984870000000228e+02 7.075620870000000195e+02
4.915199999999999818e+02 1.867006070798792605e-01 7.072682330000000093e+02 7.075053179999999884e+02
5.406720000000000255e+02 1.685629870798792673e-01 7.072463340000000471e+02 7.074606479999999920e+02
5.898239999999999554e+02 1.530593230798792670e-01 7.072211039999999684e+02 7.074161840000000439e+02
6.389759999999999991e+02 1.405448920798792745e-01 7.072031379999999672e+02 7.073823999999999614e+02
6.881280000000000427e+02 1.276836060798792749e-01 7.071841449999999440e+02 7.073469460000000026e+02
7.372799999999999727e+02 1.161866180798792753e-01 7.071703079999999773e+02 7.073192249999999603e+02
7.864320000000000164e+02 1.054452390798792799e-01 7.071548890000000256e+02 7.072863449999999830e+02
8.847359999999999900e+02 8.798406307987928499e-02 7.071225399999999581e+02 7.072288979999999583e+02
9.830399999999999636e+02 7.340207697987928548e-02 7.070937020000000075e+02 7.071806149999999889e+02
1.081339999999999918e+03 6.135055917987928403e-02 7.070603039999999737e+02 7.071291780000000244e+02
1.179650000000000091e+03 5.093857487987928090e-02 7.070394069999999829e+02 7.070894080000000486e+02
1.277950000000000045e+03 4.286097587987928309e-02 7.070321719999999459e+02 7.070664590000000089e+02
1.376259999999999991e+03 3.714457277987927991e-02 7.070314560000000483e+02 7.070564160000000129e+02
1.474559999999999945e+03 3.016445867987927604e-02 7.070325319999999465e+02 7.070422230000000354e+02
1.572859999999999900e+03 2.446570367987927624e-02 7.070102749999999787e+02 7.070085579999999936e+02
1.769470000000000027e+03 1.596521717987927844e-02 7.069768629999999803e+02 7.069552159999999503e+02
1.966079999999999927e+03 1.361153647987927914e-02 7.069233510000000251e+02 7.069069759999999860e+02
2.162690000000000055e+03 1.171849917987927842e-02 7.068757550000000265e+02 7.068685970000000225e+02
2.359300000000000182e+03 9.152795399879277288e-03 7.068410880000000134e+02 7.068387480000000096e+02
2.555900000000000091e+03 6.083586439879278170e-03 7.068067889999999807e+02 7.068135479999999689e+02
2.752510000000000218e+03 1.194758407879277853e-03 7.067711170000000038e+02 7.067754700000000412e+02
2.949119999999999891e+03 -8.175337530120722895e-03 7.067555680000000393e+02 7.067513999999999896e+02
3.145730000000000018e+03 -6.745675250120722333e-03 7.067529120000000376e+02 7.067521100000000160e+02
3.538940000000000055e+03 -3.853897320120721823e-03 7.067174300000000358e+02 7.067236719999999650e+02
3.932159999999999854e+03 -3.071950790120721829e-03 7.067152559999999539e+02 7.067179200000000492e+02
4.325380000000000109e+03 1.935750089879278036e-03 7.066926419999999780e+02 7.066929420000000164e+02
4.718590000000000146e+03 -3.245929371207220172e-04 7.067057280000000219e+02 7.067037139999999908e+02
5.111810000000000400e+03 -7.201045990120722058e-03 7.067716629999999896e+02 7.067443349999999782e+02
5.505020000000000437e+03 -1.037108692012072078e-02 7.067871049999999968e+02 7.067466530000000375e+02
5.898239999999999782e+03 -6.399587590120722237e-03 7.067945190000000366e+02 7.067518310000000383e+02
6.291460000000000036e+03 8.402051668792779844e-04 7.068448140000000421e+02 7.068175629999999501e+02
7.077890000000000327e+03 5.582331979879277817e-03 7.068647150000000465e+02 7.068663629999999785e+02
7.864319999999999709e+03 4.438635309879278290e-03 7.068318960000000288e+02 7.068467759999999771e+02
8.650750000000000000e+03 9.204781169879279468e-03 7.067575239999999894e+02 7.067830030000000079e+02
9.437180000000000291e+03 1.171342194879277992e-03 7.066861079999999902e+02 7.066952810000000227e+02
1.022360000000000036e+04 -9.888303701207220523e-04 7.066689000000000078e+02 7.066734249999999520e+02
1.101000000000000000e+04 1.995374569879277728e-03 7.067228149999999687e+02 7.067329489999999623e+02
1.179650000000000000e+04 -3.933656480120721610e-03 7.067842319999999745e+02 7.067939920000000029e+02
1.258289999999999964e+04 6.730497758792780344e-04 7.069001520000000482e+02 7.069159919999999602e+02
1.415579999999999927e+04 4.547505439879278265e-03 7.068009110000000419e+02 7.067957999999999856e+02
1.572860000000000036e+04 4.426226189879278218e-03 7.067413599999999860e+02 7.067464340000000220e+02
1.730150000000000000e+04 -1.115132940120721955e-03 7.066697420000000420e+02 7.066756729999999607e+02
1.887440000000000146e+04 -8.833176930120721637e-03 7.068564559999999801e+02 7.068533380000000079e+02
2.044720000000000073e+04 -9.820334120721986235e-06 7.069658050000000458e+02 7.069791199999999662e+02
2.202009999999999854e+04 3.724229969879277926e-03 7.068839209999999866e+02 7.068938150000000178e+02
2.359300000000000000e+04 1.438857764879277953e-03 7.066909500000000435e+02 7.066923560000000180e+02
2.516579999999999927e+04 4.446335589879278280e-03 7.066088889999999765e+02 7.066036000000000286e+02
2.831159999999999854e+04 -5.546234230120721670e-03 7.065571860000000015e+02 7.065476180000000568e+02
3.145729999999999927e+04 8.211787809879278130e-03 7.063939669999999751e+02 7.064074659999999994e+02
3.460300000000000000e+04 2.951557779879277962e-03 7.066820950000000039e+02 7.066817039999999679e+02
3.774869999999999709e+04 3.751874158792779801e-04 7.064650299999999561e+02 7.064704309999999623e+02
4.089450000000000000e+04 -3.202355290120722196e-03 7.065052490000000489e+02 7.064951559999999517e+02
4.404019999999999709e+04 -7.530746710120721395e-03 7.063814519999999675e+02 7.063964730000000145e+02
4.718590000000000146e+04 3.524056339879278171e-03 7.064456639999999652e+02 7.064430660000000444e+02
5.033159999999999854e+04 -2.319826240120722010e-03 7.061289990000000216e+02 7.061359660000000531e+02
5.662309999999999854e+04 -3.110921880120721961e-03 7.064455090000000155e+02 7.064391789999999673e+02
6.291459999999999854e+04 6.965582619879277793e-03 7.071940799999999854e+02 7.072014319999999543e+02
6.920600000000000000e+04 1.582661329879277937e-03 7.074935289999999668e+02 7.074885530000000244e+02
7.549750000000000000e+04 1.825504139879278011e-03 7.073366499999999633e+02 7.073324529999999868e+02
8.178889999999999418e+04 -9.014978201207220036e-04 7.073747859999999719e+02 7.073693590000000313e+02
8.808039999999999418e+04 -1.738390811207219701e-04 7.071734860000000253e+02 7.071684970000000021e+02
9.437180000000000291e+04 1.400978770879278152e-03 7.074489820000000009e+02 7.074476369999999861e+02
1.006630000000000000e+05 -1.681869280120722090e-03 7.078977320000000191e+02 7.079038249999999834e+02
1.132460000000000000e+05 -2.375858270120722020e-03 7.083960980000000518e+02 7.084018389999999954e+02
1.258290000000000000e+05 -3.986554660120721766e-03 7.082899479999999812e+02 7.082820510000000240e+02
1.384120000000000000e+05 -4.032791641207219896e-04 7.077947060000000192e+02 7.077920719999999619e+02
1.509950000000000000e+05 -1.521113391207219766e-04 7.082161589999999478e+02 7.082150319999999510e+02
1.635780000000000000e+05 2.421505949879278110e-03 7.077908909999999878e+02 7.077847779999999602e+02
1.761610000000000000e+05 -2.531031230120721950e-03 7.076423409999999876e+02 7.076322410000000218e+02
1.887440000000000000e+05 -1.574956370120722017e-03 7.065037300000000187e+02 7.064970349999999826e+02
2.013270000000000000e+05 -2.055844910120722090e-03 7.076653999999999769e+02 7.076604139999999461e+02
2.264920000000000000e+05 2.248605079879277980e-03 7.059974630000000388e+02 7.059967030000000250e+02
2.516580000000000000e+05 4.866832699879278419e-03 7.051978569999999991e+02 7.051962859999999864e+02
2.768240000000000000e+05 -3.835480140120721936e-03 7.046371129999999994e+02 7.046337809999999990e+02
3.019900000000000000e+05 1.915252169879278063e-03 7.065134000000000469e+02 7.065127929999999878e+02
3.271560000000000000e+05 3.331237609879278069e-03 7.091449699999999439e+02 7.091484239999999772e+02
3.523220000000000000e+05 -1.455090230120721986e-03 7.152366980000000467e+02 7.152361849999999777e+02
