0.000000000000000000e+00 2.507709999997834771e+01
6.000000000000000125e-03 2.480689999997834505e+01
1.200000000000000025e-02 2.400679999997834457e+01
1.799999999999999864e-02 2.270799999997834462e+01
2.400000000000000050e-02 2.095929999997834514e+01
2.999999999999999889e-02 1.882419999997834736e+01
3.599999999999999728e-02 1.637629999997834673e+01
4.200000000000000261e-02 1.369529999997834757e+01
4.800000000000000100e-02 1.086269999997834823e+01
5.399999999999999939e-02 7.957619999978348346e+00
5.999999999999999778e-02 5.054529999978347732e+00
6.600000000000000311e-02 2.220749999978347766e+00
7.199999999999999456e-02 -4.845990000216521820e-01
7.799999999999999989e-02 -3.011100000021651901e+00
8.400000000000000522e-02 -5.316900000021652417e+00
8.999999999999999667e-02 -7.368220000021652005e+00
9.600000000000000200e-02 -9.063530000021652100e+00
1.079999999999999988e-01 -1.168350000002165245e+01
1.199999999999999956e-01 -1.302440000002165199e+01
1.320000000000000062e-01 -1.308480000002165156e+01
1.439999999999999891e-01 -1.194950000002165247e+01
1.559999999999999998e-01 -9.792080000021652353e+00
1.680000000000000104e-01 -6.872490000021652001e+00
1.799999999999999933e-01 -3.519420000021652228e+00
1.920000000000000040e-01 -1.672150000216521826e-01
2.159999999999999976e-01 5.418809999978347669e+00
2.399999999999999911e-01 8.174009999978348873e+00
2.640000000000000124e-01 7.905079999978347871e+00
2.879999999999999782e-01 5.680589999978347571e+00
3.119999999999999996e-01 2.881009999978347835e+00
3.360000000000000209e-01 5.191169999783479261e-01
3.599999999999999867e-01 -9.616360000216521708e-01
3.840000000000000080e-01 -1.450580000021652216e+00
4.319999999999999951e-01 -1.439910000021652259e+00
4.799999999999999822e-01 -9.353350000216521520e-01
5.280000000000000249e-01 -1.031860000216521800e-01
5.759999999999999565e-01 1.015249999978347750e+00
6.239999999999999991e-01 1.373589999978347853e+00
6.720000000000000417e-01 7.190979999783478904e-01
7.199999999999999734e-01 -2.454520000216521836e-01
7.680000000000000160e-01 -4.718390000216521885e-01
8.639999999999999902e-01 1.786799999783478254e-01
9.599999999999999645e-01 2.648519999783477963e-01
1.056000000000000050e+00 -3.821110002165217095e-02
1.151999999999999913e+00 7.005199997834782311e-02
1.247999999999999998e+00 3.159749997834782748e-02
1.344000000000000083e+00 6.626379997834781765e-02
1.439999999999999947e+00 2.608369997834782822e-02
1.536000000000000032e+00 2.770299997834782535e-02
1.727999999999999980e+00 3.475979997834782731e-02
1.919999999999999929e+00 3.970139997834782469e-02
2.112000000000000099e+00 5.039549997834782968e-02
2.303999999999999826e+00 6.042639997834782506e-02
2.495999999999999996e+00 7.357689997834782059e-02
2.688000000000000167e+00 8.470299997834782046e-02
2.879999999999999893e+00 9.425299997834782340e-02
3.072000000000000064e+00 1.006829999783478147e-01
3.455999999999999961e+00 1.087739999783478156e-01
3.839999999999999858e+00 1.079279999783478161e-01
4.224000000000000199e+00 1.023019999783478240e-01
4.607999999999999652e+00 9.362719997834781371e-02
4.991999999999999993e+00 8.589309997834781996e-02
5.376000000000000334e+00 7.998869997834781587e-02
5.759999999999999787e+00 7.704939997834782395e-02
6.144000000000000128e+00 7.474999997834781695e-02
6.911999999999999922e+00 7.398189997834782317e-02
7.679999999999999716e+00 7.271629997834781756e-02
8.448000000000000398e+00 7.029749997834781883e-02
9.215999999999999304e+00 6.815229997834781894e-02
9.983999999999999986e+00 6.541979997834782012e-02
1.075200000000000067e+01 6.276169997834782355e-02
1.151999999999999957e+01 6.072839997834782871e-02
1.228800000000000026e+01 5.918299997834782639e-02
1.382399999999999984e+01 5.613669997834782460e-02
1.535999999999999943e+01 5.314529997834782638e-02
1.689600000000000080e+01 5.157019997834782349e-02
1.843199999999999861e+01 4.958559997834782740e-02
1.996799999999999997e+01 4.704389997834782650e-02
2.150400000000000134e+01 4.586729997834782663e-02
2.303999999999999915e+01 4.440919997834782973e-02
2.457600000000000051e+01 4.298729997834782601e-02
2.764799999999999969e+01 4.058339997834782553e-02
3.071999999999999886e+01 3.864489997834782975e-02
3.379200000000000159e+01 3.659049997834782492e-02
3.686399999999999721e+01 3.501819997834782622e-02
3.993599999999999994e+01 3.366819997834782918e-02
4.300800000000000267e+01 3.163349997834782878e-02
4.607999999999999829e+01 3.101099997834782726e-02
4.915200000000000102e+01 2.998779997834782537e-02
5.529599999999999937e+01 2.796449997834782666e-02
6.143999999999999773e+01 2.606809997834782719e-02
6.758400000000000318e+01 2.471679997834782747e-02
7.372799999999999443e+01 2.374479997834782682e-02
7.987199999999999989e+01 2.251189997834782824e-02
8.601600000000000534e+01 2.138829997834782587e-02
9.215999999999999659e+01 2.057039997834782599e-02
9.830400000000000205e+01 1.983679997834782854e-02
1.105919999999999987e+02 1.811499997834782605e-02
1.228799999999999955e+02 1.689919997834782653e-02
1.351680000000000064e+02 1.559119997834782639e-02
1.474559999999999889e+02 1.448889997834782763e-02
1.597439999999999998e+02 1.355819997834782631e-02
1.720320000000000107e+02 1.276669997834782751e-02
1.843199999999999932e+02 1.194979997834782690e-02
1.966080000000000041e+02 1.136729997834782721e-02
2.211839999999999975e+02 1.034839997834782754e-02
2.457599999999999909e+02 9.606569978347826930e-03
2.703360000000000127e+02 8.648449978347827125e-03
2.949119999999999777e+02 8.092409978347826424e-03
3.194879999999999995e+02 7.352299978347826004e-03
3.440640000000000214e+02 6.795329978347825622e-03
3.686399999999999864e+02 6.160239978347826009e-03
3.932160000000000082e+02 5.864889978347826230e-03
4.423679999999999950e+02 5.360799978347825789e-03
4.915199999999999818e+02 4.979619978347825729e-03
5.406720000000000255e+02 4.371779978347825613e-03
5.898239999999999554e+02 4.054609978347826181e-03
6.389759999999999991e+02 3.743869978347826293e-03
6.881280000000000427e+02 3.244549978347826581e-03
7.372799999999999727e+02 2.822139978347826348e-03
7.864320000000000164e+02 2.627669978347826375e-03
8.847359999999999900e+02 2.208159978347826267e-03
9.830399999999999636e+02 2.048959978347826300e-03
1.081339999999999918e+03 1.833949978347826446e-03
1.179650000000000091e+03 1.566179978347826372e-03
1.277950000000000045e+03 1.272109978347826364e-03
1.376259999999999991e+03 1.089389978347826433e-03
1.474559999999999945e+03 8.066529783478264054e-04
1.572859999999999900e+03 7.791429783478265010e-04
1.769470000000000027e+03 6.640089783478264748e-04
1.966079999999999927e+03 7.132919783478264839e-04
2.162690000000000055e+03 7.100659783478264304e-04
2.359300000000000182e+03 5.171119783478264750e-04
2.555900000000000091e+03 5.586669783478264524e-04
2.752510000000000218e+03 3.928149783478264824e-04
2.949119999999999891e+03 2.298739783478264580e-04
3.145730000000000018e+03 1.031319783478264575e-04
3.538940000000000055e+03 8.846057834782646110e-05
3.932159999999999854e+03 -6.277002165217354071e-05
4.325380000000000109e+03 -7.078642165217354074e-05
4.718590000000000146e+03 1.527349783478264636e-04
5.111810000000000400e+03 1.497319783478264518e-04
5.505020000000000437e+03 -6.499832165217354104e-05
5.898239999999999782e+03 -2.503491652173547353e-06
6.291460000000000036e+03 2.455877834782645231e-05
7.077890000000000327e+03 9.792447834782645700e-05
7.864319999999999709e+03 1.377499783478264436e-04
8.650750000000000000e+03 2.222619783478264638e-04
9.437180000000000291e+03 2.263389783478264453e-04
1.022360000000000036e+04 3.350709783478264471e-04
1.101000000000000000e+04 9.751407834782645158e-05
1.179650000000000000e+04 -1.156350216521735436e-04
1.258289999999999964e+04 7.983037834782645689e-05
1.415579999999999927e+04 -1.584442165217354737e-05
1.572860000000000036e+04 1.566839783478264625e-04
1.730150000000000000e+04 2.594459783478264385e-04
1.887440000000000146e+04 2.107009783478264436e-04
2.044720000000000073e+04 8.135427834782645766e-05
2.202009999999999854e+04 5.087987834782645006e-05
2.359300000000000000e+04 1.570247834782645378e-05
2.516579999999999927e+04 6.603467834782646292e-05
2.831159999999999854e+04 1.925819783478264634e-04
3.145729999999999927e+04 4.350527834782644786e-05
3.460300000000000000e+04 -1.654262165217354689e-05
3.774869999999999709e+04 1.651419783478264686e-04
4.089450000000000000e+04 3.117607834782645077e-05
4.404019999999999709e+04 1.749318347826452465e-06
4.718590000000000146e+04 -1.129180216521735491e-04
5.033159999999999854e+04 8.677517834782645179e-05
5.662309999999999854e+04 -1.352210216521735557e-04
6.291459999999999854e+04 5.622568347826452396e-06
6.920600000000000000e+04 1.496217834782645343e-05
7.549750000000000000e+04 -1.935442165217354595e-05
8.178889999999999418e+04 3.394767834782644978e-05
8.808039999999999418e+04 2.320677834782645238e-05
9.437180000000000291e+04 7.211463478264524346e-07
1.006630000000000000e+05 -2.291632165217354653e-05
1.132460000000000000e+05 2.627218347826452352e-06
1.258290000000000000e+05 -1.874712165217354585e-05
1.384120000000000000e+05 -7.527322165217353986e-05
1.509950000000000000e+05 1.715187834782645382e-05
1.635780000000000000e+05 4.256677834782644998e-05
1.761610000000000000e+05 -3.641942165217354943e-05
1.887440000000000000e+05 2.174717834782645369e-05
2.013270000000000000e+05 7.360497834782645378e-05
2.264920000000000000e+05 8.890507834782645320e-05
2.516580000000000000e+05 -3.097342165217354770e-05
2.768240000000000000e+05 1.062257834782645350e-05
3.019900000000000000e+05 1.320959783478264601e-04
3.271560000000000000e+05 -5.478322165217355138e-05
3.523220000000000000e+05 -1.608690216521735513e-04
