0.000000000000000000e+00 1.924960000000504579e+01
6.000000000000000125e-03 1.902030000000504373e+01
1.200000000000000025e-02 1.834560000000504587e+01
1.799999999999999864e-02 1.726340000000504560e+01
2.400000000000000050e-02 1.583180000000504251e+01
2.999999999999999889e-02 1.412270000000504311e+01
3.599999999999999728e-02 1.221560000000504331e+01
4.200000000000000261e-02 1.019050000000504319e+01
4.800000000000000100e-02 8.122890000005043021e+00
5.399999999999999939e-02 6.079460000005043163e+00
5.999999999999999778e-02 4.115980000005043493e+00
6.600000000000000311e-02 2.276110000005043599e+00
7.199999999999999456e-02 5.916600000050434849e-01
7.799999999999999989e-02 -9.163449999949564440e-01
8.400000000000000522e-02 -2.236029999994956441e+00
8.999999999999999667e-02 -3.362719999994956410e+00
9.600000000000000200e-02 -4.249979999994956792e+00
1.079999999999999988e-01 -5.563399999994956602e+00
1.199999999999999956e-01 -6.178189999994956771e+00
1.320000000000000062e-01 -6.154949999994957288e+00
1.439999999999999891e-01 -5.560049999994957304e+00
1.559999999999999998e-01 -4.475159999994956728e+00
1.680000000000000104e-01 -3.009929999994956695e+00
1.799999999999999933e-01 -1.308189999994956443e+00
1.920000000000000040e-01 4.281510000050434694e-01
2.159999999999999976e-01 3.364730000005043742e+00
2.399999999999999911e-01 4.780970000005043019e+00
2.640000000000000124e-01 4.440280000005042638e+00
2.879999999999999782e-01 2.931290000005043694e+00
3.119999999999999996e-01 1.125660000005043626e+00
3.360000000000000209e-01 -3.164659999949565594e-01
3.599999999999999867e-01 -1.095709999994956441e+00
3.840000000000000080e-01 -1.090519999994956413e+00
4.319999999999999951e-01 -3.090719999949565477e-01
4.799999999999999822e-01 3.724620000050434809e-01
5.280000000000000249e-01 2.885960000050434848e-01
5.759999999999999565e-01 9.459560000504348143e-02
6.239999999999999991e-01 1.438010000050434778e-01
6.720000000000000417e-01 2.104010000050434703e-01
7.199999999999999734e-01 8.127500000504347955e-02
7.680000000000000160e-01 -6.037929999495651734e-02
8.639999999999999902e-01 3.281240000504347804e-02
9.599999999999999645e-01 5.865900000504348233e-02
1.056000000000000050e+00 -4.764989999495652245e-02
1.151999999999999913e+00 2.723130000504347947e-02
1.247999999999999998e+00 -4.589359994956522006e-03
1.344000000000000083e+00 1.147500000504347861e-02
1.439999999999999947e+00 2.369610000504348071e-02
1.536000000000000032e+00 2.840990000504347787e-02
1.727999999999999980e+00 4.679670000504347616e-02
1.919999999999999929e+00 6.579200000504348278e-02
2.112000000000000099e+00 7.527850000504347772e-02
2.303999999999999826e+00 7.963510000504347985e-02
2.495999999999999996e+00 7.938570000504348301e-02
2.688000000000000167e+00 7.624630000504348248e-02
2.879999999999999893e+00 6.966320000504347409e-02
3.072000000000000064e+00 6.060170000504348092e-02
3.455999999999999961e+00 4.760340000504347663e-02
3.839999999999999858e+00 3.787740000504347809e-02
4.224000000000000199e+00 3.402160000504347859e-02
4.607999999999999652e+00 3.232060000504347747e-02
4.991999999999999993e+00 3.193280000504347682e-02
5.376000000000000334e+00 3.117950000504347841e-02
5.759999999999999787e+00 3.017960000504348039e-02
6.144000000000000128e+00 2.695030000504347947e-02
6.911999999999999922e+00 2.269470000504348120e-02
7.679999999999999716e+00 2.017210000504347789e-02
8.448000000000000398e+00 1.823440000504348082e-02
9.215999999999999304e+00 1.612270000504347975e-02
9.983999999999999986e+00 1.489920000504347739e-02
1.075200000000000067e+01 1.502000000504347815e-02
1.151999999999999957e+01 1.268500000504347788e-02
1.228800000000000026e+01 1.208460000504347695e-02
1.382399999999999984e+01 9.901570005043477951e-03
1.535999999999999943e+01 8.976780005043477964e-03
1.689600000000000080e+01 7.427760005043478053e-03
1.843199999999999861e+01 6.824690005043477364e-03
1.996799999999999997e+01 6.335140005043478177e-03
2.150400000000000134e+01 5.592380005043477882e-03
2.303999999999999915e+01 5.076750005043477454e-03
2.457600000000000051e+01 4.291390005043477750e-03
2.764799999999999969e+01 3.887310005043478379e-03
3.071999999999999886e+01 3.255710005043478423e-03
3.379200000000000159e+01 2.199190005043478394e-03
3.686399999999999721e+01 1.951490005043477957e-03
3.993599999999999994e+01 1.631400005043478086e-03
4.300800000000000267e+01 1.210320005043477977e-03
4.607999999999999829e+01 1.288230005043478022e-03
4.915200000000000102e+01 1.216520005043478020e-03
5.529599999999999937e+01 1.134010005043477971e-03
6.143999999999999773e+01 7.021960050434779884e-04
6.758400000000000318e+01 7.140290050434780359e-04
7.372799999999999443e+01 2.433800050434780228e-04
7.987199999999999989e+01 6.756970050434779563e-04
8.601600000000000534e+01 2.952160050434780598e-04
9.215999999999999659e+01 3.954680050434780615e-04
9.830400000000000205e+01 3.485740050434780459e-04
1.105919999999999987e+02 2.563470050434780360e-04
1.228799999999999955e+02 6.781140504347803817e-05
1.351680000000000064e+02 -1.967099949565219734e-04
1.474559999999999889e+02 1.105320050434780370e-04
1.597439999999999998e+02 8.617020504347802916e-05
1.720320000000000107e+02 1.541220050434780314e-04
1.843199999999999932e+02 -2.943999949565219410e-04
1.966080000000000041e+02 -1.332259949565219558e-04
2.211839999999999975e+02 -9.898224956521966107e-06
2.457599999999999909e+02 2.781340504347803251e-05
2.703360000000000127e+02 -1.584289949565219650e-04
2.949119999999999777e+02 4.275825043478033312e-06
3.194879999999999995e+02 -3.797029949565219474e-04
3.440640000000000214e+02 5.808540504347802999e-05
3.686399999999999864e+02 -4.879019495652196705e-05
3.932160000000000082e+02 7.768940504347802728e-05
4.423679999999999950e+02 -3.329949495652196982e-05
4.915199999999999818e+02 4.776560504347803437e-05
5.406720000000000255e+02 -1.883439949565219793e-04
5.898239999999999554e+02 -1.190139495652196543e-05
6.389759999999999991e+02 1.973920050434780423e-04
6.881280000000000427e+02 1.474950050434780421e-04
7.372799999999999727e+02 7.908930504347802721e-05
7.864320000000000164e+02 -4.034449495652196759e-05
8.847359999999999900e+02 -2.066064956521967051e-06
9.830399999999999636e+02 -2.226269949565219761e-04
1.081339999999999918e+03 1.673510050434780228e-04
1.179650000000000091e+03 -2.630549495652196869e-05
1.277950000000000045e+03 -9.454784956521966843e-06
1.376259999999999991e+03 -7.781369495652197131e-05
1.474559999999999945e+03 -1.520079495652196640e-05
1.572859999999999900e+03 2.088140504347803179e-05
1.769470000000000027e+03 -9.721034956521966200e-06
1.966079999999999927e+03 -1.446139495652196633e-05
2.162690000000000055e+03 -3.555489495652196859e-05
2.359300000000000182e+03 7.293010504347803374e-05
2.555900000000000091e+03 4.333430504347803497e-05
2.752510000000000218e+03 -9.014569495652197454e-05
2.949119999999999891e+03 2.897270504347803342e-05
3.145730000000000018e+03 4.053345043478033030e-06
3.538940000000000055e+03 -1.963964956521967216e-06
3.932159999999999854e+03 -3.606329495652196528e-05
4.325380000000000109e+03 3.392870504347803137e-05
4.718590000000000146e+03 1.262520504347803451e-05
5.111810000000000400e+03 -5.130639495652196847e-05
5.505020000000000437e+03 5.089150504347803098e-05
5.898239999999999782e+03 3.116110504347803436e-05
6.291460000000000036e+03 2.833240434780330231e-07
7.077890000000000327e+03 -3.090239495652196528e-05
7.864319999999999709e+03 -4.191499495652196891e-05
8.650750000000000000e+03 -3.316629565219669767e-07
9.437180000000000291e+03 -6.040999495652196716e-05
1.022360000000000036e+04 -1.385789495652196609e-05
1.101000000000000000e+04 -1.177859495652196552e-05
1.179650000000000000e+04 4.939160504347803540e-05
1.258289999999999964e+04 9.463945043478034217e-06
1.415579999999999927e+04 -2.649479495652196703e-05
1.572860000000000036e+04 -1.574239495652196813e-05
1.730150000000000000e+04 6.556405043478032575e-06
1.887440000000000146e+04 -7.821944956521966735e-06
2.044720000000000073e+04 2.643590504347803088e-05
2.202009999999999854e+04 -1.931419495652196669e-05
2.359300000000000000e+04 -2.388739495652196892e-05
2.516579999999999927e+04 -1.221589495652196555e-05
2.831159999999999854e+04 -2.845624956521966919e-06
3.145729999999999927e+04 -1.600044956521967064e-06
3.460300000000000000e+04 3.249610504347803428e-05
3.774869999999999709e+04 -1.826389495652196762e-05
4.089450000000000000e+04 -1.256514956521967111e-06
4.404019999999999709e+04 -1.253989495652196618e-05
4.718590000000000146e+04 -2.360284956521966836e-06
5.033159999999999854e+04 1.511440504347803432e-05
5.662309999999999854e+04 -1.991779495652196884e-05
6.291459999999999854e+04 -1.514919495652196676e-05
6.920600000000000000e+04 -6.291454956521967435e-06
7.549750000000000000e+04 4.139625043478032820e-06
8.178889999999999418e+04 2.610190434780330097e-07
8.808039999999999418e+04 3.078085043478033070e-06
9.437180000000000291e+04 -1.313669495652196697e-05
1.006630000000000000e+05 -1.504679495652196584e-05
1.132460000000000000e+05 -7.841324956521965523e-06
1.258290000000000000e+05 -1.757779495652196753e-05
1.384120000000000000e+05 -9.471444956521966782e-06
1.509950000000000000e+05 -4.659534956521967311e-06
1.635780000000000000e+05 3.202560434780330259e-07
1.761610000000000000e+05 -1.293559565219669638e-07
1.887440000000000000e+05 -1.043479495652196663e-05
2.013270000000000000e+05 2.000345043478032950e-06
2.264920000000000000e+05 9.071095043478033396e-06
2.516580000000000000e+05 1.932730504347803256e-05
2.768240000000000000e+05 3.628600504347802996e-05
3.019900000000000000e+05 2.778355043478032808e-06
3.271560000000000000e+05 1.508485043478032886e-06
3.523220000000000000e+05 2.577120504347803366e-05
