0.000000000000000000e+00 1.641239655486426585e+01 1.726229349999999977e+04 1.728277470000000176e+04
3.000000000000000062e-03 1.630534775486426824e+01 1.726218750000000000e+04 1.728254550000000017e+04
6.000000000000000125e-03 1.599134145486426561e+01 1.726187610000000132e+04 1.728187240000000020e+04
8.999999999999999320e-03 1.549034985486426663e+01 1.726137840000000142e+04 1.728079590000000098e+04
1.200000000000000025e-02 1.483175435486426608e+01 1.726072269999999844e+04 1.727937649999999849e+04
1.499999999999999944e-02 1.405019235486426687e+01 1.725994310000000041e+04 1.727768630000000121e+04
1.799999999999999864e-02 1.318172935486426667e+01 1.725907600000000093e+04 1.727580219999999827e+04
2.100000000000000130e-02 1.226093035486426608e+01 1.725815729999999894e+04 1.727379859999999826e+04
2.400000000000000050e-02 1.131894185486426707e+01 1.725721949999999924e+04 1.727174420000000100e+04
2.699999999999999969e-02 1.038243425486426652e+01 1.725629139999999825e+04 1.726969840000000113e+04
2.999999999999999889e-02 9.473166734864266303e+00 1.725539649999999892e+04 1.726771050000000105e+04
3.300000000000000155e-02 8.607954994864266851e+00 1.725455299999999988e+04 1.726581880000000092e+04
3.599999999999999728e-02 7.798889484864266031e+00 1.725377419999999984e+04 1.726405159999999887e+04
3.899999999999999994e-02 7.053717304864266069e+00 1.725306840000000011e+04 1.726242729999999938e+04
4.200000000000000261e-02 6.376349934864266267e+00 1.725243990000000122e+04 1.726095560000000114e+04
4.499999999999999833e-02 5.767470804864266221e+00 1.725188910000000033e+04 1.725963920000000144e+04
4.800000000000000100e-02 5.240922034864266443e+00 1.725143159999999989e+04 1.725851060000000143e+04
5.399999999999999939e-02 4.337333484864266175e+00 1.725068470000000161e+04 1.725659690000000046e+04
5.999999999999999778e-02 3.642063844864266375e+00 1.725016939999999886e+04 1.725516349999999875e+04
6.600000000000000311e-02 3.109329724864266620e+00 1.724982969999999841e+04 1.725410559999999896e+04
7.199999999999999456e-02 2.697466194864266420e+00 1.724961430000000109e+04 1.725332509999999820e+04
7.799999999999999989e-02 2.372839744864266631e+00 1.724948199999999997e+04 1.725274160000000120e+04
8.400000000000000522e-02 2.110404994864266470e+00 1.724940260000000126e+04 1.725229469999999856e+04
8.999999999999999667e-02 1.892577384864266632e+00 1.724935599999999977e+04 1.725194220000000132e+04
9.600000000000000200e-02 1.713758614864266727e+00 1.724933239999999932e+04 1.725166809999999896e+04
1.079999999999999988e-01 1.411292134864266634e+00 1.724931000000000131e+04 1.725122360000000117e+04
1.199999999999999956e-01 1.176506934864266718e+00 1.724931139999999868e+04 1.725089990000000034e+04
1.320000000000000062e-01 9.908591658642666999e-01 1.724932479999999850e+04 1.725065810000000056e+04
1.439999999999999891e-01 8.428487878642666464e-01 1.724934389999999985e+04 1.725047520000000077e+04
1.559999999999999998e-01 7.237130468642667402e-01 1.724936449999999968e+04 1.725033469999999943e+04
1.680000000000000104e-01 6.261659678642667037e-01 1.724938260000000082e+04 1.725022249999999985e+04
1.799999999999999933e-01 5.444136128642667050e-01 1.724939530000000013e+04 1.725012659999999960e+04
1.920000000000000040e-01 4.761899228642667015e-01 1.724939879999999903e+04 1.725003960000000006e+04
2.159999999999999976e-01 3.583301538642666983e-01 1.724939040000000023e+04 1.724987329999999929e+04
2.399999999999999911e-01 2.664517228642667157e-01 1.724936699999999837e+04 1.724972560000000158e+04
2.640000000000000124e-01 1.995421778642666732e-01 1.724933729999999923e+04 1.724960680000000139e+04
2.879999999999999782e-01 1.532192678642666783e-01 1.724930350000000180e+04 1.724951420000000144e+04
3.119999999999999996e-01 1.208367878642666593e-01 1.724926819999999861e+04 1.724943779999999970e+04
3.360000000000000209e-01 9.648617216426666476e-02 1.724923779999999897e+04 1.724937450000000172e+04
3.599999999999999867e-01 7.770005336426666354e-02 1.724921129999999903e+04 1.724932110000000102e+04
3.840000000000000080e-01 6.579706106426666534e-02 1.724918110000000161e+04 1.724927319999999963e+04
4.319999999999999951e-01 4.657072076426666679e-02 1.724911939999999959e+04 1.724918590000000040e+04
4.799999999999999822e-01 3.058470406426666566e-02 1.724906120000000010e+04 1.724910810000000129e+04
5.280000000000000249e-01 1.947555126426666477e-02 1.724899780000000101e+04 1.724902820000000065e+04
5.759999999999999565e-01 9.748188464266666423e-03 1.724893270000000120e+04 1.724894399999999951e+04
6.239999999999999991e-01 8.155620884266667411e-03 1.724887370000000010e+04 1.724887979999999880e+04
6.720000000000000417e-01 6.269030224266666958e-03 1.724882749999999942e+04 1.724882939999999871e+04
7.199999999999999734e-01 4.030763154266666856e-03 1.724878419999999824e+04 1.724878729999999996e+04
7.680000000000000160e-01 4.523710864266667145e-03 1.724872959999999875e+04 1.724873879999999917e+04
8.639999999999999902e-01 1.491073044266666599e-03 1.724863320000000022e+04 1.724864040000000023e+04
9.599999999999999645e-01 -4.382296655733333018e-03 1.724854479999999967e+04 1.724854990000000180e+04
1.056000000000000050e+00 5.524991742666667677e-04 1.724846440000000075e+04 1.724847090000000026e+04
1.151999999999999913e+00 -7.529885377333333466e-04 1.724838880000000063e+04 1.724839199999999983e+04
1.247999999999999998e+00 4.334990562666666777e-04 1.724831720000000132e+04 1.724832530000000042e+04
1.344000000000000083e+00 1.967149384266666731e-03 1.724825549999999930e+04 1.724826190000000133e+04
1.439999999999999947e+00 9.446289442666666852e-04 1.724820309999999881e+04 1.724821029999999882e+04
1.536000000000000032e+00 -1.964733335733333253e-03 1.724814189999999871e+04 1.724814610000000175e+04
1.727999999999999980e+00 -5.442849405733333687e-03 1.724803289999999834e+04 1.724802769999999873e+04
1.919999999999999929e+00 -7.940687747333332464e-04 1.724795089999999982e+04 1.724795669999999882e+04
2.112000000000000099e+00 1.846185894266666547e-03 1.724786960000000181e+04 1.724787289999999848e+04
2.303999999999999826e+00 2.591456964266666742e-03 1.724780129999999917e+04 1.724779999999999927e+04
2.495999999999999996e+00 6.645815542666666607e-04 1.724775330000000031e+04 1.724775670000000173e+04
2.688000000000000167e+00 -4.294138895733333287e-03 1.724770219999999972e+04 1.724769719999999870e+04
2.879999999999999893e+00 -6.083743847333333669e-04 1.724766419999999925e+04 1.724766719999999987e+04
3.072000000000000064e+00 -1.175751640733333414e-03 1.724762689999999930e+04 1.724762919999999940e+04
3.455999999999999961e+00 1.370224404266666765e-03 1.724756910000000062e+04 1.724757509999999820e+04
3.839999999999999858e+00 -5.863789057333333070e-04 1.724752360000000044e+04 1.724752660000000105e+04
4.224000000000000199e+00 1.384903104266666744e-03 1.724748839999999836e+04 1.724749309999999969e+04
4.607999999999999652e+00 -3.863920811333332837e-04 1.724746500000000015e+04 1.724746459999999934e+04
4.991999999999999993e+00 -1.059712305733333379e-03 1.724744310000000041e+04 1.724744169999999940e+04
5.376000000000000334e+00 -1.927907837333333067e-04 1.724742469999999958e+04 1.724743389999999999e+04
5.759999999999999787e+00 -4.287079265733333838e-03 1.724741969999999856e+04 1.724741890000000058e+04
6.144000000000000128e+00 4.027307802666666684e-04 1.724741189999999915e+04 1.724741359999999986e+04
6.911999999999999922e+00 -1.921578205733333322e-03 1.724739640000000145e+04 1.724739300000000003e+04
7.679999999999999716e+00 -3.299797137333332787e-04 1.724738780000000042e+04 1.724739040000000023e+04
8.448000000000000398e+00 9.675297426666671632e-05 1.724738130000000092e+04 1.724738220000000001e+04
9.215999999999999304e+00 5.053190022666668394e-04 1.724737900000000081e+04 1.724737819999999920e+04
9.983999999999999986e+00 -2.297742477333333041e-04 1.724737629999999990e+04 1.724737730000000010e+04
1.075200000000000067e+01 -2.076324965733333198e-03 1.724737329999999929e+04 1.724736860000000161e+04
1.151999999999999957e+01 3.022780284266666714e-03 1.724737450000000172e+04 1.724737949999999910e+04
1.228800000000000026e+01 9.462849342666667784e-04 1.724736920000000100e+04 1.724737150000000111e+04
1.382399999999999984e+01 -1.067966753733333397e-03 1.724736950000000070e+04 1.724736860000000161e+04
1.535999999999999943e+01 -4.664930167433332898e-04 1.724737689999999930e+04 1.724737719999999899e+04
1.689600000000000080e+01 -5.841568857333333123e-04 1.724738379999999961e+04 1.724738769999999931e+04
1.843199999999999861e+01 -7.105341877333332980e-04 1.724737789999999950e+04 1.724737710000000152e+04
1.996799999999999997e+01 -2.177312005733333337e-03 1.724737289999999848e+04 1.724737150000000111e+04
2.150400000000000134e+01 6.663753342666667301e-04 1.724736890000000130e+04 1.724736920000000100e+04
2.303999999999999915e+01 1.214924064266666680e-03 1.724736779999999999e+04 1.724736799999999857e+04
2.457600000000000051e+01 4.464662982666666997e-04 1.724736079999999856e+04 1.724736330000000089e+04
2.764799999999999969e+01 7.855680242666667444e-04 1.724736609999999928e+04 1.724736820000000080e+04
3.071999999999999886e+01 -1.710263385733333356e-03 1.724737180000000080e+04 1.724737010000000009e+04
3.379200000000000159e+01 8.170143342666666680e-04 1.724737819999999920e+04 1.724738019999999960e+04
3.686399999999999721e+01 -4.674690405733333007e-04 1.724738070000000153e+04 1.724738039999999819e+04
3.993599999999999994e+01 -1.336025509733333250e-03 1.724737399999999980e+04 1.724737450000000172e+04
4.300800000000000267e+01 1.675399814266666839e-03 1.724737700000000041e+04 1.724738130000000092e+04
4.607999999999999829e+01 1.649214614266666587e-03 1.724738390000000072e+04 1.724739159999999902e+04
4.915200000000000102e+01 1.117417324266666793e-03 1.724738829999999871e+04 1.724739110000000073e+04
5.529599999999999937e+01 6.609039542666667825e-04 1.724738060000000041e+04 1.724738119999999981e+04
6.143999999999999773e+01 2.605447432666667244e-04 1.724738639999999941e+04 1.724738560000000143e+04
6.758400000000000318e+01 6.915233842666667578e-04 1.724738680000000022e+04 1.724738650000000052e+04
7.372799999999999443e+01 -3.591780887333333259e-04 1.724738920000000144e+04 1.724738859999999841e+04
7.987199999999999989e+01 -1.021577646733333412e-03 1.724738509999999951e+04 1.724738409999999931e+04
8.601600000000000534e+01 9.474711042666667752e-04 1.724738940000000002e+04 1.724739280000000144e+04
9.215999999999999659e+01 -2.382001007333333124e-04 1.724738910000000033e+04 1.724738980000000083e+04
9.830400000000000205e+01 4.529225126666665225e-05 1.724739479999999821e+04 1.724739570000000094e+04
1.105919999999999987e+02 3.492484126666671419e-05 1.724737979999999880e+04 1.724738030000000072e+04
1.228799999999999955e+02 -3.733081733333330765e-06 1.724736309999999867e+04 1.724736339999999836e+04
1.351680000000000064e+02 -4.574313917333333308e-04 1.724737700000000041e+04 1.724737789999999950e+04
1.474559999999999889e+02 -6.152813357333333528e-04 1.724737570000000051e+04 1.724737559999999939e+04
1.597439999999999998e+02 3.531584082666666311e-04 1.724737329999999929e+04 1.724737450000000172e+04
1.720320000000000107e+02 -3.063624137333333108e-04 1.724736309999999867e+04 1.724736119999999937e+04
1.843199999999999932e+02 -2.346720273333331936e-05 1.724736579999999958e+04 1.724736490000000049e+04
1.966080000000000041e+02 3.367843142666666922e-04 1.724736070000000109e+04 1.724736189999999988e+04
2.211839999999999975e+02 -2.523114727333333447e-04 1.724734909999999945e+04 1.724735039999999935e+04
2.457599999999999909e+02 3.955064582666666432e-04 1.724733720000000176e+04 1.724733759999999893e+04
2.703360000000000127e+02 -8.111374657333333786e-04 1.724734530000000086e+04 1.724734490000000005e+04
2.949119999999999777e+02 -9.510374273333330620e-05 1.724737710000000152e+04 1.724737689999999930e+04
3.194879999999999995e+02 1.247379226666670091e-05 1.724737470000000030e+04 1.724737450000000172e+04
3.440640000000000214e+02 1.361995502666666388e-04 1.724736430000000109e+04 1.724736479999999938e+04
3.686399999999999864e+02 -2.145273877333333428e-04 1.724736400000000140e+04 1.724736409999999887e+04
3.932160000000000082e+02 -1.114627547333333366e-04 1.724737029999999868e+04 1.724737110000000030e+04
4.423679999999999950e+02 -5.547155873333333397e-05 1.724735139999999956e+04 1.724735190000000148e+04
4.915199999999999818e+02 1.367294582666666778e-04 1.724735269999999946e+04 1.724735359999999855e+04
5.406720000000000255e+02 2.023034282666666818e-04 1.724733910000000105e+04 1.724733989999999903e+04
5.898239999999999554e+02 2.086317752666667024e-04 1.724736309999999867e+04 1.724736460000000079e+04
6.389759999999999991e+02 3.584706942666667276e-04 1.724732809999999881e+04 1.724732900000000154e+04
6.881280000000000427e+02 1.777092526666668474e-05 1.724737589999999909e+04 1.724737610000000132e+04
7.372799999999999727e+02 -4.916760054333332809e-04 1.724736160000000018e+04 1.724736200000000099e+04
7.864320000000000164e+02 -2.326938673333331549e-05 1.724732649999999921e+04 1.724732709999999861e+04
8.847359999999999900e+02 -9.520551273333333758e-05 1.724724020000000019e+04 1.724724060000000100e+04
9.830399999999999636e+02 3.346276092666666791e-04 1.724721310000000085e+04 1.724721489999999903e+04
1.081339999999999918e+03 -2.997103733333309535e-06 1.724720219999999972e+04 1.724720290000000023e+04
1.179650000000000091e+03 1.491958122666667123e-04 1.724717729999999938e+04 1.724717810000000100e+04
1.277950000000000045e+03 -2.002695287333333099e-04 1.724720409999999902e+04 1.724720449999999983e+04
1.376259999999999991e+03 2.788671892666666550e-04 1.724722980000000098e+04 1.724723080000000118e+04
1.474559999999999945e+03 -2.141991377333332973e-04 1.724723549999999886e+04 1.724723609999999826e+04
1.572859999999999900e+03 -2.315107333333431446e-07 1.724725189999999930e+04 1.724725279999999839e+04
1.769470000000000027e+03 -1.590151037333333191e-04 1.724729009999999835e+04 1.724729030000000057e+04
1.966079999999999927e+03 -1.504925733333297138e-06 1.724733280000000013e+04 1.724733339999999953e+04
2.162690000000000055e+03 9.439833126666669896e-05 1.724738209999999890e+04 1.724738290000000052e+04
2.359300000000000182e+03 1.409568582666666909e-04 1.724733589999999822e+04 1.724733659999999873e+04
2.555900000000000091e+03 1.014263192666667074e-04 1.724735570000000007e+04 1.724735640000000058e+04
2.752510000000000218e+03 1.087026912666667010e-04 1.724737380000000121e+04 1.724737429999999949e+04
2.949119999999999891e+03 -1.722642673333330855e-05 1.724745349999999962e+04 1.724745390000000043e+04
3.145730000000000018e+03 1.370553772666667134e-04 1.724742510000000038e+04 1.724742589999999836e+04
3.538940000000000055e+03 -1.163962337333333081e-04 1.724731989999999860e+04 1.724732050000000163e+04
3.932159999999999854e+03 2.616974026666663662e-05 1.724725070000000051e+04 1.724725140000000101e+04
4.325380000000000109e+03 1.773552172666666518e-04 1.724709370000000126e+04 1.724709470000000147e+04
4.718590000000000146e+03 8.795096726666671574e-05 1.724706710000000021e+04 1.724706799999999930e+04
5.111810000000000400e+03 7.687623826666667827e-05 1.724708190000000104e+04 1.724708250000000044e+04
5.505020000000000437e+03 -3.400791773333329895e-05 1.724707619999999952e+04 1.724707670000000144e+04
5.898239999999999782e+03 7.052819426666664991e-05 1.724702779999999984e+04 1.724702880000000005e+04
6.291460000000000036e+03 -3.327544873333329687e-05 1.724702110000000175e+04 1.724702160000000003e+04
7.077890000000000327e+03 2.693501526666663244e-05 1.724700730000000112e+04 1.724700809999999910e+04
7.864319999999999709e+03 2.562313026666665711e-05 1.724698089999999866e+04 1.724698159999999916e+04
8.650750000000000000e+03 -4.094713873333330608e-05 1.724701880000000165e+04 1.724701949999999852e+04
9.437180000000000291e+03 -4.036306733333299389e-06 1.724687159999999858e+04 1.724687240000000020e+04
1.022360000000000036e+04 -1.238433673333332388e-05 1.724677569999999832e+04 1.724677630000000136e+04
1.101000000000000000e+04 -2.701253273333333645e-05 1.724670479999999952e+04 1.724670550000000003e+04
1.179650000000000000e+04 -2.347254773333332057e-05 1.724650000000000000e+04 1.724650080000000162e+04
1.258289999999999964e+04 -4.162274673333331895e-05 1.724652149999999892e+04 1.724652219999999943e+04
1.415579999999999927e+04 -1.923916973333334194e-05 1.724648380000000179e+04 1.724648440000000119e+04
1.572860000000000036e+04 -1.188374073333330798e-05 1.724654669999999896e+04 1.724654739999999947e+04
1.730150000000000000e+04 -5.295262673333329864e-05 1.724627249999999913e+04 1.724627309999999852e+04
1.887440000000000146e+04 -4.022694573333331167e-05 1.724596250000000146e+04 1.724596299999999974e+04
2.044720000000000073e+04 -5.556312073333333429e-05 1.724577969999999914e+04 1.724578020000000106e+04
2.202009999999999854e+04 -1.765840373333331772e-05 1.724568730000000141e+04 1.724568779999999970e+04
2.359300000000000000e+04 1.665429726666669283e-05 1.724562879999999859e+04 1.724562940000000162e+04
2.516579999999999927e+04 -3.660780473333332579e-05 1.724537210000000050e+04 1.724537269999999990e+04
2.831159999999999854e+04 -7.305996673333329779e-05 1.724510729999999967e+04 1.724510789999999906e+04
3.145729999999999927e+04 -1.002460527333333407e-04 1.724513079999999900e+04 1.724513130000000092e+04
3.460300000000000000e+04 5.839876266666699494e-06 1.724485420000000158e+04 1.724485480000000098e+04
3.774869999999999709e+04 -4.760394973333333026e-05 1.724504330000000118e+04 1.724504379999999946e+04
4.089450000000000000e+04 -4.524864773333334405e-05 1.724456239999999889e+04 1.724456279999999970e+04
4.404019999999999709e+04 -1.321812733333306740e-06 1.724446589999999924e+04 1.724446640000000116e+04
4.718590000000000146e+04 -1.735385273333333494e-05 1.724443700000000172e+04 1.724443760000000111e+04
5.033159999999999854e+04 -8.823230733333298215e-06 1.724418270000000120e+04 1.724418319999999949e+04
5.662309999999999854e+04 -4.763279473333332202e-05 1.724430689999999959e+04 1.724430740000000151e+04
6.291459999999999854e+04 -4.903789773333329426e-05 1.724398979999999938e+04 1.724399030000000130e+04
6.920600000000000000e+04 -8.601835573333329547e-05 1.724427890000000116e+04 1.724427939999999944e+04
7.549750000000000000e+04 -8.987669733333313125e-06 1.724468530000000101e+04 1.724468590000000040e+04
8.178889999999999418e+04 -4.126652173333332898e-05 1.724510770000000048e+04 1.724510829999999987e+04
8.808039999999999418e+04 -3.478572733333316902e-06 1.724543600000000151e+04 1.724543669999999838e+04
9.437180000000000291e+04 1.210760026666669268e-05 1.724625670000000173e+04 1.724625730000000112e+04
1.006630000000000000e+05 1.296998266666672412e-06 1.724683710000000065e+04 1.724683770000000004e+04
1.132460000000000000e+05 2.063159266666705818e-06 1.724844930000000022e+04 1.724844979999999850e+04
1.258290000000000000e+05 -5.898328073333330935e-05 1.725109349999999904e+04 1.725109419999999955e+04
1.384120000000000000e+05 3.437522626666670742e-05 1.725266259999999966e+04 1.725266349999999875e+04
1.509950000000000000e+05 8.315271126666667770e-05 1.725578580000000147e+04 1.725578659999999945e+04
1.635780000000000000e+05 9.754853626666668822e-05 1.725663399999999820e+04 1.725663460000000123e+04
1.761610000000000000e+05 7.368409226666665932e-05 1.726138430000000153e+04 1.726138509999999951e+04
