0.000000000000000000e+00 1.720337219603614898e+01 1.725069080000000031e+04 1.727198790000000008e+04
3.000000000000000062e-03 1.708601419603614957e+01 1.725057770000000164e+04 1.727174150000000009e+04
6.000000000000000125e-03 1.674204109603615009e+01 1.725024580000000060e+04 1.727101849999999831e+04
8.999999999999999320e-03 1.619407249603614929e+01 1.724971580000000176e+04 1.726986370000000170e+04
1.200000000000000025e-02 1.547525059603615105e+01 1.724901870000000054e+04 1.726834370000000126e+04
1.499999999999999944e-02 1.462442929603615127e+01 1.724819159999999829e+04 1.726653779999999824e+04
1.799999999999999864e-02 1.368180069603615046e+01 1.724727379999999903e+04 1.726452960000000166e+04
2.100000000000000130e-02 1.268561129603615001e+01 1.724630359999999928e+04 1.726240000000000146e+04
2.400000000000000050e-02 1.167006629603615053e+01 1.724531599999999889e+04 1.726022260000000097e+04
2.699999999999999969e-02 1.066422049603615108e+01 1.724434130000000005e+04 1.725806120000000010e+04
2.999999999999999889e-02 9.691563016036150557e+00 1.724340420000000086e+04 1.725596779999999853e+04
3.300000000000000155e-02 8.770038516036150256e+00 1.724252390000000014e+04 1.725398280000000159e+04
3.599999999999999728e-02 7.912329506036149596e+00 1.724171399999999994e+04 1.725213539999999921e+04
3.899999999999999994e-02 7.126309166036150167e+00 1.724098280000000159e+04 1.725044410000000062e+04
4.200000000000000261e-02 6.415628326036149964e+00 1.724033429999999862e+04 1.724891830000000118e+04
4.499999999999999833e-02 5.780411726036149389e+00 1.723976859999999942e+04 1.724755949999999939e+04
4.800000000000000100e-02 5.235073386036149579e+00 1.723930140000000029e+04 1.724640120000000024e+04
5.399999999999999939e-02 4.305901166036149696e+00 1.723854320000000007e+04 1.724444789999999921e+04
5.999999999999999778e-02 3.599420406036149878e+00 1.723802600000000166e+04 1.724299820000000182e+04
6.600000000000000311e-02 3.063920406036150013e+00 1.723768920000000071e+04 1.724193690000000061e+04
7.199999999999999456e-02 2.653455576036150010e+00 1.723747859999999855e+04 1.724115880000000107e+04
7.799999999999999989e-02 2.331705936036149840e+00 1.723735099999999875e+04 1.724057939999999871e+04
8.400000000000000522e-02 2.072173176036149922e+00 1.723727549999999974e+04 1.724013609999999971e+04
8.999999999999999667e-02 1.856659776036149845e+00 1.723723180000000139e+04 1.723978610000000117e+04
9.600000000000000200e-02 1.679357686036149877e+00 1.723721010000000024e+04 1.723951320000000123e+04
1.079999999999999988e-01 1.379186326036149879e+00 1.723719029999999839e+04 1.723907040000000052e+04
1.199999999999999956e-01 1.147038006036149804e+00 1.723719310000000041e+04 1.723874899999999980e+04
1.320000000000000062e-01 9.654118030361499292e-01 1.723720650000000023e+04 1.723851080000000002e+04
1.439999999999999891e-01 8.221304680361499750e-01 1.723722369999999864e+04 1.723833130000000165e+04
1.559999999999999998e-01 7.071411720361499009e-01 1.723723979999999938e+04 1.723819120000000112e+04
1.680000000000000104e-01 6.122868430361498859e-01 1.723725089999999909e+04 1.723807500000000073e+04
1.799999999999999933e-01 5.315509270361499228e-01 1.723725549999999930e+04 1.723797179999999935e+04
1.920000000000000040e-01 4.630128050361499437e-01 1.723725249999999869e+04 1.723787740000000122e+04
2.159999999999999976e-01 3.442708190361499221e-01 1.723723449999999866e+04 1.723770130000000063e+04
2.399999999999999911e-01 2.507236120361499565e-01 1.723719930000000022e+04 1.723754320000000007e+04
2.640000000000000124e-01 1.805681840361499091e-01 1.723715710000000036e+04 1.723741170000000056e+04
2.879999999999999782e-01 1.329107630361499037e-01 1.723712240000000020e+04 1.723731780000000072e+04
3.119999999999999996e-01 1.019226260361499187e-01 1.723708899999999994e+04 1.723724520000000120e+04
3.360000000000000209e-01 8.102111223614992530e-02 1.723705129999999917e+04 1.723717949999999837e+04
3.599999999999999867e-01 6.726975643614992173e-02 1.723701859999999942e+04 1.723712549999999828e+04
3.840000000000000080e-01 5.614981623614992423e-02 1.723698919999999998e+04 1.723707869999999821e+04
4.319999999999999951e-01 4.205137483614992261e-02 1.723691449999999895e+04 1.723698080000000118e+04
4.799999999999999822e-01 3.144257613614992453e-02 1.723684089999999924e+04 1.723688479999999981e+04
5.280000000000000249e-01 2.500734363614992226e-02 1.723677030000000013e+04 1.723680500000000029e+04
5.759999999999999565e-01 1.644827293614992483e-02 1.723669879999999830e+04 1.723672799999999916e+04
6.239999999999999991e-01 9.631113336149922308e-03 1.723663850000000093e+04 1.723665269999999873e+04
6.720000000000000417e-01 6.460974786149922475e-03 1.723658490000000165e+04 1.723659389999999985e+04
7.199999999999999734e-01 3.065362516149922577e-03 1.723651840000000084e+04 1.723652809999999954e+04
7.680000000000000160e-01 5.352372561499222758e-04 1.723645880000000034e+04 1.723646909999999843e+04
8.639999999999999902e-01 1.734096096149922517e-03 1.723636539999999877e+04 1.723637679999999818e+04
9.599999999999999645e-01 4.588983826149922382e-03 1.723627509999999893e+04 1.723628889999999956e+04
1.056000000000000050e+00 2.311879961499226348e-04 1.723618260000000009e+04 1.723619629999999961e+04
1.151999999999999913e+00 7.187362916149922509e-03 1.723609960000000137e+04 1.723611909999999989e+04
1.247999999999999998e+00 1.927296526149922242e-03 1.723603039999999964e+04 1.723604620000000068e+04
1.344000000000000083e+00 3.654323826149922030e-03 1.723597130000000107e+04 1.723598559999999998e+04
1.439999999999999947e+00 3.430818246149922035e-03 1.723589900000000125e+04 1.723590910000000076e+04
1.536000000000000032e+00 2.592629076149922246e-03 1.723583669999999984e+04 1.723584519999999975e+04
1.727999999999999980e+00 4.649539766149922426e-03 1.723573280000000159e+04 1.723574550000000090e+04
1.919999999999999929e+00 4.691119746149921901e-03 1.723564329999999973e+04 1.723565290000000095e+04
2.112000000000000099e+00 3.473835966149921989e-03 1.723554929999999877e+04 1.723555670000000100e+04
2.303999999999999826e+00 1.513095936149922447e-03 1.723548010000000068e+04 1.723548519999999917e+04
2.495999999999999996e+00 -2.049944430850077562e-03 1.723541340000000127e+04 1.723541509999999835e+04
2.688000000000000167e+00 -4.596545813850077232e-03 1.723536560000000100e+04 1.723536939999999959e+04
2.879999999999999893e+00 3.029706661499223953e-04 1.723531980000000112e+04 1.723532660000000033e+04
3.072000000000000064e+00 -2.151326238500775399e-04 1.723527890000000116e+04 1.723528749999999854e+04
3.455999999999999961e+00 1.205619476149922447e-03 1.723521159999999873e+04 1.723521719999999914e+04
3.839999999999999858e+00 4.966423936149922530e-03 1.723516600000000108e+04 1.723518149999999878e+04
4.224000000000000199e+00 -8.968548538500775453e-04 1.723513699999999881e+04 1.723513820000000123e+04
4.607999999999999652e+00 4.445298861499222525e-04 1.723510710000000108e+04 1.723510510000000068e+04
4.991999999999999993e+00 -2.921695538500776717e-04 1.723509270000000106e+04 1.723509669999999824e+04
5.376000000000000334e+00 -1.320390560850077596e-03 1.723507500000000073e+04 1.723508329999999842e+04
5.759999999999999787e+00 1.563903226149922525e-03 1.723506539999999950e+04 1.723507149999999820e+04
6.144000000000000128e+00 -2.179526248850077470e-03 1.723505540000000110e+04 1.723505389999999898e+04
6.911999999999999922e+00 -1.334807038500776706e-04 1.723503499999999985e+04 1.723503830000000016e+04
7.679999999999999716e+00 -6.069814038500776551e-04 1.723502880000000005e+04 1.723503419999999824e+04
8.448000000000000398e+00 1.027635906149922508e-03 1.723502690000000075e+04 1.723502820000000065e+04
9.215999999999999304e+00 -9.576565385007763942e-05 1.723502240000000165e+04 1.723502049999999872e+04
9.983999999999999986e+00 1.321267346149922412e-03 1.723502439999999842e+04 1.723502790000000095e+04
1.075200000000000067e+01 -6.528927838500774797e-04 1.723502230000000054e+04 1.723502430000000095e+04
1.151999999999999957e+01 7.218754061499223652e-04 1.723501910000000134e+04 1.723501800000000003e+04
1.228800000000000026e+01 -1.559591286850077474e-03 1.723501800000000003e+04 1.723502059999999983e+04
1.382399999999999984e+01 1.947339556149922527e-03 1.723501009999999951e+04 1.723501239999999962e+04
1.535999999999999943e+01 8.571847961499222315e-04 1.723500930000000153e+04 1.723501290000000154e+04
1.689600000000000080e+01 -1.599328451850077657e-03 1.723500899999999820e+04 1.723501150000000052e+04
1.843199999999999861e+01 -2.071990638500774938e-04 1.723501800000000003e+04 1.723502149999999892e+04
1.996799999999999997e+01 -9.556847718500776061e-04 1.723500930000000153e+04 1.723501099999999860e+04
2.150400000000000134e+01 4.758917961499222350e-04 1.723499759999999878e+04 1.723500279999999839e+04
2.303999999999999915e+01 -1.752533683950077475e-03 1.723499490000000151e+04 1.723500049999999828e+04
2.457600000000000051e+01 -5.781258238500776477e-04 1.723500419999999940e+04 1.723500839999999880e+04
2.764799999999999969e+01 9.655800614992242868e-05 1.723501090000000113e+04 1.723501250000000073e+04
3.071999999999999886e+01 1.484435696149922308e-03 1.723501269999999931e+04 1.723501789999999892e+04
3.379200000000000159e+01 -2.416256338500775459e-04 1.723501979999999821e+04 1.723502339999999822e+04
3.686399999999999721e+01 8.378468614992241187e-05 1.723500649999999951e+04 1.723501069999999891e+04
3.993599999999999994e+01 1.415181026149922453e-03 1.723499989999999889e+04 1.723500440000000162e+04
4.300800000000000267e+01 -6.444456538500775971e-04 1.723500189999999930e+04 1.723500449999999910e+04
4.607999999999999829e+01 -4.949198038500775623e-04 1.723500939999999900e+04 1.723501220000000103e+04
4.915200000000000102e+01 1.279922396149922289e-03 1.723501819999999861e+04 1.723502339999999822e+04
5.529599999999999937e+01 5.459132161499222636e-04 1.723502040000000125e+04 1.723502439999999842e+04
6.143999999999999773e+01 9.622619461499223609e-04 1.723504820000000109e+04 1.723505140000000029e+04
6.758400000000000318e+01 9.706306461499225168e-04 1.723504609999999957e+04 1.723505029999999897e+04
7.372799999999999443e+01 3.163068561499225804e-04 1.723505559999999969e+04 1.723506000000000131e+04
7.987199999999999989e+01 -5.078850538500776293e-04 1.723504999999999927e+04 1.723505089999999836e+04
8.601600000000000534e+01 1.104103886149922263e-03 1.723505930000000080e+04 1.723506490000000122e+04
9.215999999999999659e+01 2.631296061499225399e-04 1.723505129999999917e+04 1.723505689999999959e+04
9.830400000000000205e+01 5.873955161499226033e-04 1.723504799999999886e+04 1.723505310000000100e+04
1.105919999999999987e+02 1.814306461499226326e-04 1.723504109999999855e+04 1.723504599999999846e+04
1.228799999999999955e+02 -2.586076438500775274e-04 1.723504460000000108e+04 1.723504820000000109e+04
1.351680000000000064e+02 2.471903614992233475e-05 1.723504609999999957e+04 1.723504899999999907e+04
1.474559999999999889e+02 4.038846461499226003e-04 1.723503510000000097e+04 1.723503740000000107e+04
1.597439999999999998e+02 -5.015298385007750138e-05 1.723502569999999832e+04 1.723503039999999964e+04
1.720320000000000107e+02 8.153647661499226467e-04 1.723502100000000064e+04 1.723502639999999883e+04
1.843199999999999932e+02 4.312342614992237082e-05 1.723501529999999912e+04 1.723501880000000165e+04
1.966080000000000041e+02 -3.717316838500776214e-04 1.723500960000000123e+04 1.723501250000000073e+04
2.211839999999999975e+02 -2.466272138500775341e-04 1.723501310000000012e+04 1.723501610000000073e+04
2.457599999999999909e+02 2.257515661499224623e-04 1.723499150000000009e+04 1.723499510000000009e+04
2.703360000000000127e+02 3.619264761499224863e-04 1.723500219999999899e+04 1.723500639999999839e+04
2.949119999999999777e+02 2.775953614992244904e-05 1.723500590000000011e+04 1.723500920000000042e+04
3.194879999999999995e+02 1.031736186149922628e-03 1.723500749999999971e+04 1.723501239999999962e+04
3.440640000000000214e+02 6.331527614992235944e-05 1.723500930000000153e+04 1.723501290000000154e+04
3.686399999999999864e+02 9.351861461499224194e-04 1.723501770000000033e+04 1.723502179999999862e+04
3.932160000000000082e+02 1.322251761499224770e-04 1.723503970000000118e+04 1.723504309999999896e+04
4.423679999999999950e+02 5.828570861499224754e-04 1.723502300000000105e+04 1.723502699999999822e+04
4.915199999999999818e+02 3.103444614992244104e-05 1.723500939999999900e+04 1.723501290000000154e+04
5.406720000000000255e+02 3.530862961499223619e-04 1.723498040000000037e+04 1.723498489999999947e+04
5.898239999999999554e+02 1.331434561499223682e-04 1.723497130000000107e+04 1.723497460000000137e+04
6.389759999999999991e+02 1.061775661499223498e-04 1.723499910000000091e+04 1.723500319999999920e+04
6.881280000000000427e+02 -1.019907638500775274e-04 1.723502230000000054e+04 1.723502620000000024e+04
7.372799999999999727e+02 -4.854354385007766948e-05 1.723501440000000002e+04 1.723501819999999861e+04
7.864320000000000164e+02 -3.693335385007755559e-05 1.723511279999999897e+04 1.723511639999999898e+04
8.847359999999999900e+02 3.820882561499222823e-04 1.723512580000000162e+04 1.723512949999999910e+04
9.830399999999999636e+02 -1.271584385007765335e-05 1.723509119999999893e+04 1.723509530000000086e+04
1.081339999999999918e+03 -3.230374438500775453e-04 1.723507509999999820e+04 1.723507830000000104e+04
1.179650000000000091e+03 1.356757614992239527e-05 1.723509400000000096e+04 1.723509709999999905e+04
1.277950000000000045e+03 5.668046614992240662e-05 1.723508109999999942e+04 1.723508450000000084e+04
1.376259999999999991e+03 8.915622614992253087e-05 1.723506350000000020e+04 1.723506750000000102e+04
1.474559999999999945e+03 -2.092576385007757084e-05 1.723502760000000126e+04 1.723503059999999823e+04
1.572859999999999900e+03 7.399691614992241935e-05 1.723500279999999839e+04 1.723500600000000122e+04
1.769470000000000027e+03 5.898742614992235310e-05 1.723505029999999897e+04 1.723505389999999898e+04
1.966079999999999927e+03 2.974855761499223695e-04 1.723511960000000181e+04 1.723512320000000182e+04
2.162690000000000055e+03 1.166833061499224916e-04 1.723508320000000094e+04 1.723508680000000095e+04
2.359300000000000182e+03 2.865332161499222364e-04 1.723505849999999919e+04 1.723506239999999889e+04
2.555900000000000091e+03 1.251416361499225072e-04 1.723500649999999951e+04 1.723501030000000173e+04
2.752510000000000218e+03 8.123767614992235576e-05 1.723494900000000052e+04 1.723495249999999942e+04
2.949119999999999891e+03 -9.739328385007764606e-05 1.723495179999999891e+04 1.723495520000000033e+04
3.145730000000000018e+03 3.026401614992244374e-05 1.723496470000000045e+04 1.723496809999999823e+04
3.538940000000000055e+03 1.407004161499223610e-04 1.723498809999999867e+04 1.723499179999999978e+04
3.932159999999999854e+03 2.225513961499226302e-04 1.723506769999999960e+04 1.723507170000000042e+04
4.325380000000000109e+03 1.016523161499224663e-04 1.723511230000000069e+04 1.723511579999999958e+04
4.718590000000000146e+03 4.418196614992234324e-05 1.723518879999999990e+04 1.723519229999999880e+04
5.111810000000000400e+03 7.825783614992250052e-05 1.723525460000000021e+04 1.723525860000000102e+04
5.505020000000000437e+03 1.593265261499224577e-04 1.723518509999999878e+04 1.723518899999999849e+04
5.898239999999999782e+03 1.003439761499225289e-04 1.723521310000000085e+04 1.723521679999999833e+04
6.291460000000000036e+03 9.859749614992232604e-05 1.723530010000000038e+04 1.723530370000000039e+04
7.077890000000000327e+03 5.594533614992252060e-05 1.723545009999999820e+04 1.723545360000000073e+04
7.864319999999999709e+03 1.329455461499223605e-04 1.723543439999999828e+04 1.723543799999999828e+04
8.650750000000000000e+03 1.814342061499222853e-04 1.723532449999999881e+04 1.723532839999999851e+04
9.437180000000000291e+03 2.033546161499223074e-04 1.723527620000000024e+04 1.723527990000000136e+04
1.022360000000000036e+04 1.475920661499223376e-04 1.723542280000000028e+04 1.723542659999999887e+04
1.101000000000000000e+04 3.145912561499225862e-04 1.723538349999999991e+04 1.723538769999999931e+04
1.179650000000000000e+04 1.062736861499225145e-04 1.723542150000000038e+04 1.723542520000000150e+04
1.258289999999999964e+04 1.012524361499224108e-04 1.723554650000000038e+04 1.723554999999999927e+04
1.415579999999999927e+04 2.030176461499226277e-04 1.723566489999999976e+04 1.723566869999999835e+04
1.572860000000000036e+04 1.706197861499226132e-04 1.723576440000000002e+04 1.723576840000000084e+04
1.730150000000000000e+04 1.074931461499224142e-04 1.723598410000000149e+04 1.723598779999999897e+04
1.887440000000000146e+04 5.147931614992253858e-05 1.723600749999999971e+04 1.723601120000000083e+04
2.044720000000000073e+04 2.638789761499223379e-04 1.723604270000000179e+04 1.723604660000000149e+04
2.202009999999999854e+04 1.545646061499224028e-04 1.723597499999999854e+04 1.723597880000000077e+04
2.359300000000000000e+04 1.891250661499226191e-04 1.723616690000000017e+04 1.723617060000000129e+04
2.516579999999999927e+04 2.054513161499225884e-04 1.723615520000000106e+04 1.723615899999999965e+04
2.831159999999999854e+04 1.749218361499222784e-04 1.723639380000000165e+04 1.723639770000000135e+04
3.145729999999999927e+04 2.031987261499224474e-04 1.723679160000000047e+04 1.723679550000000017e+04
3.460300000000000000e+04 2.388899661499223771e-04 1.723650749999999971e+04 1.723651150000000052e+04
3.774869999999999709e+04 2.229879961499223271e-04 1.723693969999999899e+04 1.723694369999999981e+04
4.089450000000000000e+04 1.529448461499223911e-04 1.723679950000000099e+04 1.723680340000000069e+04
4.404019999999999709e+04 2.097408961499226416e-04 1.723693750000000000e+04 1.723694139999999970e+04
4.718590000000000146e+04 1.294787761499224723e-04 1.723692689999999857e+04 1.723693079999999827e+04
5.033159999999999854e+04 1.915492961499225700e-04 1.723641359999999986e+04 1.723641749999999956e+04
5.662309999999999854e+04 1.947228961499223188e-04 1.723632389999999941e+04 1.723632790000000023e+04
6.291459999999999854e+04 1.608427161499225832e-04 1.723539519999999902e+04 1.723539900000000125e+04
6.920600000000000000e+04 4.728350614992249921e-05 1.723531690000000162e+04 1.723532059999999910e+04
7.549750000000000000e+04 1.339416161499223674e-04 1.723560259999999835e+04 1.723560640000000058e+04
8.178889999999999418e+04 1.551525961499225937e-04 1.723498180000000139e+04 1.723498540000000139e+04
8.808039999999999418e+04 9.964505614992237061e-05 1.723425760000000082e+04 1.723426129999999830e+04
9.437180000000000291e+04 3.915042614992237345e-05 1.723452530000000115e+04 1.723452890000000116e+04
1.006630000000000000e+05 -5.950473850077674445e-06 1.723432089999999880e+04 1.723432440000000133e+04
1.132460000000000000e+05 -8.590300385007761282e-05 1.723176090000000113e+04 1.723176420000000144e+04
1.258290000000000000e+05 -2.066548438500776137e-04 1.722899899999999980e+04 1.722900179999999818e+04
1.384120000000000000e+05 -3.183421838500776271e-04 1.722808680000000095e+04 1.722808970000000045e+04
1.509950000000000000e+05 -4.054376038500776078e-04 1.722644470000000001e+04 1.722644789999999921e+04
