0.03 0.005286019300757543
0.069 0.025962267851370853
0.12 0.06905509085122036
0.186 0.14000634338882384
0.271 0.24459084472252718
0.383 0.39315743699923833
0.527 0.5956712127853399
0.716 0.8755493401511227
0.96 1.245245195817882
1.2790000000000001 1.7443228567379785
1.692 2.4074223462990485
2.23 3.2921964780010464
2.9290000000000003 4.437768290153111
3.837 5.9518732314823195
5.019 7.95060195412184
6.554 10.58206987195422
8.55 13.988844150508715
11.146 18.308637762732197
14.519 24.1302357454928
18.905 31.496772642507143
24.606 41.200198121507476
32.018 54.0571839497667
41.654 70.65959235903375
54.18 92.22926465813248
70.464 120.78607557004786
91.633 156.52002228851146
119.153 203.75624312843817
154.929 265.41966196710547
201.43800000000002 345.1232715038255
261.9 447.44545565197546
340.499 580.8551970461963
442.67900000000003 753.6936282690657
575.513 981.7424818608542
748.197 1277.5643492212328
972.686 1663.3126891276004
1264.522 2168.5801490764743
1643.9080000000001 2819.572325033671
2137.111 3650.39767037807
2778.274 4754.948600559451
2778.3740000000003 4755.019596458576
5556.7480000000005 9514.145488670447
8335.122 14216.518444729616
11113.496000000001 18938.29631162504
13891.87 23622.682319910284
16670.244 28330.82081235033
19448.618000000002 33048.345684385604
22226.992000000002 37760.133405499546
25005.366 42441.027074989564
27783.74 47155.923274014225
30562.114 51843.26422364272
33340.488 56522.38149561289
36118.862 61208.398793086584
38897.236000000004 65905.93119416804
41675.61 70664.84178831008
44453.984000000004 75411.3753595957
47232.358 80133.37804611861
50010.732 84894.20569338647
52789.106 89695.70283670936
55567.48 94505.2139132465
58345.854 99339.9165867806
61124.228 104181.7458615277
63902.602 109046.23410225364
66680.976 113937.06165772644
69459.35 118756.93680453453
72237.724 123571.06569054356
75016.098 128342.08119369706
77794.47200000001 132986.55695751784
80572.846 137728.5698547861
83351.22 142430.034644734
86129.594 147136.5504337997
88907.96800000001 151896.94378766202
91686.342 156597.10912256708
94464.716 161199.28669756226
97243.09 165781.91859586135
100021.464 170301.014910321
102799.838 174752.45033011853
105578.212 179106.92423769322
108356.586 183470.68814074213
111134.96 187820.6130835349
113913.334 192032.71804240625
116691.708 196321.40691925312
119470.08200000001 200611.9651200747
122248.456 205112.84785694844
125026.83 209732.32498349145
127805.204 214137.77577582962
130583.57800000001 218501.05010231098
133361.952 222923.20330581832
136140.326 227351.18374720725
138918.7 231937.59007824975
141697.074 236631.21214306727
144475.448 241361.73168860143
147253.82200000001 245969.17115383744
150032.196 250384.51577625747
152810.57 254903.67674623636
155588.94400000002 259599.78262664337
158367.318 264274.8252818973
161145.692 269352.75925391365
163924.066 274955.654473037
166702.44 280838.3224650554
