1.783364452739137165e-05 2.183480639719628247e+00
2.136548308856212695e-05 3.050407931807600281e+00
2.559677955375326230e-05 4.712455980188638982e+00
3.066605706070808129e-05 3.713626121035946692e+00
3.673927236337478215e-05 4.962135340256678795e+00
4.401524888309428025e-05 5.073146226766439781e+00
5.273218574062059995e-05 2.241459568326722440e+00
6.317545586005619612e-05 4.122624252504473397e+00
7.568694843709958882e-05 2.877657189265863114e+00
9.067626162302277646e-05 1.981256895917176575e+00
1.086341118476983703e-04 2.583826369114891719e+00
1.301483987727815751e-04 1.445690332326239558e+00
1.559234518055101096e-04 2.088820814523369152e-01
1.868030882607348551e-04 2.038607985260360689e+00
2.237982380435905231e-04 1.661871429476704076e+00
2.681200392228388451e-04 1.803787132949164818e+00
3.212194879695813837e-04 1.301122666594990651e+00
3.848349409112377262e-04 1.719955356482357978e+00
4.610490250211105056e-04 6.569645354120193792e-01
5.523568181454331779e-04 1.369042313704844416e+00
6.617475322451373595e-04 1.416812964475940628e+00
7.928023734781332972e-04 1.638504186720969980e+00
9.498117828412663702e-04 1.543485501831653339e+00
1.137915895567115452e-03 1.415684972292679644e+00
1.363272817600649301e-03 1.375096752584498594e+00
1.633260228149434551e-03 1.775242203197438640e+00
1.956716908321835553e-03 1.674646075483666730e+00
2.344232102958094654e-03 1.775873824322568240e+00
2.808492188710344766e-03 1.212728535716941058e+00
3.364695997505505291e-03 1.366012602549154353e+00
4.031052392147918551e-03 1.400207269808740884e+00
4.829376383568766834e-03 1.516675986838632140e+00
5.785803305261514803e-03 1.583421094399924289e+00
6.931644425369398385e-03 1.560515238443974662e+00
8.304412007242075594e-03 1.365827077092932829e+00
9.949047376640537260e-03 1.399122011722974568e+00
1.191939219975077582e-02 1.445735411737750331e+00
1.427995113834232450e-02 1.520427968508423877e+00
1.710800358744030483e-02 1.429194118166149163e+00
2.049613362905708044e-02 1.529662793782393004e+00
2.455526102698339305e-02 1.416279035253791951e+00
2.941827249059695074e-02 1.378921925409706706e+00
3.524437208710595043e-02 1.445363157442221436e+00
4.222429322494752890e-02 1.411111257205712288e+00
5.058654283696582821e-02 1.358783035202161926e+00
6.060488218389501608e-02 1.416508728502649417e+00
7.260728918284178879e-02 1.344534004247106118e+00
8.698669566726323354e-02 1.340672691017807949e+00
1.042138510922011874e-01 1.351628382583590193e+00
1.248527338135775461e-01 1.311331796719949594e+00
1.495790144721999004e-01 1.278937145340347525e+00
1.792021759321816288e-01 1.257861343428709144e+00
2.146920139308514941e-01 1.192756689059198960e+00
2.572103860118786778e-01 1.173983118391236147e+00
3.081492481303358955e-01 1.110787213979226529e+00
3.691762241626821428e-01 1.084577392885612612e+00
4.422892001650091109e-01 1.053502795498791889e+00
5.298817306728854648e-01 1.007240303689112437e+00
6.348213982980841497e-01 9.626831303883751634e-01
7.605436919392877249e-01 9.359174820328083344e-01
9.111644769684296152e-01 9.142698774807762607e-01
1.091614739413848678e+00 9.099362122391763119e-01
1.307802015361988701e+00 9.063265731735887787e-01
1.566803790413518138e+00 9.217460341960058701e-01
1.877099200657428302e+00 9.398836332527811255e-01
2.248846620532375162e+00 9.414509148648007031e-01
2.694216225177998414e+00 9.053726219420783483e-01
3.227788414620279767e+00 8.525123671281975568e-01
3.867031143303493401e+00 7.944007507553418890e-01
4.632871781664883670e+00 7.437694796097823469e-01
5.550382231215015061e+00 6.982809534791503125e-01
6.649599722251863909e+00 6.581778329254186488e-01
7.966510165281469824e+00 6.192290271246092548e-01
9.544226248860709916e+00 5.832810698989109310e-01
1.143439885213818208e+01 5.842911629431891685e-01
1.369890797856829856e+01 7.025605492307683830e-01
1.641188856816823005e+01 9.913622928344959506e-01
1.966215750885866242e+01 1.327195077021832370e+00
2.355612130178607799e+01 1.510249029310825053e+00
2.822125957105455996e+01 1.518823524655825041e+00
3.381029846014812534e+01 1.180696296198012085e+00
4.050621054266346022e+01 8.212723883642816247e-01
4.852820493319574524e+01 6.307095933135734578e-01
5.813890370114581430e+01 5.079491816976163809e-01
6.965293952711030556e+01 4.027933487906574794e-01
8.344725606980564692e+01 3.158128184046246067e-01
9.997344825439016347e+01 2.488476666002913951e-01
1.197725464754935416e+02 2.049012901592527913e-01
1.434927287165400287e+02 1.685837106479985692e-01
1.719105404403459829e+02 1.382896096163912791e-01
2.059563169425278772e+02 1.146512046753078023e-01
2.467446404384391201e+02 9.561259821244258439e-02
2.956108289802248805e+02 8.080422290071215263e-02
3.541546517691353984e+02 6.588557516349116683e-02
4.242927020041872765e+02 5.474701057099650575e-02
5.083211418365539203e+02 4.696561780137180342e-02
6.089908735584803026e+02 3.836869096038581645e-02
7.295975979625329728e+02 3.183575524342881907e-02
8.740897081794768155e+02 2.658121279035578072e-02
1.047197551196597942e+03 2.226867702369569879e-02
