0.000000000000000000e+00 19.4674
6.000000000000000125e-03 19.2314
1.200000000000000025e-02 18.5386
1.799999999999999864e-02 17.4327
2.400000000000000050e-02 15.9799
2.999999999999999889e-02 14.2611
3.599999999999999728e-02 12.3641
4.200000000000000261e-02 10.3756
4.800000000000000100e-02 8.37502
5.399999999999999939e-02 6.43033
5.999999999999999778e-02 4.59586
6.600000000000000311e-02 2.91151
7.199999999999999456e-02 1.40344
7.799999999999999989e-02 0.0856404
8.400000000000000522e-02 -1.03785
8.999999999999999667e-02 -1.97054
9.600000000000000200e-02 -2.67842
1.079999999999999988e-01 -3.68717
1.199999999999999956e-01 -4.11534
1.320000000000000062e-01 -4.055
1.439999999999999891e-01 -3.58507
1.559999999999999998e-01 -2.78101
1.680000000000000104e-01 -1.72824
1.799999999999999933e-01 -0.530156
1.920000000000000040e-01 0.669024
2.159999999999999976e-01 2.66072
2.399999999999999911e-01 3.56697
2.640000000000000124e-01 3.2554
2.879999999999999782e-01 2.15638
3.119999999999999996e-01 0.88953
3.360000000000000209e-01 -0.0868671
3.599999999999999867e-01 -0.586287
3.840000000000000080e-01 -0.560411
4.319999999999999951e-01 -0.0381557
4.799999999999999822e-01 0.365653
5.280000000000000249e-01 0.242174
5.759999999999999565e-01 0.0423861
6.239999999999999991e-01 0.0477631
6.720000000000000417e-01 0.128114
7.199999999999999734e-01 0.104483
7.680000000000000160e-01 0.0130586
8.639999999999999902e-01 -0.00387614
9.599999999999999645e-01 0.0229013
1.056000000000000050e+00 -0.029049
1.151999999999999913e+00 -0.00617175
1.247999999999999998e+00 -0.00955564
1.344000000000000083e+00 -0.00722443
1.439999999999999947e+00 0.00577386
1.536000000000000032e+00 0.00980025
1.727999999999999980e+00 0.0238261
1.919999999999999929e+00 0.0332885
2.112000000000000099e+00 0.0402051
2.303999999999999826e+00 0.0423064
2.495999999999999996e+00 0.0394717
2.688000000000000167e+00 0.0361908
2.879999999999999893e+00 0.0305859
3.072000000000000064e+00 0.0275925
3.455999999999999961e+00 0.0200265
3.839999999999999858e+00 0.0144565
4.224000000000000199e+00 0.0121381
4.607999999999999652e+00 0.0129489
4.991999999999999993e+00 0.0102143
5.376000000000000334e+00 0.00894585
5.759999999999999787e+00 0.00782857
6.144000000000000128e+00 0.00675278
6.911999999999999922e+00 0.00579719
7.679999999999999716e+00 0.00334656
8.448000000000000398e+00 0.00252917
9.215999999999999304e+00 0.00271822
9.983999999999999986e+00 0.00284233
1.075200000000000067e+01 0.00243648
1.151999999999999957e+01 0.00197755
1.228800000000000026e+01 0.00151633
1.382399999999999984e+01 0.000440316
1.535999999999999943e+01 0.000975248
1.689600000000000080e+01 0.00023529
1.843199999999999861e+01 7.41342e-05
1.996799999999999997e+01 0.000763145
2.150400000000000134e+01 -0.000222278
2.303999999999999915e+01 0.000276371
2.457600000000000051e+01 0.000299352
2.764799999999999969e+01 6.34851e-05
3.071999999999999886e+01 -0.000110665
3.379200000000000159e+01 0.000173402
3.686399999999999721e+01 -0.000577041
3.993599999999999994e+01 6.46101e-05
4.300800000000000267e+01 0.000468961
4.607999999999999829e+01 0.000297057
4.915200000000000102e+01 -0.000119762
5.529599999999999937e+01 -0.000277035
6.143999999999999773e+01 0.000187333
6.758400000000000318e+01 -0.000529311
7.372799999999999443e+01 -0.000244295
7.987199999999999989e+01 -0.000600792
8.601600000000000534e+01 -3.20975e-05
9.215999999999999659e+01 -7.83337e-05
9.830400000000000205e+01 4.80154e-05
1.105919999999999987e+02 -0.000100107
1.228799999999999955e+02 7.14271e-06
1.351680000000000064e+02 -1.1758e-05
1.474559999999999889e+02 0.000439425
1.597439999999999998e+02 0.000181192
1.720320000000000107e+02 -0.000323949
1.843199999999999932e+02 0.000106558
1.966080000000000041e+02 9.66819e-05
2.211839999999999975e+02 4.57729e-05
2.457599999999999909e+02 5.52642e-05
2.703360000000000127e+02 7.43594e-05
2.949119999999999777e+02 -4.01561e-05
3.194879999999999995e+02 -0.000233261
3.440640000000000214e+02 0.000128047
3.686399999999999864e+02 0.000176558
3.932160000000000082e+02 -9.59647e-05
4.423679999999999950e+02 5.21228e-05
4.915199999999999818e+02 3.50557e-05
5.406720000000000255e+02 -2.70453e-05
5.898239999999999554e+02 -0.000160342
6.389759999999999991e+02 -0.000203339
6.881280000000000427e+02 5.69439e-05
7.372799999999999727e+02 -7.42665e-05
7.864320000000000164e+02 -6.01571e-05
8.847359999999999900e+02 5.53799e-05
9.830399999999999636e+02 9.40371e-05
1.081339999999999918e+03 6.47498e-05
1.179650000000000091e+03 8.35996e-05
1.277950000000000045e+03 1.35796e-05
1.376259999999999991e+03 4.42396e-05
1.474559999999999945e+03 -2.1305e-05
1.572859999999999900e+03 6.84183e-05
1.769470000000000027e+03 -1.92914e-05
1.966079999999999927e+03 3.29474e-05
2.162690000000000055e+03 8.99922e-05
2.359300000000000182e+03 -7.62919e-05
2.555900000000000091e+03 1.16958e-05
2.752510000000000218e+03 7.69896e-07
2.949119999999999891e+03 7.90698e-05
3.145730000000000018e+03 2.69651e-05
3.538940000000000055e+03 -2.24347e-05
3.932159999999999854e+03 -1.36804e-06
4.325380000000000109e+03 -5.92097e-05
4.718590000000000146e+03 -3.4863e-06
5.111810000000000400e+03 4.93878e-07
5.505020000000000437e+03 -0.000116472
5.898239999999999782e+03 -2.49157e-05
6.291460000000000036e+03 3.05776e-05
7.077890000000000327e+03 -4.15771e-06
7.864319999999999709e+03 1.51437e-05
8.650750000000000000e+03 -1.49631e-06
9.437180000000000291e+03 -4.64034e-05
1.022360000000000036e+04 4.98342e-05
1.101000000000000000e+04 -2.59513e-05
1.179650000000000000e+04 -2.70113e-05
1.258289999999999964e+04 -3.04819e-06
1.415579999999999927e+04 -1.69286e-05
1.572860000000000036e+04 -3.61797e-06
1.730150000000000000e+04 -7.22492e-06
1.887440000000000146e+04 4.95763e-06
2.044720000000000073e+04 -1.20083e-06
2.202009999999999854e+04 8.44386e-06
2.359300000000000000e+04 -2.93218e-06
2.516579999999999927e+04 2.26727e-06
2.831159999999999854e+04 -1.99374e-06
3.145729999999999927e+04 8.51348e-06
3.460300000000000000e+04 -1.67723e-05
3.774869999999999709e+04 -1.26853e-05
4.089450000000000000e+04 -4.98892e-06
4.404019999999999709e+04 -1.68108e-05
4.718590000000000146e+04 -8.11172e-06
5.033159999999999854e+04 5.37363e-06
5.662309999999999854e+04 8.46728e-08
6.291459999999999854e+04 -7.54439e-06
6.920600000000000000e+04 1.45904e-05
7.549750000000000000e+04 -1.4403e-05
8.178889999999999418e+04 -2.37417e-05
8.808039999999999418e+04 -8.05729e-06
9.437180000000000291e+04 7.88359e-06
1.006630000000000000e+05 -2.46478e-06
1.132460000000000000e+05 9.62226e-06
1.258290000000000000e+05 1.66e-05
1.384120000000000000e+05 -3.59612e-06
1.509950000000000000e+05 -1.49948e-06
1.635780000000000000e+05 5.38648e-06
1.761610000000000000e+05 1.35784e-05
1.887440000000000000e+05 2.33466e-05
2.013270000000000000e+05 -1.08588e-05
2.264920000000000000e+05 -1.21443e-05
2.516580000000000000e+05 7.64663e-06
2.768240000000000000e+05 -9.34933e-06
3.019900000000000000e+05 -1.02846e-05
3.271560000000000000e+05 -1.6974e-06
3.523220000000000000e+05 1.52845e-06
