0.000000000000000000e+00 4.266842017264416853e+01 2.059718849999999861e+02 2.509722999999999900e+02
6.000000000000000125e-03 4.220726957264416512e+01 2.055682720000000074e+02 2.501048159999999996e+02
1.200000000000000025e-02 4.084709247264416376e+01 2.043772219999999891e+02 2.475452270000000112e+02
1.799999999999999864e-02 3.865501197264416788e+01 2.024553630000000055e+02 2.434165840000000003e+02
2.400000000000000050e-02 3.573541987264416520e+01 1.998901639999999986e+02 2.379096230000000105e+02
2.999999999999999889e-02 3.222047607264416769e+01 1.967915329999999869e+02 2.312650360000000092e+02
3.599999999999999728e-02 2.825902877264416446e+01 1.932822349999999858e+02 2.237530160000000024e+02
4.200000000000000261e-02 2.400548187264416455e+01 1.894885810000000106e+02 2.156530089999999973e+02
4.800000000000000100e-02 1.960989447264416441e+01 1.855325919999999940e+02 2.072361469999999883e+02
5.399999999999999939e-02 1.521018137264416659e+01 1.815263699999999858e+02 1.987519430000000114e+02
5.999999999999999778e-02 1.092681147264416630e+01 1.775688820000000021e+02 1.904198499999999967e+02
6.600000000000000311e-02 6.859980502644166478e+00 1.737449059999999861e+02 1.824254009999999937e+02
7.199999999999999456e-02 3.088921452644166621e+00 1.701255779999999902e+02 1.749200409999999977e+02
7.799999999999999989e-02 -3.271696713558334690e-01 1.667698320000000081e+02 1.680234260000000006e+02
8.400000000000000522e-02 -3.347177107355833403e+00 1.637260420000000067e+02 1.618269080000000031e+02
8.999999999999999667e-02 -5.945626777355832893e+00 1.610333339999999964e+02 1.563971620000000087e+02
9.600000000000000200e-02 -8.001411757355834098e+00 1.588231609999999989e+02 1.519884590000000060e+02
1.079999999999999988e-01 -1.103873792735583415e+01 1.554282800000000009e+02 1.452692739999999958e+02
1.199999999999999956e-01 -1.244370502735583450e+01 1.536869279999999947e+02 1.418423019999999894e+02
1.320000000000000062e-01 -1.242065192735583423e+01 1.534855650000000082e+02 1.413983460000000036e+02
1.439999999999999891e-01 -1.126426362735583453e+01 1.545402609999999868e+02 1.433633519999999919e+02
1.559999999999999998e-01 -9.332734167355834387e+00 1.564409719999999879e+02 1.469720639999999889e+02
1.680000000000000104e-01 -7.008036167355832902e+00 1.587332030000000032e+02 1.513921860000000095e+02
1.799999999999999933e-01 -4.645891027355832925e+00 1.610085420000000056e+02 1.558662830000000099e+02
1.920000000000000040e-01 -2.632943447355833744e+00 1.628543569999999931e+02 1.596158169999999927e+02
2.159999999999999976e-01 2.717257866441665226e-01 1.653482329999999934e+02 1.649242940000000033e+02
2.399999999999999911e-01 1.505744012644166352e+00 1.661869279999999947e+02 1.671060469999999896e+02
2.640000000000000124e-01 1.850980672644166436e+00 1.662723469999999963e+02 1.677834550000000036e+02
2.879999999999999782e-01 2.153239802644166367e+00 1.665543979999999920e+02 1.686600750000000062e+02
3.119999999999999996e-01 2.737149212644166330e+00 1.674062220000000138e+02 1.703586990000000014e+02
3.360000000000000209e-01 3.375923102644166285e+00 1.684685399999999902e+02 1.722559770000000015e+02
3.599999999999999867e-01 3.663103832644166502e+00 1.691194380000000024e+02 1.733200840000000085e+02
3.840000000000000080e-01 3.300721852644166621e+00 1.688891610000000014e+02 1.727855879999999900e+02
4.319999999999999951e-01 1.939496852644166491e+00 1.674621160000000089e+02 1.700115030000000047e+02
4.799999999999999822e-01 6.985666276441665490e-01 1.661342930000000138e+02 1.673130229999999870e+02
5.280000000000000249e-01 -9.218555985833478891e-03 1.654312140000000113e+02 1.656798530000000085e+02
5.759999999999999565e-01 -3.023867743558334986e-01 1.649553740000000062e+02 1.647281350000000089e+02
6.239999999999999991e-01 -7.981786555583347820e-02 1.650114900000000091e+02 1.649737030000000004e+02
6.720000000000000417e-01 3.771302766441664844e-01 1.654414400000000001e+02 1.659443090000000041e+02
7.199999999999999734e-01 6.673139866441665236e-01 1.656568069999999864e+02 1.665545490000000086e+02
7.680000000000000160e-01 7.865610616441666147e-01 1.657323309999999879e+02 1.668240900000000124e+02
8.639999999999999902e-01 7.776161266441665720e-01 1.657215070000000026e+02 1.668443699999999978e+02
9.599999999999999645e-01 5.020929806441665200e-01 1.653896369999999933e+02 1.661911790000000053e+02
1.056000000000000050e+00 4.087006886441665321e-01 1.651895480000000020e+02 1.658257839999999987e+02
1.151999999999999913e+00 4.704893126441664908e-01 1.652395239999999887e+02 1.659663860000000000e+02
1.247999999999999998e+00 4.884510866441665322e-01 1.652781390000000101e+02 1.660449360000000070e+02
1.344000000000000083e+00 4.625393986441664884e-01 1.652302549999999997e+02 1.659444420000000093e+02
1.439999999999999947e+00 4.184766766441664898e-01 1.651531679999999938e+02 1.657960239999999885e+02
1.536000000000000032e+00 4.138176286441664908e-01 1.651393380000000093e+02 1.657651400000000024e+02
1.727999999999999980e+00 4.227993206441665319e-01 1.651422249999999963e+02 1.657641480000000058e+02
1.919999999999999929e+00 4.244244416441664836e-01 1.650746680000000026e+02 1.656768470000000093e+02
2.112000000000000099e+00 4.402362276441665334e-01 1.650773010000000056e+02 1.656654690000000016e+02
2.303999999999999826e+00 4.482676796441665279e-01 1.650759869999999978e+02 1.656639940000000024e+02
2.495999999999999996e+00 4.543088616441665062e-01 1.650510289999999998e+02 1.656329939999999965e+02
2.688000000000000167e+00 4.497934046441665057e-01 1.650714189999999917e+02 1.656430049999999881e+02
2.879999999999999893e+00 4.591637776441664931e-01 1.650321820000000059e+02 1.656185810000000060e+02
3.072000000000000064e+00 4.570929776441665093e-01 1.650316520000000082e+02 1.656261680000000069e+02
3.455999999999999961e+00 4.564695466441665017e-01 1.650172660000000064e+02 1.656136239999999873e+02
3.839999999999999858e+00 4.496265776441665252e-01 1.650129220000000032e+02 1.656074199999999905e+02
4.224000000000000199e+00 4.439888136441665356e-01 1.649978480000000047e+02 1.655934010000000001e+02
4.607999999999999652e+00 4.366746276441665353e-01 1.649834020000000123e+02 1.655682710000000100e+02
4.991999999999999993e+00 4.216192916441665051e-01 1.649541759999999897e+02 1.655188070000000096e+02
5.376000000000000334e+00 4.185218936441665316e-01 1.649403250000000014e+02 1.654987889999999879e+02
5.759999999999999787e+00 4.049446976441665180e-01 1.649081339999999898e+02 1.654537829999999872e+02
6.144000000000000128e+00 3.950569616441665377e-01 1.648999459999999999e+02 1.654247499999999889e+02
6.911999999999999922e+00 3.725633816441665247e-01 1.648680689999999913e+02 1.653628730000000076e+02
7.679999999999999716e+00 3.576364706441665375e-01 1.648410110000000088e+02 1.653163710000000037e+02
8.448000000000000398e+00 3.417726456441664840e-01 1.648031129999999962e+02 1.652550559999999962e+02
9.215999999999999304e+00 3.258621216441665025e-01 1.647768309999999872e+02 1.652131229999999960e+02
9.983999999999999986e+00 3.118789626441665352e-01 1.647398520000000133e+02 1.651621949999999970e+02
1.075200000000000067e+01 2.997962156441665305e-01 1.647229220000000112e+02 1.651180410000000052e+02
1.151999999999999957e+01 2.892467476441665242e-01 1.647036339999999939e+02 1.650919020000000046e+02
1.228800000000000026e+01 2.774965586441665022e-01 1.646778009999999881e+02 1.650517260000000022e+02
1.382399999999999984e+01 2.574264886441665068e-01 1.646294609999999921e+02 1.649714470000000119e+02
1.535999999999999943e+01 2.328502656441664986e-01 1.645905449999999917e+02 1.649017910000000029e+02
1.689600000000000080e+01 2.193261926441665011e-01 1.645563950000000091e+02 1.648476170000000138e+02
1.843199999999999861e+01 2.000235576441665164e-01 1.645275849999999878e+02 1.647938059999999894e+02
1.996799999999999997e+01 1.858583556441665008e-01 1.644983530000000087e+02 1.647428580000000125e+02
2.150400000000000134e+01 1.736508896441665006e-01 1.644738030000000037e+02 1.647002980000000036e+02
2.303999999999999915e+01 1.610925226441665137e-01 1.644366689999999949e+02 1.646494390000000010e+02
2.457600000000000051e+01 1.497299176441665158e-01 1.644208470000000091e+02 1.646216740000000129e+02
2.764799999999999969e+01 1.315211756441665159e-01 1.643815950000000043e+02 1.645566599999999937e+02
3.071999999999999886e+01 1.136833276441665264e-01 1.643470340000000078e+02 1.645012440000000140e+02
3.379200000000000159e+01 9.845545104416653093e-02 1.643220739999999864e+02 1.644528720000000135e+02
3.686399999999999721e+01 8.793884544416652460e-02 1.642991220000000112e+02 1.644157620000000009e+02
3.993599999999999994e+01 7.683247004416651760e-02 1.642788209999999935e+02 1.643841209999999933e+02
4.300800000000000267e+01 6.810512844416652389e-02 1.642596990000000119e+02 1.643514610000000005e+02
4.607999999999999829e+01 5.991814374416652017e-02 1.642351319999999930e+02 1.643184870000000046e+02
4.915200000000000102e+01 5.395075864416652017e-02 1.642222610000000032e+02 1.642951889999999935e+02
5.529599999999999937e+01 4.065534524416651585e-02 1.641923219999999901e+02 1.642480260000000101e+02
6.143999999999999773e+01 3.040277954416652217e-02 1.641660799999999938e+02 1.642088420000000042e+02
6.758400000000000318e+01 2.314715224416652103e-02 1.641489730000000122e+02 1.641819839999999999e+02
7.372799999999999443e+01 1.698095954416652120e-02 1.641349749999999972e+02 1.641612930000000006e+02
7.987199999999999989e+01 1.453150304416652057e-02 1.641278829999999971e+02 1.641491179999999872e+02
8.601600000000000534e+01 1.040451064416652097e-02 1.641222669999999937e+02 1.641383339999999862e+02
9.215999999999999659e+01 9.625428854166520609e-03 1.641104819999999904e+02 1.641224310000000060e+02
9.830400000000000205e+01 7.776613634166519573e-03 1.640972539999999924e+02 1.641071440000000052e+02
1.105919999999999987e+02 4.111064364166520067e-03 1.640860059999999976e+02 1.640930030000000102e+02
1.228799999999999955e+02 3.217196424166520342e-03 1.640813780000000008e+02 1.640871689999999887e+02
1.351680000000000064e+02 1.941475314166520071e-03 1.640787689999999941e+02 1.640827690000000132e+02
1.474559999999999889e+02 -5.454016948334800777e-04 1.640769819999999868e+02 1.640765539999999874e+02
1.597439999999999998e+02 -9.603725903348006555e-05 1.640643719999999917e+02 1.640647010000000137e+02
1.720320000000000107e+02 1.116468311665199227e-04 1.640642320000000041e+02 1.640646429999999896e+02
1.843199999999999932e+02 -4.936608078334800550e-04 1.640768840000000068e+02 1.640787489999999877e+02
1.966080000000000041e+02 -2.101481718334800700e-04 1.640744080000000054e+02 1.640760219999999947e+02
2.211839999999999975e+02 -1.107696815833480010e-03 1.640701099999999997e+02 1.640680020000000070e+02
2.457599999999999909e+02 -1.066279835833480174e-03 1.640592570000000023e+02 1.640560780000000136e+02
2.703360000000000127e+02 -4.925895558334800282e-04 1.640732360000000085e+02 1.640728949999999884e+02
2.949119999999999777e+02 -1.047997355833480033e-03 1.640935399999999902e+02 1.640942430000000058e+02
3.194879999999999995e+02 -2.366493978334800708e-04 1.640826790000000130e+02 1.640863420000000019e+02
3.440640000000000214e+02 -7.769058258334800944e-04 1.640875479999999982e+02 1.640870150000000081e+02
3.686399999999999864e+02 -7.888160528334801219e-04 1.640870390000000043e+02 1.640850849999999923e+02
3.932160000000000082e+02 -1.708572305833480067e-03 1.640852999999999895e+02 1.640824670000000083e+02
4.423679999999999950e+02 -5.006164758334801001e-04 1.640747279999999932e+02 1.640750779999999907e+02
4.915199999999999818e+02 1.303466101665199186e-04 1.640746560000000045e+02 1.640783800000000099e+02
5.406720000000000255e+02 -3.087596185833479858e-03 1.640763550000000066e+02 1.640740539999999896e+02
5.898239999999999554e+02 -8.874826088334800351e-04 1.640768060000000048e+02 1.640789770000000090e+02
6.389759999999999991e+02 2.309475914166520330e-03 1.640866069999999866e+02 1.640901570000000049e+02
6.881280000000000427e+02 1.673186984166519882e-03 1.640824430000000120e+02 1.640814860000000124e+02
7.372799999999999727e+02 2.291688264166520314e-03 1.640915329999999983e+02 1.640942009999999982e+02
7.864320000000000164e+02 3.135419301665198972e-04 1.640838469999999916e+02 1.640863650000000007e+02
8.847359999999999900e+02 1.093861394166519962e-03 1.640728330000000028e+02 1.640782820000000015e+02
9.830399999999999636e+02 2.423303241665199269e-04 1.640837400000000059e+02 1.640853490000000079e+02
1.081339999999999918e+03 -1.036920735833480071e-03 1.640909489999999948e+02 1.640907599999999888e+02
1.179650000000000091e+03 2.604719601665199348e-04 1.640834480000000042e+02 1.640846490000000131e+02
1.277950000000000045e+03 1.165565474166519984e-03 1.640732120000000123e+02 1.640718290000000081e+02
1.376259999999999991e+03 1.197337291665199430e-04 1.640741690000000119e+02 1.640787119999999959e+02
1.474559999999999945e+03 -2.107885855833479920e-03 1.640814000000000021e+02 1.640793409999999994e+02
1.572859999999999900e+03 -1.126621365833480005e-03 1.640835899999999867e+02 1.640780000000000030e+02
1.769470000000000027e+03 -3.079013875833479762e-03 1.640758519999999976e+02 1.640718789999999956e+02
1.966079999999999927e+03 -1.558656428334800903e-04 1.640779459999999972e+02 1.640766040000000032e+02
2.162690000000000055e+03 -2.123650095833479971e-03 1.640862639999999999e+02 1.640824629999999900e+02
2.359300000000000182e+03 -5.554157568334800767e-04 1.640900410000000136e+02 1.640888030000000128e+02
2.555900000000000091e+03 -8.722515358334801197e-04 1.640796890000000019e+02 1.640813730000000135e+02
2.752510000000000218e+03 -2.753309178334800711e-04 1.640800720000000013e+02 1.640799690000000055e+02
2.949119999999999891e+03 1.284214541665199124e-04 1.640875499999999931e+02 1.640885590000000036e+02
3.145730000000000018e+03 7.556036631665199446e-04 1.640942310000000077e+02 1.640941339999999968e+02
3.538940000000000055e+03 -5.752592208334800315e-04 1.640889119999999934e+02 1.640900120000000015e+02
3.932159999999999854e+03 -7.662410468334800986e-04 1.640844250000000102e+02 1.640846369999999865e+02
4.325380000000000109e+03 -5.130808098334800746e-04 1.640878769999999918e+02 1.640869570000000124e+02
4.718590000000000146e+03 4.084640631665199047e-04 1.640898349999999937e+02 1.640896199999999965e+02
5.111810000000000400e+03 -3.474866428334800637e-04 1.640902700000000038e+02 1.640894230000000107e+02
5.505020000000000437e+03 -5.221232028334800348e-04 1.640853789999999890e+02 1.640834099999999864e+02
5.898239999999999782e+03 -7.137392288334800695e-04 1.640645230000000083e+02 1.640667589999999905e+02
6.291460000000000036e+03 5.562914701665199651e-04 1.640645900000000097e+02 1.640653780000000097e+02
7.077890000000000327e+03 -2.199197898334800927e-04 1.640611759999999890e+02 1.640622659999999939e+02
7.864319999999999709e+03 2.426743601665199410e-04 1.640728550000000041e+02 1.640740570000000105e+02
8.650750000000000000e+03 6.409799781665199677e-04 1.640773499999999956e+02 1.640783500000000004e+02
9.437180000000000291e+03 -5.050668978334800670e-04 1.640704790000000060e+02 1.640685740000000123e+02
1.022360000000000036e+04 3.697080831665198997e-04 1.640673199999999952e+02 1.640684669999999983e+02
1.101000000000000000e+04 -3.969494828334800768e-04 1.640496249999999918e+02 1.640509519999999952e+02
1.179650000000000000e+04 -6.165419138334800970e-04 1.640540929999999946e+02 1.640538479999999879e+02
1.258289999999999964e+04 -3.210100223348007345e-05 1.640705039999999997e+02 1.640711389999999881e+02
1.415579999999999927e+04 -1.029877722334800649e-04 1.640772680000000037e+02 1.640762729999999863e+02
1.572860000000000036e+04 2.767390636651993410e-05 1.640985290000000134e+02 1.640989889999999889e+02
1.730150000000000000e+04 3.727589011665199308e-04 1.640900880000000086e+02 1.640910959999999932e+02
1.887440000000000146e+04 1.606641621665199097e-04 1.640887810000000115e+02 1.640907170000000121e+02
2.044720000000000073e+04 6.481726601665198937e-04 1.640950499999999863e+02 1.640954289999999958e+02
2.202009999999999854e+04 2.019354346651992978e-05 1.640816149999999993e+02 1.640826289999999972e+02
2.359300000000000000e+04 1.356850181665199100e-04 1.640706099999999878e+02 1.640697059999999965e+02
2.516579999999999927e+04 4.282854701665199035e-04 1.640799979999999891e+02 1.640810370000000091e+02
2.831159999999999854e+04 -4.883140433348006872e-05 1.641006130000000098e+02 1.641012369999999976e+02
3.145729999999999927e+04 -1.767391818334800794e-04 1.640846449999999948e+02 1.640841829999999959e+02
3.460300000000000000e+04 -3.943176958334800681e-04 1.641104990000000043e+02 1.641098990000000128e+02
3.774869999999999709e+04 -2.654743078334800875e-04 1.640992840000000115e+02 1.640988879999999881e+02
4.089450000000000000e+04 6.254341551665199483e-04 1.641018819999999891e+02 1.641019220000000018e+02
4.404019999999999709e+04 2.936271091665199257e-04 1.640890060000000119e+02 1.640897060000000067e+02
4.718590000000000146e+04 5.426957041665199551e-04 1.640414590000000032e+02 1.640427990000000023e+02
5.033159999999999854e+04 -5.285705403348006821e-05 1.640861899999999878e+02 1.640862400000000036e+02
5.662309999999999854e+04 6.410594066519927827e-06 1.641057409999999948e+02 1.641056790000000092e+02
6.291459999999999854e+04 2.311561056651992811e-05 1.641493159999999989e+02 1.641493619999999964e+02
6.920600000000000000e+04 1.516561581665199063e-04 1.641479740000000049e+02 1.641484499999999969e+02
7.549750000000000000e+04 -9.667278883348007549e-05 1.641536059999999964e+02 1.641532579999999939e+02
8.178889999999999418e+04 -2.599232738334800999e-04 1.640749169999999992e+02 1.640746460000000013e+02
8.808039999999999418e+04 1.434484651665199264e-04 1.641184609999999964e+02 1.641193130000000053e+02
9.437180000000000291e+04 4.571837691665199218e-04 1.641108059999999966e+02 1.641114579999999989e+02
1.006630000000000000e+05 -1.007465732334800662e-04 1.640646710000000041e+02 1.640643039999999928e+02
1.132460000000000000e+05 1.351511436651993022e-05 1.641414849999999888e+02 1.641411439999999970e+02
1.258290000000000000e+05 -3.841310798334800626e-04 1.641105420000000095e+02 1.641094160000000102e+02
1.384120000000000000e+05 -1.568623258334800872e-04 1.641096450000000004e+02 1.641091020000000071e+02
1.509950000000000000e+05 -5.461909093348007229e-05 1.640284949999999924e+02 1.640282780000000002e+02
1.635780000000000000e+05 -2.530049103348006972e-05 1.641422310000000095e+02 1.641417069999999967e+02
1.761610000000000000e+05 -1.630771298334800917e-04 1.641436199999999985e+02 1.641436769999999967e+02
1.887440000000000000e+05 -6.224823813348007531e-05 1.640575660000000084e+02 1.640567330000000084e+02
2.013270000000000000e+05 -1.074269112334800679e-04 1.640405370000000005e+02 1.640403019999999970e+02
2.264920000000000000e+05 -4.430440623480069948e-06 1.640174230000000080e+02 1.640171479999999917e+02
2.516580000000000000e+05 1.035176921665199331e-04 1.638711779999999862e+02 1.638716880000000060e+02
2.768240000000000000e+05 2.154861611665199116e-04 1.640149289999999951e+02 1.640154780000000017e+02
3.019900000000000000e+05 2.710368461665199342e-04 1.639158009999999877e+02 1.639163990000000126e+02
3.271560000000000000e+05 1.035927411665199288e-04 1.637706569999999999e+02 1.637716169999999920e+02
3.523220000000000000e+05 -2.066775477348007189e-05 1.645025029999999902e+02 1.645033569999999941e+02
