1 196.5272363818091
2 61.76011994002999
3 27.583708145927037
4 14.994502748625687
5 9.278360819590205
6 6.276861569215392
7 4.4832583708145926
8 3.3018490754622687
9 2.609695152423788
10 2.005497251374313
11 1.6071964017991005
12 1.384807596201899
13 1.1094452773613193
14 0.9705147426286856
15 0.8210894552723638
16 0.7141429285357321
17 0.6216891554222889
18 0.5602198900549725
19 0.4802598700649675
20 0.3963018490754623
21 0.37631184407796103
22 0.3353323338330835
23 0.30684657671164417
24 0.2928535732133933
25 0.255872063968016
26 0.24737631184407796
27 0.2143928035982009
28 0.20089955022488756
29 0.18040979510244878
30 0.17991004497751126
31 0.16741629185407297
32 0.13943028485757122
33 0.12293853073463268
34 0.10994502748625687
35 0.12743628185907047
36 0.10994502748625687
37 0.09745127436281859
38 0.09395302348825588
39 0.08945527236381809
40 0.0769615192403798
41 0.07446276861569215
42 0.07446276861569215
43 0.07196401799100449
44 0.06196901549225387
45 0.05997001499250375
46 0.0559720139930035
47 0.05347326336831584
48 0.054972513743128434
49 0.04997501249375312
50 0.04447776111944028
51 0.03798100949525238
52 0.047476261869065464
53 0.04147926036981509
54 0.03698150924537731
55 0.030984507746126936
56 0.03248375812093953
57 0.03698150924537731
58 0.02848575712143928
59 0.033483258370814596
60 0.031484257871064465
61 0.030984507746126936
62 0.030484757621189407
63 0.02798600699650175
64 0.025487256371814093
65 0.026486756621689155
66 0.021989005497251374
67 0.022488755622188907
68 0.020989505247376312
69 0.02048975512243878
70 0.01699150424787606
71 0.025987006496751622
72 0.01999000499750125
73 0.018490754622688656
74 0.013493253373313344
75 0.015492253873063468
76 0.01649175412293853
77 0.01199400299850075
78 0.010494752623688156
79 0.015992003998001
80 0.01199400299850075
81 0.01649175412293853
82 0.010494752623688156
83 0.013993003498250875
84 0.010494752623688156
85 0.012993503248375811
86 0.013493253373313344
87 0.011494252873563218
88 0.0074962518740629685
89 0.01249375312343828
90 0.00399800099950025
91 0.009495252373813094
92 0.005997001499250375
93 0.009495252373813094
94 0.009995002498750625
95 0.011494252873563218
96 0.008995502248875561
97 0.005997001499250375
98 0.006496751624187906
99 0.008995502248875561
100 0.005997001499250375
101 0.006496751624187906
102 0.0074962518740629685
103 0.004997501249375313
104 0.005497251374312844
105 0.005997001499250375
106 0.004997501249375313
107 0.00399800099950025
108 0.001999000499750125
109 0.006496751624187906
110 0.005497251374312844
111 0.004497751124437781
112 0.004997501249375313
113 0.004497751124437781
114 0.005497251374312844
115 0.004997501249375313
116 0.004997501249375313
117 0.0074962518740629685
118 0.004497751124437781
119 0.004497751124437781
120 0.0029985007496251873
121 0.0024987506246876563
122 0.004997501249375313
123 0.004997501249375313
124 0.0029985007496251873
125 0.00399800099950025
126 0.0029985007496251873
127 0.00399800099950025
128 0.0004997501249375312
129 0.001999000499750125
130 0.0014992503748125937
131 0.001999000499750125
132 0.0024987506246876563
133 0.00399800099950025
134 0.0009995002498750624
136 0.0014992503748125937
137 0.001999000499750125
138 0.004497751124437781
139 0.0014992503748125937
140 0.0014992503748125937
141 0.0029985007496251873
142 0.0009995002498750624
143 0.0029985007496251873
144 0.004497751124437781
145 0.0009995002498750624
146 0.0014992503748125937
147 0.0009995002498750624
148 0.0009995002498750624
149 0.0004997501249375312
150 0.0024987506246876563
151 0.0024987506246876563
152 0.0004997501249375312
153 0.0004997501249375312
154 0.0014992503748125937
155 0.0009995002498750624
156 0.0004997501249375312
157 0.0004997501249375312
158 0.0009995002498750624
159 0.0004997501249375312
160 0.0014992503748125937
161 0.0009995002498750624
162 0.0009995002498750624
163 0.0004997501249375312
164 0.0009995002498750624
165 0.0004997501249375312
166 0.0004997501249375312
167 0.0009995002498750624
168 0.0024987506246876563
169 0.0004997501249375312
170 0.0004997501249375312
171 0.0004997501249375312
172 0.0014992503748125937
173 0.0024987506246876563
174 0.0009995002498750624
175 0.0014992503748125937
177 0.0004997501249375312
178 0.0034982508745627187
180 0.0014992503748125937
181 0.0009995002498750624
182 0.0014992503748125937
184 0.0009995002498750624
185 0.0009995002498750624
186 0.0004997501249375312
187 0.0004997501249375312
189 0.0004997501249375312
190 0.0009995002498750624
191 0.0004997501249375312
192 0.0009995002498750624
193 0.0004997501249375312
194 0.0004997501249375312
195 0.0009995002498750624
196 0.0014992503748125937
198 0.0014992503748125937
199 0.0014992503748125937
201 0.0004997501249375312
202 0.0004997501249375312
203 0.0004997501249375312
204 0.0004997501249375312
205 0.0004997501249375312
207 0.0009995002498750624
209 0.0004997501249375312
210 0.0004997501249375312
211 0.0004997501249375312
213 0.0004997501249375312
215 0.0004997501249375312
217 0.0009995002498750624
220 0.0009995002498750624
221 0.0004997501249375312
222 0.0004997501249375312
223 0.0009995002498750624
231 0.0004997501249375312
239 0.0004997501249375312
240 0.0009995002498750624
246 0.0004997501249375312
251 0.0004997501249375312
256 0.0004997501249375312
274 0.0004997501249375312
295 0.0004997501249375312
