1 0.0069965017491254375
2 0.00849575212393803
3 0.0034982508745627187
4 0.0009995002498750624
5 0.004997501249375313
6 0.001999000499750125
7 0.001999000499750125
8 0.0004997501249375312
9 0.001999000499750125
10 0.0009995002498750624
11 0.0004997501249375312
15 0.0004997501249375312
16 0.0004997501249375312
983 0.0004997501249375312
984 0.0004997501249375312
985 0.0004997501249375312
989 0.0004997501249375312
990 0.0004997501249375312
991 0.001999000499750125
992 0.0004997501249375312
993 0.0014992503748125937
994 0.001999000499750125
995 0.004997501249375313
996 0.0009995002498750624
997 0.00399800099950025
998 0.0079960019990005
999 0.006496751624187906
1000 0.967016491754123
