0.000000000000000000e+00 2.668870814861718443e+01 8.572452590000000328e+02 8.857936389999999847e+02
6.000000000000000125e-03 2.640314724861718432e+01 8.570065080000000535e+02 8.852610690000000204e+02
1.200000000000000025e-02 2.555754254861718522e+01 8.562990260000000262e+02 8.836833689999999706e+02
1.799999999999999864e-02 2.418401304861718515e+01 8.551478980000000547e+02 8.811181239999999661e+02
2.400000000000000050e-02 2.233337154861718332e+01 8.535925069999999550e+02 8.776561020000000326e+02
2.999999999999999889e-02 2.007171564861718593e+01 8.516837669999999889e+02 8.734150759999999991e+02
3.599999999999999728e-02 1.747625584861718551e+01 8.494807879999999614e+02 8.685323349999999891e+02
4.200000000000000261e-02 1.463083574861718539e+01 8.470473940000000539e+02 8.631567250000000513e+02
4.800000000000000100e-02 1.162158444861718465e+01 8.444488760000000411e+02 8.574410400000000436e+02
5.399999999999999939e-02 8.533056158617185361e+00 8.417492499999999609e+02 8.515354180000000497e+02
5.999999999999999778e-02 5.445098248617184389e+00 8.390092130000000452e+02 8.455821320000000014e+02
6.600000000000000311e-02 2.430560948617184636e+00 8.362848219999999628e+02 8.397119519999999966e+02
7.199999999999999456e-02 -4.461555423828152400e-01 8.336268330000000333e+02 8.340419869999999491e+02
7.799999999999999989e-02 -3.129812101382815293e+00 8.310805350000000544e+02 8.286747689999999693e+02
8.400000000000000522e-02 -5.574455051382814830e+00 8.286859070000000429e+02 8.236982289999999693e+02
8.999999999999999667e-02 -7.743134851382815320e+00 8.264778919999999971e+02 8.191862019999999802e+02
9.600000000000000200e-02 -9.526155731382814906e+00 8.245471680000000561e+02 8.153422640000000001e+02
1.079999999999999988e-01 -1.226174195138281497e+01 8.213208610000000363e+02 8.091358050000000048e+02
1.199999999999999956e-01 -1.363286225138281438e+01 8.191972140000000309e+02 8.054287849999999480e+02
1.320000000000000062e-01 -1.366678755138281609e+01 8.182327490000000125e+02 8.042575140000000147e+02
1.439999999999999891e-01 -1.249015495138281473e+01 8.183880739999999605e+02 8.054592629999999644e+02
1.559999999999999998e-01 -1.032109385138281610e+01 8.195287640000000238e+02 8.086818630000000212e+02
1.680000000000000104e-01 -7.453554261382815405e+00 8.214417479999999614e+02 8.134170129999999972e+02
1.799999999999999933e-01 -4.229561131382815198e+00 8.238656019999999671e+02 8.190594149999999445e+02
1.920000000000000040e-01 -1.078241591382815168e+00 8.265242349999999760e+02 8.249107470000000149e+02
2.159999999999999976e-01 4.107016598617184933e+00 8.315216410000000451e+02 8.352586509999999862e+02
2.399999999999999911e-01 6.716722568617184308e+00 8.352110830000000306e+02 8.418210050000000138e+02
2.640000000000000124e-01 6.766488558617184346e+00 8.371277239999999438e+02 8.440774930000000040e+02
2.879999999999999782e-01 5.254852258617185079e+00 8.374568339999999580e+02 8.431364750000000186e+02
3.119999999999999996e-01 3.294394378617184760e+00 8.366620149999999967e+02 8.405298780000000534e+02
3.360000000000000209e-01 1.593388568617184697e+00 8.352325150000000349e+02 8.374496329999999489e+02
3.599999999999999867e-01 4.073240056171847367e-01 8.335778430000000299e+02 8.345740650000000187e+02
3.840000000000000080e-01 -2.095283553828152234e-01 8.320675800000000208e+02 8.323273080000000164e+02
4.319999999999999951e-01 -8.196094223828152003e-01 8.298822740000000522e+02 8.291976949999999533e+02
4.799999999999999822e-01 -1.000198086382815266e+00 8.292739850000000388e+02 8.281024260000000368e+02
5.280000000000000249e-01 -7.402574413828152400e-01 8.299249999999999545e+02 8.289313329999999951e+02
5.759999999999999565e-01 1.616269346171847754e-01 8.312277540000000045e+02 8.313001440000000457e+02
6.239999999999999991e-01 1.027230708617184796e+00 8.324569370000000390e+02 8.336380880000000388e+02
6.720000000000000417e-01 1.069732898617184791e+00 8.327392810000000054e+02 8.340811589999999569e+02
7.199999999999999734e-01 2.618022076171847567e-01 8.318375089999999545e+02 8.323153449999999793e+02
7.680000000000000160e-01 -1.728928313828152208e-01 8.310106039999999439e+02 8.309345960000000559e+02
8.639999999999999902e-01 1.530111796171847727e-01 8.310779680000000553e+02 8.312525679999999966e+02
9.599999999999999645e-01 1.148199686171847839e-01 8.313432070000000067e+02 8.315368330000000014e+02
1.056000000000000050e+00 6.700039731718478164e-02 8.312044280000000072e+02 8.313653219999999919e+02
1.151999999999999913e+00 1.658143926171847804e-01 8.312183860000000095e+02 8.314736500000000206e+02
1.247999999999999998e+00 4.455979121718477154e-02 8.311196009999999887e+02 8.312384499999999434e+02
1.344000000000000083e+00 9.246366271718478580e-02 8.311745620000000372e+02 8.313550960000000032e+02
1.439999999999999947e+00 5.659439321718476995e-02 8.311185779999999568e+02 8.312489890000000514e+02
1.536000000000000032e+00 7.440287821718477579e-02 8.311143409999999676e+02 8.312628039999999601e+02
1.727999999999999980e+00 5.963428481718477392e-02 8.311034499999999525e+02 8.312367719999999736e+02
1.919999999999999929e+00 6.672419891718478491e-02 8.310758990000000495e+02 8.312034270000000333e+02
2.112000000000000099e+00 6.988012931718477760e-02 8.310764870000000428e+02 8.312028790000000527e+02
2.303999999999999826e+00 7.803548051718478540e-02 8.310553899999999885e+02 8.311776350000000093e+02
2.495999999999999996e+00 8.710472781718478497e-02 8.310645100000000411e+02 8.311970890000000054e+02
2.688000000000000167e+00 9.503731551718477832e-02 8.310479860000000372e+02 8.311765480000000252e+02
2.879999999999999893e+00 1.083361746171847828e-01 8.310384800000000496e+02 8.311789909999999963e+02
3.072000000000000064e+00 1.129857266171847840e-01 8.310406560000000127e+02 8.311797860000000355e+02
3.455999999999999961e+00 1.227222686171847849e-01 8.310315219999999954e+02 8.311796819999999570e+02
3.839999999999999858e+00 1.266156606171847665e-01 8.310261259999999766e+02 8.311767280000000255e+02
4.224000000000000199e+00 1.261111116171847735e-01 8.310366970000000038e+02 8.311917750000000069e+02
4.607999999999999652e+00 1.232005916171847737e-01 8.310426129999999603e+02 8.311964229999999816e+02
4.991999999999999993e+00 1.159963366171847809e-01 8.310418899999999667e+02 8.311957519999999704e+02
5.376000000000000334e+00 1.119063526171847761e-01 8.310383809999999585e+02 8.311890180000000328e+02
5.759999999999999787e+00 1.103591216171847800e-01 8.310374570000000176e+02 8.311851910000000316e+02
6.144000000000000128e+00 1.079824076171847780e-01 8.310336459999999761e+02 8.311783110000000079e+02
6.911999999999999922e+00 1.056757646171847809e-01 8.310362659999999551e+02 8.311753830000000107e+02
7.679999999999999716e+00 1.031080996171847841e-01 8.310284629999999879e+02 8.311625450000000228e+02
8.448000000000000398e+00 1.022131396171847839e-01 8.310212860000000319e+02 8.311511080000000220e+02
9.215999999999999304e+00 1.002215786171847811e-01 8.310157639999999901e+02 8.311431089999999813e+02
9.983999999999999986e+00 9.827473851718478148e-02 8.310148510000000215e+02 8.311405499999999620e+02
1.075200000000000067e+01 9.494103361718478351e-02 8.310141280000000279e+02 8.311408310000000483e+02
1.151999999999999957e+01 9.349121291718477667e-02 8.310089470000000347e+02 8.311334930000000440e+02
1.228800000000000026e+01 9.261211121718478101e-02 8.310100139999999556e+02 8.311328160000000480e+02
1.382399999999999984e+01 9.098242801718478545e-02 8.310035599999999931e+02 8.311245850000000246e+02
1.535999999999999943e+01 8.862495401718477328e-02 8.310027880000000096e+02 8.311217339999999467e+02
1.689600000000000080e+01 8.797066951718478245e-02 8.309997980000000553e+02 8.311142790000000105e+02
1.843199999999999861e+01 8.638976201718477632e-02 8.309970570000000407e+02 8.311108570000000100e+02
1.996799999999999997e+01 8.438355371718478382e-02 8.309988509999999451e+02 8.311113100000000031e+02
2.150400000000000134e+01 8.370349471718477319e-02 8.309927559999999858e+02 8.311038829999999962e+02
2.303999999999999915e+01 8.240055461718477636e-02 8.309941149999999652e+02 8.311040940000000319e+02
2.457600000000000051e+01 8.089147831718478121e-02 8.309935470000000350e+02 8.310994689999999991e+02
2.764799999999999969e+01 7.852204181718477893e-02 8.309911899999999605e+02 8.310949460000000499e+02
3.071999999999999886e+01 7.771097451718478322e-02 8.309847290000000157e+02 8.310858829999999671e+02
3.379200000000000159e+01 7.581844261718477529e-02 8.309856210000000374e+02 8.310846960000000081e+02
3.686399999999999721e+01 7.432488531718478564e-02 8.309840229999999792e+02 8.310823090000000093e+02
3.993599999999999994e+01 7.265863061718477733e-02 8.309817739999999731e+02 8.310765870000000177e+02
4.300800000000000267e+01 7.267531081718478503e-02 8.309808699999999817e+02 8.310765979999999900e+02
4.607999999999999829e+01 7.087525791718478352e-02 8.309799120000000130e+02 8.310740769999999884e+02
4.915200000000000102e+01 6.985605491718477333e-02 8.309776859999999488e+02 8.310699889999999641e+02
5.529599999999999937e+01 6.800231221718477936e-02 8.309767570000000205e+02 8.310656279999999470e+02
6.143999999999999773e+01 6.593879041718478384e-02 8.309746870000000172e+02 8.310613200000000234e+02
6.758400000000000318e+01 6.497091121718477635e-02 8.309734260000000177e+02 8.310577849999999671e+02
7.372799999999999443e+01 6.375562301718477876e-02 8.309687109999999848e+02 8.310517929999999751e+02
7.987199999999999989e+01 6.191322211718477270e-02 8.309682149999999865e+02 8.310494280000000344e+02
8.601600000000000534e+01 6.123166381718476992e-02 8.309642969999999877e+02 8.310435730000000376e+02
9.215999999999999659e+01 6.019745241718477136e-02 8.309651999999999816e+02 8.310436130000000503e+02
9.830400000000000205e+01 5.923918701718477314e-02 8.309616459999999734e+02 8.310389139999999770e+02
1.105919999999999987e+02 5.702155481718477331e-02 8.309580909999999676e+02 8.310320140000000038e+02
1.228799999999999955e+02 5.620609381718476988e-02 8.309556770000000370e+02 8.310281820000000153e+02
1.351680000000000064e+02 5.429363931718476921e-02 8.309522829999999658e+02 8.310230920000000197e+02
1.474559999999999889e+02 5.222989551718477258e-02 8.309507129999999506e+02 8.310190689999999449e+02
1.597439999999999998e+02 5.147797141718477021e-02 8.309513600000000224e+02 8.310194619999999759e+02
1.720320000000000107e+02 5.015692721718477409e-02 8.309494519999999511e+02 8.310154750000000377e+02
1.843199999999999932e+02 4.878161811718477459e-02 8.309461009999999987e+02 8.310110100000000557e+02
1.966080000000000041e+02 4.740458661718477407e-02 8.309426740000000109e+02 8.310057910000000447e+02
2.211839999999999975e+02 4.597851631718477550e-02 8.309394260000000259e+02 8.310009529999999813e+02
2.457599999999999909e+02 4.392142701718477343e-02 8.309340499999999565e+02 8.309932340000000295e+02
2.703360000000000127e+02 4.234204651718477541e-02 8.309293649999999616e+02 8.309869879999999966e+02
2.949119999999999777e+02 4.081235331718477410e-02 8.309261239999999589e+02 8.309816140000000360e+02
3.194879999999999995e+02 3.966772461718477000e-02 8.309250650000000178e+02 8.309790560000000141e+02
3.440640000000000214e+02 3.773845141718477209e-02 8.309224990000000162e+02 8.309743600000000470e+02
3.686399999999999864e+02 3.674044201718477259e-02 8.309206209999999828e+02 8.309708920000000489e+02
3.932160000000000082e+02 3.521364461718477085e-02 8.309188269999999648e+02 8.309672319999999672e+02
4.423679999999999950e+02 3.329877401718477070e-02 8.309111050000000205e+02 8.309573149999999941e+02
4.915199999999999818e+02 3.152291311718477540e-02 8.309108800000000201e+02 8.309555309999999508e+02
5.406720000000000255e+02 2.955502331718477468e-02 8.309084689999999682e+02 8.309506420000000162e+02
5.898239999999999554e+02 2.753555311718477658e-02 8.309052739999999631e+02 8.309446609999999964e+02
6.389759999999999991e+02 2.602800691718477541e-02 8.309003639999999677e+02 8.309377650000000131e+02
6.881280000000000427e+02 2.414164021718477604e-02 8.308966970000000174e+02 8.309320719999999483e+02
7.372799999999999727e+02 2.318667831718477720e-02 8.308900250000000369e+02 8.309242189999999937e+02
7.864320000000000164e+02 2.212066941718477536e-02 8.308895870000000059e+02 8.309222690000000284e+02
8.847359999999999900e+02 2.028365511718477690e-02 8.308833230000000185e+02 8.309125370000000430e+02
9.830399999999999636e+02 1.843020741718477684e-02 8.308754659999999603e+02 8.309029359999999542e+02
1.081339999999999918e+03 1.623492981718477682e-02 8.308698869999999488e+02 8.308937429999999722e+02
1.179650000000000091e+03 1.425670161718477387e-02 8.308643700000000081e+02 8.308861960000000408e+02
1.277950000000000045e+03 1.337834811718477401e-02 8.308631380000000490e+02 8.308835309999999481e+02
1.376259999999999991e+03 1.215345011718477371e-02 8.308635389999999461e+02 8.308812639999999874e+02
1.474559999999999945e+03 1.142064391718477373e-02 8.308654689999999619e+02 8.308818790000000263e+02
1.572859999999999900e+03 1.062926241718477327e-02 8.308695470000000114e+02 8.308850059999999758e+02
1.769470000000000027e+03 9.049859797184773430e-03 8.308678049999999757e+02 8.308813330000000406e+02
1.966079999999999927e+03 7.543983847184775222e-03 8.308665600000000495e+02 8.308777919999999995e+02
2.162690000000000055e+03 5.965910217184774988e-03 8.308699309999999514e+02 8.308793920000000526e+02
2.359300000000000182e+03 5.111482767184774567e-03 8.308781060000000025e+02 8.308872699999999440e+02
2.555900000000000091e+03 3.939760837184775114e-03 8.308729799999999841e+02 8.308799209999999675e+02
2.752510000000000218e+03 3.738000747184774993e-03 8.308674039999999650e+02 8.308724889999999732e+02
2.949119999999999891e+03 3.634550697184774602e-03 8.308555370000000266e+02 8.308595860000000357e+02
3.145730000000000018e+03 3.464790027184774975e-03 8.308508180000000038e+02 8.308532750000000533e+02
3.538940000000000055e+03 2.483473677184774332e-03 8.308198210000000472e+02 8.308202139999999645e+02
3.932159999999999854e+03 1.397154827184774730e-03 8.307802279999999655e+02 8.307790089999999736e+02
4.325380000000000109e+03 2.425689681847747288e-04 8.307744549999999890e+02 8.307725749999999607e+02
4.718590000000000146e+03 8.108926671847747816e-04 8.307541109999999662e+02 8.307518450000000030e+02
5.111810000000000400e+03 2.486692671847747123e-04 8.307489140000000134e+02 8.307446790000000192e+02
5.505020000000000437e+03 -8.544801781522527338e-05 8.307437109999999620e+02 8.307404709999999568e+02
5.898239999999999782e+03 1.764114171847746973e-04 8.307482320000000300e+02 8.307446750000000293e+02
6.291460000000000036e+03 2.054045918477472032e-05 8.307555049999999710e+02 8.307520729999999958e+02
7.077890000000000327e+03 -2.153166648152252604e-04 8.307436599999999771e+02 8.307429369999999835e+02
7.864319999999999709e+03 4.779870118477473140e-05 8.307146079999999984e+02 8.307171449999999595e+02
8.650750000000000000e+03 5.339902661847747718e-04 8.307004869999999528e+02 8.307030849999999873e+02
9.437180000000000291e+03 -1.884332228152252580e-04 8.307069310000000542e+02 8.307077259999999796e+02
1.022360000000000036e+04 -5.302641368152252906e-04 8.306642430000000559e+02 8.306659319999999980e+02
1.101000000000000000e+04 2.148308001847747247e-04 8.306289030000000366e+02 8.306320809999999710e+02
1.179650000000000000e+04 -3.695834408152252394e-04 8.306274399999999787e+02 8.306275480000000471e+02
1.258289999999999964e+04 -2.342843158152252577e-04 8.305923940000000130e+02 8.305911069999999654e+02
1.415579999999999927e+04 -1.071406690815225344e-03 8.305861109999999599e+02 8.305834569999999530e+02
1.572860000000000036e+04 6.903994071847747906e-04 8.305769179999999778e+02 8.305757099999999582e+02
1.730150000000000000e+04 1.396840807184774637e-03 8.305537679999999909e+02 8.305549359999999979e+02
1.887440000000000146e+04 9.949796471847747407e-04 8.305577829999999722e+02 8.305591020000000526e+02
2.044720000000000073e+04 6.318382918477473756e-05 8.305682639999999992e+02 8.305695349999999735e+02
2.202009999999999854e+04 -1.607542732815225167e-03 8.306517089999999826e+02 8.306477989999999636e+02
2.359300000000000000e+04 -1.632961482815225348e-03 8.306624769999999671e+02 8.306593299999999545e+02
2.516579999999999927e+04 -1.881385952815225332e-03 8.306690170000000535e+02 8.306675699999999551e+02
2.831159999999999854e+04 -6.611630781522525582e-05 8.306187190000000555e+02 8.306216960000000427e+02
3.145729999999999927e+04 3.128203991847747570e-04 8.305950980000000072e+02 8.305968239999999696e+02
3.460300000000000000e+04 7.674954371847746929e-04 8.305522740000000113e+02 8.305528430000000526e+02
3.774869999999999709e+04 1.576134147184774870e-03 8.305627799999999752e+02 8.305653250000000298e+02
4.089450000000000000e+04 1.925486901847747430e-04 8.306055249999999432e+02 8.306088849999999866e+02
4.404019999999999709e+04 -2.227926442815225325e-03 8.306376989999999978e+02 8.306335820000000467e+02
4.718590000000000146e+04 7.764814871847748167e-04 8.306142640000000483e+02 8.306154470000000174e+02
5.033159999999999854e+04 6.943737971847746548e-04 8.306104769999999462e+02 8.306126910000000407e+02
5.662309999999999854e+04 4.775133751847747887e-04 8.307164099999999962e+02 8.307166700000000219e+02
6.291459999999999854e+04 3.371007381847747082e-04 8.310213439999999991e+02 8.310213189999999486e+02
6.920600000000000000e+04 -6.595933058152252332e-04 8.308693419999999605e+02 8.308674929999999677e+02
7.549750000000000000e+04 -1.579531922815225180e-03 8.308775970000000370e+02 8.308761200000000144e+02
8.178889999999999418e+04 -7.475615708152252674e-04 8.309154760000000124e+02 8.309147130000000061e+02
8.808039999999999418e+04 -3.615002255152252597e-04 8.311643139999999903e+02 8.311654029999999693e+02
9.437180000000000291e+04 -3.411998561152252449e-04 8.311965969999999970e+02 8.311976200000000290e+02
1.006630000000000000e+05 -1.843739992815225269e-03 8.310193020000000388e+02 8.310179289999999810e+02
1.132460000000000000e+05 8.473941671847747166e-04 8.312453189999999950e+02 8.312477860000000192e+02
1.258290000000000000e+05 7.562016518477475109e-05 8.308807070000000294e+02 8.308814119999999548e+02
1.384120000000000000e+05 -3.673424399152252812e-04 8.307739850000000388e+02 8.307765130000000227e+02
1.509950000000000000e+05 -1.391333518815225179e-03 8.305301060000000462e+02 8.305312350000000379e+02
1.635780000000000000e+05 -4.015633805052252732e-04 8.299268650000000207e+02 8.299273439999999482e+02
1.761610000000000000e+05 -4.223323199152252596e-04 8.302413709999999583e+02 8.302413219999999683e+02
1.887440000000000000e+05 1.407082677184774656e-03 8.302659300000000258e+02 8.302690069999999878e+02
2.013270000000000000e+05 -3.919942931752252546e-04 8.311378979999999501e+02 8.311383540000000494e+02
2.264920000000000000e+05 5.097123401847747197e-04 8.312047880000000077e+02 8.312046030000000201e+02
2.516580000000000000e+05 4.311593021847747852e-04 8.299257529999999861e+02 8.299265609999999924e+02
2.768240000000000000e+05 7.297411271847747613e-04 8.293880289999999604e+02 8.293919029999999566e+02
3.019900000000000000e+05 1.642773127184774798e-03 8.288090069999999514e+02 8.288144640000000436e+02
3.271560000000000000e+05 2.372486977184774977e-03 8.307193879999999808e+02 8.307235160000000178e+02
3.523220000000000000e+05 -1.017264967815225242e-03 8.297584239999999909e+02 8.297601310000000012e+02
