1 32.16891554222889
2 10.215892053973013
3 3.7051474262868567
4 1.527736131934033
5 0.6936531734132934
6 0.32733633183408295
7 0.1924037981009495
8 0.11094452773613193
9 0.06296851574212893
10 0.03398300849575212
11 0.022988505747126436
12 0.015992003998001
13 0.013993003498250875
14 0.001999000499750125
15 0.004997501249375313
16 0.0034982508745627187
17 0.001999000499750125
18 0.0024987506246876563
19 0.001999000499750125
20 0.0009995002498750624
21 0.0004997501249375312
23 0.0004997501249375312
24 0.0004997501249375312
26 0.0004997501249375312
871 0.0004997501249375312
875 0.0004997501249375312
877 0.0014992503748125937
879 0.0004997501249375312
881 0.0004997501249375312
882 0.0014992503748125937
884 0.0004997501249375312
885 0.0024987506246876563
886 0.0004997501249375312
887 0.001999000499750125
888 0.0009995002498750624
889 0.001999000499750125
890 0.0029985007496251873
891 0.0024987506246876563
892 0.00399800099950025
893 0.004997501249375313
894 0.005997001499250375
895 0.005497251374312844
896 0.004497751124437781
897 0.004997501249375313
898 0.005497251374312844
899 0.0069965017491254375
900 0.0069965017491254375
901 0.004997501249375313
902 0.013493253373313344
903 0.01199400299850075
904 0.013493253373313344
905 0.01699150424787606
906 0.014492753623188406
907 0.017991004497751123
908 0.01899050474762619
909 0.01999000499750125
910 0.018490754622688656
911 0.01999000499750125
912 0.02348825587206397
913 0.017991004497751123
914 0.025987006496751622
915 0.019490254872563718
916 0.03248375812093953
917 0.031484257871064465
918 0.0239880059970015
919 0.03248375812093953
920 0.028985507246376812
921 0.030484757621189407
922 0.02848575712143928
923 0.03698150924537731
924 0.031984007996002
925 0.029985007496251874
926 0.02448775612193903
927 0.028985507246376812
928 0.028985507246376812
929 0.025987006496751622
930 0.022488755622188907
931 0.02148925537231384
932 0.020989505247376312
933 0.02448775612193903
934 0.02048975512243878
935 0.015492253873063468
936 0.01649175412293853
937 0.01899050474762619
938 0.014992503748125937
939 0.013493253373313344
940 0.013993003498250875
941 0.0074962518740629685
942 0.006496751624187906
943 0.0079960019990005
944 0.0079960019990005
945 0.004497751124437781
946 0.006496751624187906
947 0.001999000499750125
948 0.0034982508745627187
949 0.0029985007496251873
950 0.0009995002498750624
951 0.0029985007496251873
952 0.0004997501249375312
955 0.0004997501249375312
