0.000000000000000000e+00 4.322326207864346514e+01 2.019661869999999908e+02 2.475562920000000133e+02
6.000000000000000125e-03 4.275555757864346873e+01 2.015574000000000012e+02 2.466768319999999903e+02
1.200000000000000025e-02 4.137616687864346687e+01 2.003511839999999893e+02 2.440821270000000140e+02
1.799999999999999864e-02 3.915348987864346952e+01 1.984051550000000077e+02 2.398975250000000017e+02
2.400000000000000050e-02 3.619385967864346298e+01 1.958082670000000007e+02 2.343172340000000133e+02
2.999999999999999889e-02 3.263181057864346712e+01 1.926722159999999917e+02 2.275861700000000098e+02
3.599999999999999728e-02 2.861874267864346422e+01 1.891216400000000135e+02 2.199790299999999945e+02
4.200000000000000261e-02 2.431154887864346392e+01 1.852846279999999979e+02 2.117796150000000068e+02
4.800000000000000100e-02 1.986252327864346157e+01 1.812847409999999968e+02 2.032629220000000032e+02
5.399999999999999939e-02 1.541143177864346470e+01 1.772353090000000009e+02 1.946816350000000000e+02
5.999999999999999778e-02 1.108014787864346395e+01 1.732361940000000118e+02 1.862575940000000116e+02
6.600000000000000311e-02 6.969820268643464267e+00 1.693727749999999901e+02 1.781779659999999978e+02
7.199999999999999456e-02 3.160222648643464360e+00 1.657165589999999895e+02 1.705951750000000118e+02
7.799999999999999989e-02 -2.892526473565356637e-01 1.623266940000000034e+02 1.636293440000000032e+02
8.400000000000000522e-02 -3.337555871356535864e+00 1.592516919999999914e+02 1.573719440000000134e+02
8.999999999999999667e-02 -5.959458741356534972e+00 1.565307980000000043e+02 1.518895550000000014e+02
9.600000000000000200e-02 -8.033182491356535948e+00 1.542964350000000024e+02 1.474382270000000119e+02
1.079999999999999988e-01 -1.109673982135653603e+01 1.508618529999999964e+02 1.406531870000000026e+02
1.199999999999999956e-01 -1.251457992135653541e+01 1.490958650000000034e+02 1.371905319999999904e+02
1.320000000000000062e-01 -1.249361372135653525e+01 1.488862169999999878e+02 1.367396960000000092e+02
1.439999999999999891e-01 -1.133068662135653604e+01 1.499488859999999875e+02 1.387240620000000035e+02
1.559999999999999998e-01 -9.386039631356535295e+00 1.518716929999999934e+02 1.423735790000000065e+02
1.680000000000000104e-01 -7.043802551356534991e+00 1.541960190000000068e+02 1.468487790000000075e+02
1.799999999999999933e-01 -4.661966171356535682e+00 1.565081059999999979e+02 1.513835809999999924e+02
1.920000000000000040e-01 -2.629847841356535820e+00 1.583885449999999935e+02 1.551883929999999907e+02
2.159999999999999976e-01 3.065190346434643609e-01 1.609341970000000117e+02 1.605766350000000102e+02
2.399999999999999911e-01 1.557509938643464320e+00 1.617871260000000007e+02 1.627776929999999993e+02
2.640000000000000124e-01 1.905514178643464396e+00 1.618495509999999911e+02 1.634211170000000095e+02
2.879999999999999782e-01 2.201887128643464031e+00 1.620868220000000122e+02 1.642361659999999972e+02
3.119999999999999996e-01 2.777054018643464239e+00 1.628969979999999964e+02 1.658777139999999974e+02
3.360000000000000209e-01 3.407536688643464373e+00 1.639419969999999864e+02 1.677477759999999876e+02
3.599999999999999867e-01 3.686945058643464002e+00 1.646038570000000050e+02 1.688195680000000038e+02
3.840000000000000080e-01 3.313645638643464064e+00 1.643983699999999999e+02 1.683089879999999994e+02
4.319999999999999951e-01 1.925683838643464485e+00 1.629987470000000087e+02 1.655533859999999891e+02
4.799999999999999822e-01 6.799431166434644069e-01 1.616436510000000055e+02 1.628270890000000009e+02
5.280000000000000249e-01 -3.166083466535636604e-03 1.609076849999999865e+02 1.611815760000000068e+02
5.759999999999999565e-01 -2.894151273565356286e-01 1.604254180000000076e+02 1.602264409999999941e+02
6.239999999999999991e-01 -8.163977845653563881e-02 1.604957389999999862e+02 1.604626580000000047e+02
6.720000000000000417e-01 3.761781246434643400e-01 1.609533399999999972e+02 1.614573249999999973e+02
7.199999999999999734e-01 6.769880096434643946e-01 1.611786800000000142e+02 1.620942660000000046e+02
7.680000000000000160e-01 7.876204856434644297e-01 1.612182830000000138e+02 1.623335879999999918e+02
8.639999999999999902e-01 7.743261926434643616e-01 1.611869169999999940e+02 1.623219850000000122e+02
9.599999999999999645e-01 5.137982666434643964e-01 1.608483589999999879e+02 1.616703890000000001e+02
1.056000000000000050e+00 3.889159576434643717e-01 1.606931979999999953e+02 1.613430490000000077e+02
1.151999999999999913e+00 4.624984506434643428e-01 1.607083149999999989e+02 1.614447820000000036e+02
1.247999999999999998e+00 4.979256886434643703e-01 1.607527080000000126e+02 1.615304739999999981e+02
1.344000000000000083e+00 4.696822676434643795e-01 1.607263079999999889e+02 1.614442779999999971e+02
1.439999999999999947e+00 4.180990956434643691e-01 1.606329780000000085e+02 1.612915260000000046e+02
1.536000000000000032e+00 4.192628996434643596e-01 1.606243880000000104e+02 1.612627889999999979e+02
1.727999999999999980e+00 4.299632996434643584e-01 1.606084009999999864e+02 1.612370559999999955e+02
1.919999999999999929e+00 4.196295536434643814e-01 1.605738959999999906e+02 1.611616019999999878e+02
2.112000000000000099e+00 4.367522116434643387e-01 1.605789120000000025e+02 1.611651650000000018e+02
2.303999999999999826e+00 4.355212176434643534e-01 1.605454279999999869e+02 1.611162759999999992e+02
2.495999999999999996e+00 4.434774666434643797e-01 1.605116999999999905e+02 1.610949709999999868e+02
2.688000000000000167e+00 4.532349426434643669e-01 1.605395320000000083e+02 1.611182200000000080e+02
2.879999999999999893e+00 4.552525026434643407e-01 1.604908599999999979e+02 1.610655680000000132e+02
3.072000000000000064e+00 4.540228066434643384e-01 1.605097879999999861e+02 1.610976660000000038e+02
3.455999999999999961e+00 4.471138896434643795e-01 1.604986639999999909e+02 1.610839249999999936e+02
3.839999999999999858e+00 4.407247576434643599e-01 1.604832670000000121e+02 1.610739969999999914e+02
4.224000000000000199e+00 4.355289416434643401e-01 1.604650249999999971e+02 1.610549139999999966e+02
4.607999999999999652e+00 4.272010076434643588e-01 1.604511489999999867e+02 1.610290789999999959e+02
4.991999999999999993e+00 4.180109346434643380e-01 1.604266939999999977e+02 1.609936590000000081e+02
5.376000000000000334e+00 4.085111626434643761e-01 1.604048349999999914e+02 1.609675689999999975e+02
5.759999999999999787e+00 3.961702436434643704e-01 1.603772820000000081e+02 1.609105869999999925e+02
6.144000000000000128e+00 3.850980886434643424e-01 1.603681699999999921e+02 1.608866050000000030e+02
6.911999999999999922e+00 3.670249446434643570e-01 1.603357579999999984e+02 1.608301120000000139e+02
7.679999999999999716e+00 3.469506196434643530e-01 1.602959820000000093e+02 1.607627319999999997e+02
8.448000000000000398e+00 3.297244666434643312e-01 1.602514569999999878e+02 1.606950449999999933e+02
9.215999999999999304e+00 3.138158206434643605e-01 1.602238480000000038e+02 1.606476120000000094e+02
9.983999999999999986e+00 3.030254166434643293e-01 1.601974069999999983e+02 1.606082150000000013e+02
1.075200000000000067e+01 2.861367656434643525e-01 1.601717859999999973e+02 1.605566800000000001e+02
1.151999999999999957e+01 2.732154926434643416e-01 1.601335500000000138e+02 1.605026770000000056e+02
1.228800000000000026e+01 2.581752836434643705e-01 1.601124540000000138e+02 1.604601000000000113e+02
1.382399999999999984e+01 2.383358196434643694e-01 1.600717659999999967e+02 1.603912080000000060e+02
1.535999999999999943e+01 2.199026646434643628e-01 1.600255929999999864e+02 1.603234109999999930e+02
1.689600000000000080e+01 2.029409806434643582e-01 1.599919329999999889e+02 1.602667910000000120e+02
1.843199999999999861e+01 1.886291636434643537e-01 1.599473199999999906e+02 1.602030520000000138e+02
1.996799999999999997e+01 1.724653866434643634e-01 1.599206890000000101e+02 1.601570869999999900e+02
2.150400000000000134e+01 1.602753166434643661e-01 1.598978899999999896e+02 1.601149159999999938e+02
2.303999999999999915e+01 1.487815876434643581e-01 1.598618380000000059e+02 1.600678760000000125e+02
2.457600000000000051e+01 1.397595216434643628e-01 1.598437670000000139e+02 1.600361179999999877e+02
2.764799999999999969e+01 1.212529396434643553e-01 1.598063919999999882e+02 1.599730000000000132e+02
3.071999999999999886e+01 1.025049666434643542e-01 1.597662159999999858e+02 1.599076890000000049e+02
3.379200000000000159e+01 8.931202684346435661e-02 1.597358360000000062e+02 1.598576610000000073e+02
3.686399999999999721e+01 7.688121884346435508e-02 1.597112109999999916e+02 1.598206270000000018e+02
3.993599999999999994e+01 6.675803234346436299e-02 1.596821040000000096e+02 1.597737040000000093e+02
4.300800000000000267e+01 5.807627124346436548e-02 1.596645379999999932e+02 1.597455410000000029e+02
4.607999999999999829e+01 5.018487164346436408e-02 1.596568169999999895e+02 1.597246619999999950e+02
4.915200000000000102e+01 4.371267214346436641e-02 1.596399370000000033e+02 1.597003109999999992e+02
5.529599999999999937e+01 3.092027404346436512e-02 1.596140650000000107e+02 1.596545289999999966e+02
6.143999999999999773e+01 2.471680884346436416e-02 1.596012269999999944e+02 1.596318510000000117e+02
6.758400000000000318e+01 1.849249344346436466e-02 1.595904429999999934e+02 1.596139379999999903e+02
7.372799999999999443e+01 1.295719334346436338e-02 1.595790519999999901e+02 1.595946590000000072e+02
7.987199999999999989e+01 9.087339223464363167e-03 1.595685900000000004e+02 1.595802850000000035e+02
8.601600000000000534e+01 7.426133253464363773e-03 1.595570889999999906e+02 1.595664930000000084e+02
9.215999999999999659e+01 5.031208683464363784e-03 1.595506259999999941e+02 1.595581359999999904e+02
9.830400000000000205e+01 4.361321803464363218e-03 1.595471679999999992e+02 1.595533409999999890e+02
1.105919999999999987e+02 4.975133514643633554e-04 1.595393229999999960e+02 1.595416199999999947e+02
1.228799999999999955e+02 1.052988696436335883e-05 1.595287370000000067e+02 1.595316829999999868e+02
1.351680000000000064e+02 -8.371287635356366519e-04 1.595271999999999935e+02 1.595281129999999905e+02
1.474559999999999889e+02 -1.639905366535636573e-03 1.595169840000000079e+02 1.595183539999999880e+02
1.597439999999999998e+02 -3.619105645356366719e-04 1.595135720000000106e+02 1.595133639999999957e+02
1.720320000000000107e+02 9.747762774643633403e-04 1.595173350000000028e+02 1.595173929999999984e+02
1.843199999999999932e+02 1.797474383464363421e-03 1.595171559999999999e+02 1.595185639999999978e+02
1.966080000000000041e+02 1.088474173464363398e-03 1.595185439999999915e+02 1.595227859999999964e+02
2.211839999999999975e+02 2.660748403464363587e-03 1.595186219999999935e+02 1.595250939999999957e+02
2.457599999999999909e+02 3.031337823464363371e-03 1.595162579999999934e+02 1.595229630000000043e+02
2.703360000000000127e+02 9.980738394643634027e-04 1.595066239999999880e+02 1.595067760000000021e+02
2.949119999999999777e+02 -8.038192695356366447e-04 1.595129100000000051e+02 1.595062819999999988e+02
3.194879999999999995e+02 -2.635621166535636727e-03 1.595335599999999943e+02 1.595243930000000034e+02
3.440640000000000214e+02 4.122838424643634038e-04 1.595209690000000080e+02 1.595200250000000040e+02
3.686399999999999864e+02 9.769628714643634020e-04 1.595203889999999944e+02 1.595239750000000072e+02
3.932160000000000082e+02 1.624351183464363283e-03 1.595215210000000070e+02 1.595254109999999912e+02
4.423679999999999950e+02 6.112025064643634292e-04 1.595242159999999956e+02 1.595245040000000074e+02
4.915199999999999818e+02 -5.418901115356365792e-04 1.595218329999999867e+02 1.595192399999999964e+02
5.406720000000000255e+02 -2.800265596535636559e-03 1.595349490000000117e+02 1.595317980000000091e+02
5.898239999999999554e+02 -1.509263866535636702e-03 1.595430289999999900e+02 1.595411679999999990e+02
6.389759999999999991e+02 -9.157786905356366056e-04 1.595243020000000058e+02 1.595228799999999865e+02
6.881280000000000427e+02 -1.001217866535636641e-03 1.595318179999999870e+02 1.595304529999999943e+02
7.372799999999999727e+02 1.345061963464363455e-03 1.595356370000000084e+02 1.595394420000000082e+02
7.864320000000000164e+02 -1.300358476535636628e-03 1.595363030000000037e+02 1.595347449999999867e+02
8.847359999999999900e+02 1.483649223464363412e-03 1.595189809999999966e+02 1.595209570000000099e+02
9.830399999999999636e+02 9.839322054643632673e-04 1.595218000000000131e+02 1.595222780000000000e+02
1.081339999999999918e+03 9.601463164643633330e-04 1.595404020000000003e+02 1.595387379999999951e+02
1.179650000000000091e+03 6.260724694643634127e-04 1.595486820000000137e+02 1.595472790000000032e+02
1.277950000000000045e+03 -6.366981753563664395e-05 1.595409260000000131e+02 1.595423820000000035e+02
1.376259999999999991e+03 1.153274708643633578e-04 1.595364160000000027e+02 1.595376390000000129e+02
1.474559999999999945e+03 6.783255074643634126e-04 1.595353929999999991e+02 1.595354289999999935e+02
1.572859999999999900e+03 -9.958699565356366433e-04 1.595363049999999987e+02 1.595349229999999920e+02
1.769470000000000027e+03 -3.109805086535636504e-03 1.595355590000000063e+02 1.595303690000000074e+02
1.966079999999999927e+03 1.315774813643633720e-04 1.595421200000000113e+02 1.595388240000000053e+02
2.162690000000000055e+03 -2.325126015356366357e-04 1.595401310000000024e+02 1.595369729999999890e+02
2.359300000000000182e+03 2.086426334643633608e-04 1.595469870000000014e+02 1.595458439999999882e+02
2.555900000000000091e+03 9.244522854643633884e-04 1.595475250000000074e+02 1.595481680000000040e+02
2.752510000000000218e+03 6.783872634643634122e-04 1.595411070000000109e+02 1.595420980000000100e+02
2.949119999999999891e+03 -5.255885645356365640e-04 1.595579370000000097e+02 1.595570040000000063e+02
3.145730000000000018e+03 5.908581524643633865e-04 1.595648960000000045e+02 1.595637670000000128e+02
3.538940000000000055e+03 3.235384164643633799e-04 1.595475920000000087e+02 1.595479449999999986e+02
3.932159999999999854e+03 2.433330084643633615e-04 1.595506139999999959e+02 1.595503940000000114e+02
4.325380000000000109e+03 3.529163064643633203e-04 1.595524069999999881e+02 1.595538970000000063e+02
4.718590000000000146e+03 2.971469814643633170e-04 1.595371379999999988e+02 1.595377880000000062e+02
5.111810000000000400e+03 2.213007954643633637e-04 1.595437479999999937e+02 1.595433559999999886e+02
5.505020000000000437e+03 -1.535264506535636512e-03 1.595336159999999950e+02 1.595311660000000131e+02
5.898239999999999782e+03 -2.607149045356366027e-04 1.595361350000000016e+02 1.595372979999999927e+02
6.291460000000000036e+03 -1.092241166535636715e-03 1.595352919999999983e+02 1.595351740000000120e+02
7.077890000000000327e+03 -1.148611426535636575e-03 1.595310369999999978e+02 1.595281919999999900e+02
7.864319999999999709e+03 -3.280632895356366428e-04 1.595388890000000117e+02 1.595371910000000071e+02
8.650750000000000000e+03 -1.119895155356366427e-04 1.595273589999999899e+02 1.595256960000000106e+02
9.437180000000000291e+03 3.345594444643633239e-04 1.595344100000000083e+02 1.595353200000000129e+02
1.022360000000000036e+04 7.291697874643633540e-04 1.595332200000000000e+02 1.595349089999999990e+02
1.101000000000000000e+04 -3.804526233563664526e-05 1.595385819999999910e+02 1.595389839999999992e+02
1.179650000000000000e+04 7.969120286436336240e-05 1.595423700000000053e+02 1.595418009999999924e+02
1.258289999999999964e+04 -5.303921295356366387e-04 1.595216389999999933e+02 1.595205929999999910e+02
1.415579999999999927e+04 -6.723490235636641319e-06 1.595118889999999965e+02 1.595123470000000054e+02
1.572860000000000036e+04 6.830259056436336002e-05 1.595154599999999903e+02 1.595157409999999913e+02
1.730150000000000000e+04 1.271450495643633590e-04 1.594973270000000127e+02 1.594962580000000116e+02
1.887440000000000146e+04 3.785175773436336025e-05 1.594755680000000098e+02 1.594757810000000120e+02
2.044720000000000073e+04 -1.502411555356366300e-04 1.594728110000000072e+02 1.594734060000000113e+02
2.202009999999999854e+04 1.569916464643633658e-04 1.594636289999999974e+02 1.594635120000000086e+02
2.359300000000000000e+04 -8.205582253563664750e-05 1.594704930000000047e+02 1.594706669999999917e+02
2.516579999999999927e+04 -2.210971115356366167e-04 1.594569830000000081e+02 1.594576979999999935e+02
2.831159999999999854e+04 7.126368574643634005e-04 1.594445519999999874e+02 1.594452139999999929e+02
3.145729999999999927e+04 -1.450679245356366321e-04 1.594609279999999956e+02 1.594601240000000075e+02
3.460300000000000000e+04 -5.792709225356366433e-04 1.594141009999999881e+02 1.594128599999999949e+02
3.774869999999999709e+04 -4.025877495356366140e-04 1.594277449999999874e+02 1.594276930000000050e+02
4.089450000000000000e+04 -9.484948253563665064e-05 1.594646700000000124e+02 1.594653549999999882e+02
4.404019999999999709e+04 -4.709779413563664472e-05 1.594908389999999940e+02 1.594908839999999941e+02
4.718590000000000146e+04 -1.681158905356366462e-04 1.594993450000000053e+02 1.594996700000000089e+02
5.033159999999999854e+04 -3.502114865356366607e-04 1.595040639999999996e+02 1.595036059999999907e+02
5.662309999999999854e+04 -1.858798195356366331e-04 1.594883100000000127e+02 1.594887459999999919e+02
6.291459999999999854e+04 1.165918499643633596e-04 1.594284460000000081e+02 1.594279080000000022e+02
6.920600000000000000e+04 -4.188425103563664874e-05 1.594620610000000056e+02 1.594619539999999915e+02
7.549750000000000000e+04 4.103149754643633119e-04 1.594431739999999991e+02 1.594433160000000100e+02
8.178889999999999418e+04 -3.159229385356366335e-04 1.594798130000000072e+02 1.594791629999999998e+02
8.808039999999999418e+04 3.277884364643633220e-04 1.594977230000000077e+02 1.594981679999999926e+02
9.437180000000000291e+04 9.323203746436334901e-05 1.595100559999999916e+02 1.595100930000000119e+02
1.006630000000000000e+05 -5.691431523563664371e-05 1.595481910000000028e+02 1.595482920000000036e+02
1.132460000000000000e+05 -1.560611715356366425e-04 1.594554970000000083e+02 1.594555520000000115e+02
1.258290000000000000e+05 9.756084516436336123e-05 1.593478939999999966e+02 1.593478440000000091e+02
1.384120000000000000e+05 -3.918220143563663597e-05 1.594080590000000086e+02 1.594079869999999914e+02
1.509950000000000000e+05 1.779023814643633441e-04 1.593646850000000086e+02 1.593646300000000053e+02
1.635780000000000000e+05 6.474610056436336182e-05 1.594752459999999985e+02 1.594751400000000103e+02
1.761610000000000000e+05 1.075377831643633544e-04 1.594473779999999863e+02 1.594473199999999906e+02
1.887440000000000000e+05 2.810502836436335790e-05 1.594985800000000040e+02 1.594988730000000032e+02
2.013270000000000000e+05 3.549038091436335925e-05 1.595415529999999933e+02 1.595416179999999997e+02
2.264920000000000000e+05 -1.011265875356366455e-04 1.597387019999999893e+02 1.597384629999999959e+02
2.516580000000000000e+05 4.242400358436335529e-05 1.597774279999999862e+02 1.597772879999999986e+02
2.768240000000000000e+05 3.613125885436335597e-05 1.596063069999999868e+02 1.596065150000000017e+02
3.019900000000000000e+05 1.030612420643633537e-04 1.598852829999999869e+02 1.598853029999999933e+02
3.271560000000000000e+05 1.210083570643633510e-04 1.595978450000000066e+02 1.595975819999999885e+02
3.523220000000000000e+05 -5.147119185356366020e-04 1.599822350000000029e+02 1.599818229999999915e+02
