1.783364452739137165e-05 -2.065874056388781923e-05
2.136548308856212695e-05 8.046017183219628414e-05
2.559677955375326230e-05 1.548605621722458933e-04
3.066605706070808129e-05 -7.303997096572369303e-05
3.673927236337478215e-05 -1.106495897320727498e-04
4.401524888309428025e-05 3.808989236617526175e-04
5.273218574062059995e-05 -2.034661373368476436e-04
6.317545586005619612e-05 3.893550104017047542e-04
7.568694843709958882e-05 6.160744751832968014e-05
9.067626162302277646e-05 8.243217304563539701e-05
1.086341118476983703e-04 1.588439469344317563e-04
1.301483987727815751e-04 -8.857871770797667247e-06
1.559234518055101096e-04 -6.548376387919643848e-05
1.868030882607348551e-04 1.197039705184355031e-04
2.237982380435905231e-04 8.259061576101066912e-05
2.681200392228388451e-04 -3.935195649484592140e-04
3.212194879695813837e-04 2.243505105129208149e-04
3.848349409112377262e-04 6.711093292399053327e-04
4.610490250211105056e-04 1.811024860296155765e-04
5.523568181454331779e-04 -3.198934761216984043e-04
6.617475322451373595e-04 -3.201030238192558342e-04
7.928023734781332972e-04 -3.502863968308982199e-04
9.498117828412663702e-04 8.389621869470801664e-04
1.137915895567115452e-03 -1.589377275571056533e-04
1.363272817600649301e-03 -6.359560611917162119e-05
1.633260228149434551e-03 3.586481687817030632e-04
1.956716908321835553e-03 -2.493742034503651853e-04
2.344232102958094654e-03 7.348885797264575418e-04
2.808492188710344766e-03 6.177815158370332169e-04
3.364695997505505291e-03 1.626411765196540812e-03
4.031052392147918551e-03 1.884078581500555141e-03
4.829376383568766834e-03 3.297075042963494747e-03
5.785803305261514803e-03 2.414923348164874344e-03
6.931644425369398385e-03 2.539574899585359501e-03
8.304412007242075594e-03 3.619577073439912696e-03
9.949047376640537260e-03 5.200075935428797105e-03
1.191939219975077582e-02 5.908134940291638604e-03
1.427995113834232450e-02 6.833567320970120734e-03
1.710800358744030483e-02 1.061334542231814199e-02
2.049613362905708044e-02 1.135434844347448305e-02
2.455526102698339305e-02 1.455070032757850747e-02
2.941827249059695074e-02 1.748172740671077863e-02
3.524437208710595043e-02 1.935785720641413146e-02
4.222429322494752890e-02 2.328644689170142335e-02
5.058654283696582821e-02 2.781801630002967568e-02
6.060488218389501608e-02 3.056463540549156713e-02
7.260728918284178879e-02 3.878206002014097237e-02
8.698669566726323354e-02 4.120561172581186510e-02
1.042138510922011874e-01 4.702858203477118526e-02
1.248527338135775461e-01 5.235356262884729994e-02
1.495790144721999004e-01 6.154517865642730040e-02
1.792021759321816288e-01 6.717401033515835174e-02
2.146920139308514941e-01 7.548928653711170500e-02
2.572103860118786778e-01 8.636886136584184803e-02
3.081492481303358955e-01 8.816945847707272077e-02
3.691762241626821428e-01 9.953044764627434760e-02
4.422892001650091109e-01 1.081189551865589099e-01
5.298817306728854648e-01 1.038396134725918518e-01
6.348213982980841497e-01 1.077270426059221409e-01
7.605436919392877249e-01 1.059204778851331741e-01
9.111644769684296152e-01 9.663791935001921074e-02
1.091614739413848678e+00 7.848704202814991981e-02
1.307802015361988701e+00 5.443132965090736325e-02
1.566803790413518138e+00 4.314312203692160369e-02
1.877099200657428302e+00 1.103260778200642195e-01
2.248846620532375162e+00 2.499517270935052438e-01
2.694216225177998414e+00 4.126518589096034306e-01
3.227788414620279767e+00 5.210942861283011096e-01
3.867031143303493401e+00 5.788518537540759956e-01
4.632871781664883670e+00 5.977227965193155912e-01
5.550382231215015061e+00 5.948824165312993628e-01
6.649599722251863909e+00 5.080422165131348589e-01
7.966510165281469824e+00 2.813526422289915341e-01
9.544226248860709916e+00 -2.524346474043996924e-01
1.143439885213818208e+01 -1.560652936015913816e+00
1.369890797856829856e+01 -4.427986120374350243e+00
1.641188856816823005e+01 -9.301847613853150065e+00
1.966215750885866242e+01 -8.700501277708193371e+00
2.355612130178607799e+01 7.927487762466310706e+00
2.822125957105455996e+01 3.052005720091371899e+01
3.381029846014812534e+01 3.854517071474377587e+01
4.050621054266346022e+01 3.004974721839671048e+01
4.852820493319574524e+01 2.676983819855622215e+01
5.813890370114581430e+01 2.633665873029070426e+01
6.965293952711030556e+01 2.526966529791374327e+01
8.344725606980564692e+01 2.378315287472336337e+01
9.997344825439016347e+01 2.232411315960642995e+01
1.197725464754935416e+02 2.214744512519967756e+01
1.434927287165400287e+02 2.181299724323963929e+01
1.719105404403459829e+02 2.147029162191839546e+01
2.059563169425278772e+02 2.124039501687774489e+01
2.467446404384391201e+02 2.119341418241466712e+01
2.956108289802248805e+02 2.181855066289943679e+01
3.541546517691353984e+02 2.101747674869842086e+01
4.242927020041872765e+02 2.092016570271765019e+01
5.083211418365539203e+02 2.165029167292706092e+01
6.089908735584803026e+02 2.106204358570844093e+01
7.295975979625329728e+02 2.091488405854780552e+01
8.740897081794768155e+02 2.092626870050562715e+01
1.047197551196597942e+03 2.101008792599486696e+01
