0.06 0.010291457300486714
0.138 0.046810162727668046
0.24 0.11447883605422188
0.372 0.21593745073239357
0.542 0.35623809181889904
0.766 0.5509481046928293
1.054 0.8119708972724875
1.432 1.1651276363982317
1.92 1.6335608979539504
2.5580000000000003 2.26540474043638
3.384 3.1035967167196676
4.46 4.191034728630877
5.8580000000000005 5.629154742949782
7.674 7.513271726029641
10.038 9.960261128248606
13.108 13.170227320714828
17.1 17.354457026145493
22.292 22.7878700005971
29.038 29.758685665463368
37.81 38.87103955908707
49.212 50.67366674007178
64.036 66.21388985466432
83.308 86.19900376978393
108.36 112.07980695503306
140.928 145.7482904480311
183.266 189.35959279184704
238.306 246.44567680154483
309.858 320.9139715861712
402.87600000000003 416.0874370550472
523.8 543.125020410066
680.998 707.5595245533647
885.3580000000001 920.0587056283338
1151.026 1194.2329387173206
1496.394 1557.0367464524359
1945.372 2021.2159558940448
2529.044 2630.0064653702943
3287.8160000000003 3423.901612493133
4274.222 4433.949739147315
5556.548 5778.224882106672
5556.7480000000005 5778.39168036801
11113.496000000001 11526.576376837564
16670.244 17245.254429065368
22226.992000000002 22941.083778390028
27783.74 28638.069003885626
33340.488 34293.905744001655
38897.236000000004 39945.470244368524
44453.984000000004 45588.587677575604
50010.732 51229.90030680963
55567.48 56892.20854448084
61124.228 62591.539688058336
66680.976 68329.641215593
72237.724 74042.25184387517
77794.47200000001 79766.62667734116
83351.22 85471.69092345101
88907.96800000001 91188.26585638139
94464.716 96870.61879401744
100021.464 102596.03507192366
105578.212 108281.52694338348
111134.96 113924.30331823314
116691.708 119577.20929685126
122248.456 125239.44426564498
127805.204 130915.98576516638
133361.952 136558.62053852752
138918.7 142223.00288150058
144475.448 147906.8473440572
150032.196 153584.97119003726
155588.94400000002 159166.64096050584
161145.692 164718.8491171592
166702.44 170254.93145741973
172259.188 175770.67276219738
177815.93600000002 181359.87402863734
183372.684 186921.48768699533
188929.432 192425.10359862674
194486.18 197973.57878376535
200042.928 203527.93944623138
205599.676 209096.1571869114
211156.424 214646.2859076351
216713.172 220185.40806672326
222269.92 225706.19317996153
227826.668 231137.70384504393
233383.416 236602.08095542443
238940.16400000002 242005.68213065463
244496.912 247382.04817951596
250053.66 252786.21168387332
255610.408 258165.07137315453
261167.15600000002 263507.1638059951
266723.904 268795.5747864344
272280.652 274006.76556830603
277837.4 279150.5491470926
283394.148 284163.97593682894
288950.896 289210.421903086
294507.64400000003 294403.1918915284
300064.392 299335.8289956034
305621.14 304150.69468724786
311177.88800000004 309035.52631640894
316734.636 313862.5690465875
322291.384 318493.7964776732
327848.132 323348.2919506585
333404.88 328186.25552897743
338961.628 333107.4569584742
344518.376 337702.40432510816
350075.124 342229.70458999666
355631.87200000003 346944.935648202
361188.62 351647.68594897364
366745.368 356330.9936524997
372302.116 360754.6166326363
377858.864 365119.9823129653
383415.612 369408.61547119234
388972.36 373484.00811076124
394529.108 377442.1084805283
