1 180.52916314454777
2 48.27387996618766
3 20.54437869822485
4 11.180050718512257
5 6.805579036348267
6 4.586644125105663
7 3.2704987320371934
8 2.415046491969569
9 1.7920540997464074
10 1.5105663567202028
11 1.272189349112426
12 0.9864750633981403
13 0.871513102282333
14 0.7311918850380389
15 0.6483516483516484
16 0.5342349957734573
17 0.452240067624683
18 0.41166525781910396
19 0.3609467455621302
20 0.35502958579881655
21 0.31783601014370244
22 0.2882502113271344
23 0.25274725274725274
24 0.2231614539306847
25 0.21048182586644126
26 0.16398985629754861
27 0.16060862214708369
28 0.17159763313609466
29 0.14285714285714285
30 0.13355874894336434
31 0.13440405748098055
32 0.10397295012679628
33 0.10397295012679628
34 0.10481825866441251
35 0.11242603550295859
36 0.1158072696534235
37 0.08030431107354184
38 0.07438715131022823
39 0.08453085376162299
40 0.08791208791208792
41 0.08875739644970414
42 0.06170752324598478
43 0.073541842772612
44 0.05325443786982249
45 0.07776838546069316
46 0.04818258664412511
47 0.05325443786982249
48 0.04818258664412511
49 0.052409129332206254
50 0.049873203719357564
51 0.047337278106508875
52 0.04902789518174133
53 0.039729501267962805
54 0.04142011834319527
55 0.039729501267962805
56 0.04649196956889264
57 0.03127641589180051
58 0.032121724429416736
59 0.034657650042265425
60 0.03296703296703297
61 0.027049873203719356
62 0.027895181741335588
63 0.034657650042265425
64 0.028740490278951817
65 0.034657650042265425
66 0.01944209636517329
67 0.029585798816568046
68 0.024513947590870666
69 0.02197802197802198
70 0.026204564666103127
71 0.02028740490278952
72 0.018596787827557058
73 0.018596787827557058
74 0.01775147928994083
75 0.02197802197802198
76 0.011834319526627219
77 0.0253592561284869
78 0.023668639053254437
79 0.02028740490278952
80 0.01267962806424345
81 0.015215553677092139
82 0.015215553677092139
83 0.01098901098901099
84 0.013524936601859678
85 0.01014370245139476
86 0.01944209636517329
87 0.0169061707523246
88 0.01014370245139476
89 0.0169061707523246
90 0.009298393913778529
91 0.0169061707523246
92 0.01775147928994083
93 0.014370245139475908
94 0.0169061707523246
95 0.0169061707523246
96 0.01098901098901099
97 0.013524936601859678
98 0.015215553677092139
99 0.01098901098901099
100 0.0169061707523246
101 0.014370245139475908
102 0.009298393913778529
103 0.005917159763313609
104 0.006762468300929839
105 0.01014370245139476
106 0.009298393913778529
107 0.01014370245139476
108 0.01014370245139476
109 0.0084530853761623
110 0.0076077768385460695
111 0.009298393913778529
112 0.006762468300929839
113 0.006762468300929839
114 0.0076077768385460695
115 0.0084530853761623
116 0.009298393913778529
117 0.0076077768385460695
118 0.0084530853761623
119 0.009298393913778529
120 0.005917159763313609
121 0.005917159763313609
122 0.006762468300929839
123 0.00507185122569738
124 0.0084530853761623
125 0.0084530853761623
126 0.011834319526627219
127 0.005917159763313609
128 0.009298393913778529
129 0.00507185122569738
130 0.0076077768385460695
131 0.0076077768385460695
132 0.0076077768385460695
133 0.006762468300929839
134 0.0084530853761623
135 0.0084530853761623
136 0.01014370245139476
137 0.0033812341504649195
138 0.006762468300929839
139 0.0084530853761623
140 0.00422654268808115
141 0.006762468300929839
142 0.00422654268808115
143 0.0033812341504649195
144 0.0033812341504649195
145 0.006762468300929839
146 0.0076077768385460695
147 0.005917159763313609
148 0.0076077768385460695
149 0.006762468300929839
150 0.00507185122569738
151 0.006762468300929839
152 0.00507185122569738
153 0.005917159763313609
154 0.006762468300929839
155 0.00253592561284869
156 0.00422654268808115
157 0.0084530853761623
158 0.00422654268808115
159 0.0033812341504649195
160 0.00507185122569738
161 0.00507185122569738
162 0.006762468300929839
163 0.00253592561284869
164 0.005917159763313609
165 0.0033812341504649195
166 0.0016906170752324597
167 0.005917159763313609
168 0.00507185122569738
169 0.009298393913778529
170 0.00253592561284869
171 0.0076077768385460695
172 0.0033812341504649195
173 0.0033812341504649195
174 0.0033812341504649195
175 0.00422654268808115
176 0.0033812341504649195
177 0.00253592561284869
178 0.0076077768385460695
179 0.00507185122569738
180 0.005917159763313609
181 0.0033812341504649195
182 0.00253592561284869
183 0.00507185122569738
184 0.0033812341504649195
185 0.0008453085376162299
186 0.00507185122569738
187 0.01098901098901099
188 0.00422654268808115
189 0.0033812341504649195
190 0.0076077768385460695
191 0.00507185122569738
192 0.005917159763313609
193 0.00507185122569738
194 0.005917159763313609
195 0.0008453085376162299
196 0.00422654268808115
197 0.00253592561284869
198 0.0033812341504649195
199 0.0016906170752324597
200 0.0016906170752324597
201 0.00422654268808115
202 0.006762468300929839
203 0.00253592561284869
204 0.00253592561284869
205 0.0076077768385460695
206 0.0016906170752324597
207 0.0033812341504649195
208 0.00422654268808115
209 0.0008453085376162299
210 0.006762468300929839
211 0.00253592561284869
212 0.00422654268808115
213 0.0033812341504649195
214 0.0033812341504649195
215 0.006762468300929839
216 0.00253592561284869
217 0.006762468300929839
218 0.00253592561284869
219 0.005917159763313609
220 0.00422654268808115
221 0.0033812341504649195
222 0.0016906170752324597
223 0.00422654268808115
224 0.0033812341504649195
225 0.00253592561284869
226 0.00253592561284869
227 0.005917159763313609
228 0.00507185122569738
229 0.0076077768385460695
230 0.00507185122569738
231 0.0033812341504649195
232 0.00507185122569738
233 0.0016906170752324597
234 0.0016906170752324597
236 0.00253592561284869
237 0.006762468300929839
238 0.00253592561284869
239 0.0008453085376162299
240 0.0008453085376162299
241 0.00422654268808115
242 0.00253592561284869
243 0.00507185122569738
244 0.0033812341504649195
245 0.0016906170752324597
246 0.00253592561284869
247 0.00253592561284869
248 0.00253592561284869
249 0.0008453085376162299
250 0.00253592561284869
251 0.0033812341504649195
252 0.0008453085376162299
253 0.00422654268808115
254 0.0033812341504649195
255 0.0033812341504649195
256 0.0033812341504649195
257 0.00422654268808115
259 0.00253592561284869
260 0.0016906170752324597
262 0.0008453085376162299
263 0.0016906170752324597
264 0.00253592561284869
265 0.0008453085376162299
266 0.0033812341504649195
267 0.0016906170752324597
268 0.0008453085376162299
269 0.0008453085376162299
270 0.0008453085376162299
271 0.0016906170752324597
272 0.0016906170752324597
273 0.00422654268808115
274 0.0016906170752324597
275 0.0016906170752324597
276 0.0016906170752324597
277 0.00253592561284869
278 0.00253592561284869
279 0.0008453085376162299
280 0.0033812341504649195
281 0.0016906170752324597
283 0.0016906170752324597
284 0.00422654268808115
285 0.0016906170752324597
286 0.0016906170752324597
287 0.0008453085376162299
288 0.0008453085376162299
290 0.00253592561284869
291 0.0016906170752324597
292 0.0008453085376162299
293 0.0008453085376162299
294 0.0008453085376162299
295 0.0016906170752324597
296 0.00253592561284869
297 0.00253592561284869
298 0.0008453085376162299
299 0.0016906170752324597
300 0.0008453085376162299
301 0.0033812341504649195
302 0.0016906170752324597
303 0.00422654268808115
304 0.0016906170752324597
305 0.0008453085376162299
306 0.0016906170752324597
307 0.0008453085376162299
308 0.0016906170752324597
309 0.0008453085376162299
310 0.00253592561284869
311 0.00253592561284869
312 0.0033812341504649195
313 0.00253592561284869
314 0.0008453085376162299
315 0.0016906170752324597
317 0.0008453085376162299
318 0.0016906170752324597
319 0.0008453085376162299
321 0.0008453085376162299
322 0.0016906170752324597
324 0.0016906170752324597
325 0.0008453085376162299
326 0.00422654268808115
327 0.0008453085376162299
330 0.0016906170752324597
331 0.0008453085376162299
332 0.0016906170752324597
334 0.0033812341504649195
336 0.0016906170752324597
337 0.00253592561284869
338 0.0008453085376162299
339 0.0008453085376162299
341 0.0008453085376162299
342 0.0008453085376162299
343 0.0016906170752324597
344 0.00253592561284869
345 0.0008453085376162299
347 0.00253592561284869
350 0.0033812341504649195
351 0.0016906170752324597
352 0.0016906170752324597
355 0.0008453085376162299
357 0.0008453085376162299
358 0.0008453085376162299
360 0.0033812341504649195
361 0.0008453085376162299
364 0.0008453085376162299
365 0.0008453085376162299
366 0.0008453085376162299
368 0.0008453085376162299
369 0.0008453085376162299
370 0.0016906170752324597
372 0.0008453085376162299
374 0.0008453085376162299
376 0.0008453085376162299
378 0.0008453085376162299
380 0.0016906170752324597
381 0.0016906170752324597
382 0.0016906170752324597
383 0.0008453085376162299
393 0.0008453085376162299
394 0.0008453085376162299
397 0.00253592561284869
400 0.0016906170752324597
401 0.0008453085376162299
402 0.00253592561284869
403 0.0008453085376162299
405 0.0008453085376162299
412 0.0008453085376162299
420 0.0008453085376162299
421 0.0008453085376162299
423 0.0008453085376162299
427 0.0008453085376162299
430 0.0008453085376162299
431 0.0008453085376162299
435 0.0008453085376162299
442 0.0016906170752324597
443 0.0008453085376162299
463 0.0008453085376162299
494 0.0008453085376162299
503 0.0008453085376162299
523 0.0008453085376162299
