0.06 0.015316589739153313
0.138 0.06864638624081199
0.24 0.16583218279008455
0.372 0.3108898923319733
0.542 0.5140363652992431
0.766 0.7957011698741696
1.054 1.1730511462078463
1.432 1.6929095200962787
1.92 2.3673972092046975
2.5580000000000003 3.2768765306530927
3.384 4.458565840228003
4.46 6.019576404806933
5.8580000000000005 8.005418765172042
7.674 10.610756956371942
10.038 14.02810164068234
13.108 18.536660963547437
17.1 24.463263423515016
22.292 32.12943946563186
29.038 41.994766522959196
37.81 54.645230816838314
49.212 71.53898670209057
64.036 93.27217640311146
83.308 122.01007309737022
108.36 158.98248417991252
140.928 206.94079366655964
183.266 269.27919737966334
238.306 351.1762836475016
309.858 456.82283750658837
402.87600000000003 593.7634705666603
523.8 770.0067535019764
680.998 1004.877567352245
885.3580000000001 1302.1071655585063
1151.026 1692.824136633918
1496.394 2206.5655920847116
1945.372 2861.0566988630917
2529.044 3715.506504994931
3287.8160000000003 4834.135984434486
4274.222 6272.464578608069
5556.548 8161.535981392101
5556.7480000000005 8161.937708840354
11113.496000000001 16269.574391952998
16670.244 24381.58915189311
22226.992000000002 32493.699409914978
27783.74 40564.484933000145
33340.488 48564.723138709676
38897.236000000004 56591.56842362203
44453.984000000004 64572.720770267166
50010.732 72591.13463544345
55567.48 80626.99227506659
61124.228 88639.53801942608
66680.976 96646.27708507639
72237.724 104708.28865816783
77794.47200000001 112870.33187897243
83351.22 120953.97559305164
88907.96800000001 129039.35431539481
94464.716 137176.6601556803
100021.464 145412.26885035535
105578.212 153650.44285695048
111134.96 161865.4019939324
116691.708 170157.5440265379
122248.456 178473.6638170728
127805.204 186753.9992329543
133361.952 195020.5592926054
138918.7 203305.51379747633
144475.448 211596.65452204627
150032.196 219964.29380450796
155588.94400000002 228443.5148051144
161145.692 237082.1276525878
166702.44 245576.71420281872
172259.188 254034.41599249386
177815.93600000002 262482.1049874751
183372.684 270896.521094317
188929.432 279336.298572429
194486.18 287832.2315731828
200042.928 296307.8377321241
205599.676 304674.9971914267
211156.424 313131.611903212
216713.172 321594.3442181941
222269.92 330113.8564424595
227826.668 338436.1954312246
233383.416 346872.28240197187
238940.16400000002 355295.06202553323
244496.912 363659.9718956697
250053.66 372228.7297535972
255610.408 380826.03894167946
261167.15600000002 389665.09557146294
266723.904 398651.6863342268
272280.652 407669.59063656966
277837.4 416814.54458680714
283394.148 425976.3593142382
288950.896 434979.11002392566
294507.64400000003 443999.8667797799
300064.392 453132.01661354
305621.14 462054.1638372012
311177.88800000004 470729.1896839924
316734.636 479160.3267768908
322291.384 487843.3164948071
327848.132 496398.2846505473
333404.88 505194.3669420875
338961.628 513871.66126963054
344518.376 522873.8234942416
350075.124 532402.2995858225
355631.87200000003 542057.2854809385
361188.62 550805.4813114548
366745.368 558595.8235187315
372302.116 565999.9776429448
377858.864 574693.5027903353
383415.612 583118.9163708045
388972.36 592042.0091854662
394529.108 603661.2869973574
