0.000000000000000000e+00 2.343149410351979611e+01 1.414883049999999912e+03 1.440256260000000111e+03
6.000000000000000125e-03 2.317288670351979718e+01 1.414663260000000037e+03 1.439767309999999952e+03
1.200000000000000025e-02 2.240984690351979580e+01 1.414014280000000099e+03 1.438323930000000018e+03
1.799999999999999864e-02 2.117905320351979626e+01 1.412965639999999894e+03 1.435993050000000039e+03
2.400000000000000050e-02 1.953745770351979516e+01 1.411562830000000076e+03 1.432878249999999980e+03
2.999999999999999889e-02 1.755716150351979721e+01 1.409863139999999930e+03 1.429110439999999926e+03
3.599999999999999728e-02 1.531944280351979693e+01 1.407930749999999989e+03 1.424836980000000040e+03
4.200000000000000261e-02 1.290875680351979682e+01 1.405831950000000006e+03 1.420210900000000038e+03
4.800000000000000100e-02 1.040738960351979614e+01 1.403630930000000035e+03 1.415381200000000035e+03
5.399999999999999939e-02 7.891224613519795206e+00 1.401386569999999892e+03 1.410485419999999976e+03
5.999999999999999778e-02 5.426838313519795065e+00 1.399150499999999965e+03 1.405644600000000082e+03
6.600000000000000311e-02 3.069927143519795454e+00 1.396966190000000097e+03 1.400960790000000088e+03
7.199999999999999456e-02 8.649117685197956762e-01 1.394869110000000092e+03 1.396516620000000103e+03
7.799999999999999989e-02 -1.154529846480204291e+00 1.392887500000000045e+03 1.392376639999999952e+03
8.400000000000000522e-02 -2.964289836480204610e+00 1.391043629999999894e+03 1.388589570000000094e+03
8.999999999999999667e-02 -4.548304806480204299e+00 1.389355099999999993e+03 1.385191160000000082e+03
9.600000000000000200e-02 -5.836899896480204575e+00 1.387881440000000111e+03 1.382315029999999979e+03
1.079999999999999988e-01 -7.812787436480205017e+00 1.385401769999999942e+03 1.377660000000000082e+03
1.199999999999999956e-01 -8.834500986480204432e+00 1.383716599999999971e+03 1.374802799999999934e+03
1.320000000000000062e-01 -8.939232716480203678e+00 1.382868829999999889e+03 1.373750780000000077e+03
1.439999999999999891e-01 -8.198207366480204428e+00 1.382859470000000101e+03 1.374430710000000090e+03
1.559999999999999998e-01 -6.724697396480204148e+00 1.383632470000000012e+03 1.376666870000000017e+03
1.680000000000000104e-01 -4.683064516480204276e+00 1.385067189999999982e+03 1.380166009999999915e+03
1.799999999999999933e-01 -2.288808266480204523e+00 1.386984729999999900e+03 1.384525180000000091e+03
1.920000000000000040e-01 1.660716135197956023e-01 1.389177889999999934e+03 1.389240140000000110e+03
2.159999999999999976e-01 4.346243453519795352e+00 1.393365909999999985e+03 1.397761119999999892e+03
2.399999999999999911e-01 6.463797683519795001e+00 1.396363049999999930e+03 1.403032179999999926e+03
2.640000000000000124e-01 6.221236643519794995e+00 1.397581089999999904e+03 1.404129799999999932e+03
2.879999999999999782e-01 4.396894293519795660e+00 1.397182229999999890e+03 1.401963860000000068e+03
3.119999999999999996e-01 2.100762513519795593e+00 1.395720900000000029e+03 1.398192839999999933e+03
3.360000000000000209e-01 1.688839315197955826e-01 1.393858189999999922e+03 1.394334679999999935e+03
3.599999999999999867e-01 -9.980889544802044044e-01 1.392177830000000085e+03 1.391403459999999995e+03
3.840000000000000080e-01 -1.212770416480204450e+00 1.391179460000000063e+03 1.390109059999999999e+03
4.319999999999999951e-01 -6.173988154802043660e-01 1.390488939999999957e+03 1.389881339999999909e+03
4.799999999999999822e-01 1.202845685197956038e-01 1.390999440000000050e+03 1.391074569999999994e+03
5.280000000000000249e-01 2.675411995197956028e-01 1.391686400000000049e+03 1.391944580000000087e+03
5.759999999999999565e-01 3.974991605197956135e-01 1.392255000000000109e+03 1.392741739999999936e+03
6.239999999999999991e-01 5.616640955197956808e-01 1.392548810000000003e+03 1.393290259999999989e+03
6.720000000000000417e-01 4.474847475197956115e-01 1.392332270000000108e+03 1.392969990000000053e+03
7.199999999999999734e-01 4.216257251979559778e-02 1.391684970000000021e+03 1.391851519999999937e+03
7.680000000000000160e-01 -1.479554614802044143e-01 1.391285249999999905e+03 1.391201600000000099e+03
8.639999999999999902e-01 1.310003525197955820e-01 1.391593910000000051e+03 1.391807009999999991e+03
9.599999999999999645e-01 1.259487355197956016e-01 1.391760809999999992e+03 1.392031670000000076e+03
1.056000000000000050e+00 -3.308354318020439999e-02 1.391399259999999913e+03 1.391461659999999938e+03
1.151999999999999913e+00 6.452042811979560866e-02 1.391510819999999967e+03 1.391676179999999931e+03
1.247999999999999998e+00 8.510213049795602516e-03 1.391453170000000000e+03 1.391568819999999960e+03
1.344000000000000083e+00 3.132254351979559676e-02 1.391447949999999992e+03 1.391573120000000017e+03
1.439999999999999947e+00 2.427320401979560227e-02 1.391418229999999994e+03 1.391528409999999894e+03
1.536000000000000032e+00 3.601199601979560017e-02 1.391406019999999899e+03 1.391521220000000085e+03
1.727999999999999980e+00 5.313344911979559632e-02 1.391383190000000013e+03 1.391498499999999922e+03
1.919999999999999929e+00 7.556454371979560991e-02 1.391357389999999896e+03 1.391487570000000005e+03
2.112000000000000099e+00 9.180605991979561009e-02 1.391348230000000058e+03 1.391477560000000040e+03
2.303999999999999826e+00 1.043125525197955983e-01 1.391320150000000012e+03 1.391456770000000006e+03
2.495999999999999996e+00 1.156968565197956100e-01 1.391320200000000114e+03 1.391459100000000035e+03
2.688000000000000167e+00 1.204943605197956041e-01 1.391299040000000105e+03 1.391441759999999931e+03
2.879999999999999893e+00 1.179410405197956063e-01 1.391309670000000096e+03 1.391448779999999942e+03
3.072000000000000064e+00 1.103728255197956032e-01 1.391296740000000000e+03 1.391427280000000110e+03
3.455999999999999961e+00 9.810262681979560473e-02 1.391292429999999968e+03 1.391420779999999922e+03
3.839999999999999858e+00 8.063501241979560696e-02 1.391283640000000105e+03 1.391391720000000078e+03
4.224000000000000199e+00 7.230982701979560279e-02 1.391273549999999886e+03 1.391374409999999898e+03
4.607999999999999652e+00 6.421750451979560403e-02 1.391260289999999941e+03 1.391352939999999990e+03
4.991999999999999993e+00 6.161231991979559952e-02 1.391248779999999897e+03 1.391334200000000010e+03
5.376000000000000334e+00 5.764883331979559628e-02 1.391241989999999987e+03 1.391322460000000092e+03
5.759999999999999787e+00 5.684223551979560030e-02 1.391233619999999974e+03 1.391310750000000098e+03
6.144000000000000128e+00 5.458432681979559498e-02 1.391225940000000037e+03 1.391294139999999970e+03
6.911999999999999922e+00 5.090047281979560162e-02 1.391206329999999980e+03 1.391269960000000083e+03
7.679999999999999716e+00 4.283626981979559573e-02 1.391197049999999990e+03 1.391254169999999931e+03
8.448000000000000398e+00 3.869806751979559811e-02 1.391177349999999933e+03 1.391230520000000070e+03
9.215999999999999304e+00 3.862485171979559984e-02 1.391173610000000053e+03 1.391226850000000013e+03
9.983999999999999986e+00 3.604122191979559908e-02 1.391170229999999947e+03 1.391220399999999927e+03
1.075200000000000067e+01 3.267115971979559635e-02 1.391154019999999946e+03 1.391199039999999968e+03
1.151999999999999957e+01 3.013521821979560020e-02 1.391148239999999987e+03 1.391188360000000102e+03
1.228800000000000026e+01 2.798785971979560194e-02 1.391148249999999962e+03 1.391183620000000019e+03
1.382399999999999984e+01 2.454619381979560033e-02 1.391137559999999894e+03 1.391170000000000073e+03
1.535999999999999943e+01 2.221514171979560234e-02 1.391131440000000111e+03 1.391160419999999931e+03
1.689600000000000080e+01 1.984663191979560079e-02 1.391127430000000004e+03 1.391151579999999967e+03
1.843199999999999861e+01 1.721296941979560263e-02 1.391127850000000080e+03 1.391151329999999916e+03
1.996799999999999997e+01 1.613421501979560302e-02 1.391118770000000040e+03 1.391138230000000021e+03
2.150400000000000134e+01 1.525251781979560135e-02 1.391113820000000032e+03 1.391134669999999915e+03
2.303999999999999915e+01 1.343268171979560173e-02 1.391111679999999978e+03 1.391129249999999956e+03
2.457600000000000051e+01 1.230072971979560142e-02 1.391108979999999974e+03 1.391124450000000024e+03
2.764799999999999969e+01 1.065640551979560140e-02 1.391105659999999943e+03 1.391120269999999891e+03
3.071999999999999886e+01 9.511811779795601579e-03 1.391099989999999934e+03 1.391114679999999908e+03
3.379200000000000159e+01 7.497569279795600686e-03 1.391098009999999931e+03 1.391108850000000075e+03
3.686399999999999721e+01 8.239675479795600943e-03 1.391098310000000083e+03 1.391107960000000048e+03
3.993599999999999994e+01 5.615789099795600973e-03 1.391096559999999954e+03 1.391104559999999992e+03
4.300800000000000267e+01 6.161211419795600830e-03 1.391092650000000049e+03 1.391102149999999938e+03
4.607999999999999829e+01 5.209193569795600443e-03 1.391098529999999982e+03 1.391103689999999915e+03
4.915200000000000102e+01 3.078096289795600928e-03 1.391098430000000008e+03 1.391101760000000013e+03
5.529599999999999937e+01 3.369622439795600614e-03 1.391100760000000037e+03 1.391103879999999890e+03
6.143999999999999773e+01 2.450516769795600767e-03 1.391103749999999991e+03 1.391108120000000099e+03
6.758400000000000318e+01 2.579099539795600641e-03 1.391103290000000015e+03 1.391106839999999920e+03
7.372799999999999443e+01 5.064232357956010211e-04 1.391101989999999887e+03 1.391104460000000017e+03
7.987199999999999989e+01 1.404189989795601081e-03 1.391100470000000087e+03 1.391103939999999966e+03
8.601600000000000534e+01 7.640116087956010495e-04 1.391103069999999889e+03 1.391104599999999891e+03
9.215999999999999659e+01 5.592342497956010123e-04 1.391100889999999936e+03 1.391103069999999889e+03
9.830400000000000205e+01 6.095398167956010780e-04 1.391102339999999913e+03 1.391102949999999964e+03
1.105919999999999987e+02 6.182239179560098633e-05 1.391103789999999890e+03 1.391104440000000068e+03
1.228799999999999955e+02 9.709982697956010510e-04 1.391099069999999983e+03 1.391102159999999913e+03
1.351680000000000064e+02 1.263856419795601109e-03 1.391100220000000036e+03 1.391103489999999965e+03
1.474559999999999889e+02 3.072679837956010388e-04 1.391100140000000010e+03 1.391100159999999960e+03
1.597439999999999998e+02 3.029942507956009815e-04 1.391098340000000007e+03 1.391099609999999984e+03
1.720320000000000107e+02 5.606714167956010700e-04 1.391100140000000010e+03 1.391102229999999963e+03
1.843199999999999932e+02 1.017625339795601028e-03 1.391101120000000037e+03 1.391102579999999989e+03
1.966080000000000041e+02 9.636176897956010099e-04 1.391101400000000012e+03 1.391103929999999991e+03
2.211839999999999975e+02 3.426304507956010612e-04 1.391105399999999918e+03 1.391105800000000045e+03
2.457599999999999909e+02 6.444897057956010429e-04 1.391105819999999994e+03 1.391106399999999894e+03
2.703360000000000127e+02 6.753252517956010283e-04 1.391106389999999919e+03 1.391107899999999972e+03
2.949119999999999777e+02 7.696652379560100371e-05 1.391106250000000045e+03 1.391106230000000096e+03
3.194879999999999995e+02 9.563034779560097127e-05 1.391107019999999920e+03 1.391107780000000048e+03
3.440640000000000214e+02 7.672993037956010211e-04 1.391107829999999922e+03 1.391108060000000023e+03
3.686399999999999864e+02 1.360257509795601049e-03 1.391107259999999997e+03 1.391108879999999999e+03
3.932160000000000082e+02 9.085283497956009313e-04 1.391106189999999970e+03 1.391108420000000024e+03
4.423679999999999950e+02 2.857013487956009843e-04 1.391102990000000091e+03 1.391103990000000067e+03
4.915199999999999818e+02 -7.081420980439899569e-05 1.391101259999999911e+03 1.391101390000000038e+03
5.406720000000000255e+02 2.089188777956009848e-04 1.391097369999999955e+03 1.391097790000000032e+03
5.898239999999999554e+02 -7.722587920439900238e-05 1.391100969999999961e+03 1.391101529999999912e+03
6.389759999999999991e+02 1.288618379560101069e-05 1.391100850000000037e+03 1.391101159999999936e+03
6.881280000000000427e+02 6.158583795601004158e-06 1.391101159999999936e+03 1.391102079999999887e+03
7.372799999999999727e+02 8.459909879560099390e-05 1.391106289999999944e+03 1.391107130000000097e+03
7.864320000000000164e+02 -3.461568120439900719e-05 1.391107469999999921e+03 1.391107979999999998e+03
8.847359999999999900e+02 -1.448416722243989934e-04 1.391105139999999892e+03 1.391105669999999918e+03
9.830399999999999636e+02 -1.494639874333990055e-04 1.391103249999999889e+03 1.391102869999999939e+03
1.081339999999999918e+03 3.991232795601002553e-06 1.391102990000000091e+03 1.391103489999999965e+03
1.179650000000000091e+03 -3.682452372043990355e-04 1.391102759999999989e+03 1.391103020000000015e+03
1.277950000000000045e+03 2.123491677956009774e-04 1.391100349999999935e+03 1.391099920000000111e+03
1.376259999999999991e+03 1.454187987956010039e-04 1.391100290000000086e+03 1.391100280000000112e+03
1.474559999999999945e+03 4.733879795600992937e-06 1.391096350000000029e+03 1.391096150000000080e+03
1.572859999999999900e+03 -1.621823492043990126e-04 1.391091519999999946e+03 1.391091359999999895e+03
1.769470000000000027e+03 3.747392479560099094e-05 1.391084110000000010e+03 1.391085270000000037e+03
1.966079999999999927e+03 -3.344471422043990044e-04 1.391080519999999979e+03 1.391080079999999953e+03
2.162690000000000055e+03 2.520408979560099291e-05 1.391076939999999922e+03 1.391077269999999999e+03
2.359300000000000182e+03 -4.239538402043990274e-04 1.391074550000000045e+03 1.391074650000000020e+03
2.555900000000000091e+03 9.750246279560098443e-05 1.391073079999999891e+03 1.391073679999999968e+03
2.752510000000000218e+03 1.727153917956010239e-04 1.391066620000000057e+03 1.391067080000000033e+03
2.949119999999999891e+03 3.204169737956010303e-04 1.391068639999999959e+03 1.391069809999999961e+03
3.145730000000000018e+03 5.576540979560100949e-05 1.391063799999999901e+03 1.391064270000000079e+03
3.538940000000000055e+03 1.720377317956010247e-04 1.391052040000000034e+03 1.391052490000000034e+03
3.932159999999999854e+03 -5.236148160439900228e-05 1.391052889999999934e+03 1.391052979999999934e+03
4.325380000000000109e+03 2.452197387956009476e-04 1.391060580000000073e+03 1.391061590000000024e+03
4.718590000000000146e+03 -4.594148592043990377e-04 1.391062419999999975e+03 1.391062249999999949e+03
5.111810000000000400e+03 -2.826697520439900842e-05 1.391061830000000100e+03 1.391062010000000100e+03
5.505020000000000437e+03 -1.302078017043990159e-04 1.391080150000000003e+03 1.391080310000000054e+03
5.898239999999999782e+03 -6.053101500439900262e-05 1.391084710000000086e+03 1.391085119999999961e+03
6.291460000000000036e+03 5.614969779560099886e-05 1.391084160000000111e+03 1.391084419999999909e+03
7.077890000000000327e+03 3.464963117956010134e-04 1.391087690000000066e+03 1.391088459999999941e+03
7.864319999999999709e+03 2.427948079560099371e-05 1.391085440000000062e+03 1.391085620000000063e+03
8.650750000000000000e+03 4.059883779560099441e-05 1.391080079999999953e+03 1.391080330000000004e+03
9.437180000000000291e+03 -2.350069395043990074e-04 1.391099770000000035e+03 1.391099740000000111e+03
1.022360000000000036e+04 2.854298067956010515e-04 1.391103149999999914e+03 1.391103869999999915e+03
1.101000000000000000e+04 1.540059379560100887e-05 1.391064949999999953e+03 1.391065430000000106e+03
1.179650000000000000e+04 -8.844788530439900574e-05 1.391048189999999977e+03 1.391048230000000103e+03
1.258289999999999964e+04 2.892757956010074630e-07 1.391036710000000085e+03 1.391036929999999984e+03
1.415579999999999927e+04 9.288279379560099693e-05 1.391051690000000008e+03 1.391052140000000009e+03
1.572860000000000036e+04 1.371591257956009927e-04 1.391024490000000014e+03 1.391024869999999964e+03
1.730150000000000000e+04 -1.087022507043990035e-04 1.391045519999999897e+03 1.391045679999999948e+03
1.887440000000000146e+04 2.274836779560100199e-05 1.391046409999999923e+03 1.391046800000000076e+03
2.044720000000000073e+04 -1.593285865143990088e-04 1.391078350000000000e+03 1.391078279999999950e+03
2.202009999999999854e+04 -7.992612160439900202e-05 1.391076270000000022e+03 1.391076430000000073e+03
2.359300000000000000e+04 -1.260978745043989991e-04 1.391108969999999999e+03 1.391109110000000101e+03
2.516579999999999927e+04 2.179569279560098828e-05 1.391109969999999976e+03 1.391110390000000052e+03
2.831159999999999854e+04 -6.728250600439899588e-05 1.391075959999999895e+03 1.391076270000000022e+03
3.145729999999999927e+04 -6.465078204398997698e-06 1.391077530000000024e+03 1.391077639999999974e+03
3.460300000000000000e+04 -4.741279720439899731e-05 1.391096240000000080e+03 1.391096559999999954e+03
3.774869999999999709e+04 -4.203275520439899641e-05 1.391088179999999966e+03 1.391088289999999915e+03
4.089450000000000000e+04 2.946491179560100488e-05 1.391070919999999887e+03 1.391071239999999989e+03
4.404019999999999709e+04 5.040640795601008346e-06 1.391090089999999918e+03 1.391090149999999994e+03
4.718590000000000146e+04 -2.394009820439900373e-05 1.391091740000000073e+03 1.391091830000000073e+03
5.033159999999999854e+04 -3.931247204399000239e-06 1.391063380000000052e+03 1.391063560000000052e+03
5.662309999999999854e+04 -9.379858330439900301e-05 1.391048780000000079e+03 1.391048819999999978e+03
6.291459999999999854e+04 1.416904579560100078e-05 1.391109519999999975e+03 1.391109750000000076e+03
6.920600000000000000e+04 -6.490628380439899983e-05 1.391146529999999984e+03 1.391146690000000035e+03
7.549750000000000000e+04 -5.286148204398992368e-06 1.391122820000000047e+03 1.391123049999999921e+03
8.178889999999999418e+04 -1.247683220439901441e-05 1.391100760000000037e+03 1.391100959999999986e+03
8.808039999999999418e+04 2.995746279560099331e-05 1.391074399999999969e+03 1.391074830000000020e+03
9.437180000000000291e+04 -5.201347790439900210e-05 1.391076720000000023e+03 1.391076870000000099e+03
1.006630000000000000e+05 -5.871997470439899820e-05 1.391058890000000019e+03 1.391059119999999893e+03
1.132460000000000000e+05 -5.773597920439900455e-05 1.391073100000000068e+03 1.391073319999999967e+03
1.258290000000000000e+05 3.435198479560100707e-05 1.390973279999999932e+03 1.390973610000000008e+03
1.384120000000000000e+05 5.188783879560101057e-05 1.390962629999999990e+03 1.390963029999999890e+03
1.509950000000000000e+05 5.349975779560099285e-05 1.390845620000000054e+03 1.390845970000000079e+03
1.635780000000000000e+05 1.931706795600988350e-06 1.390891090000000077e+03 1.390891390000000001e+03
1.761610000000000000e+05 -1.904202820439900609e-05 1.390974449999999933e+03 1.390974600000000009e+03
1.887440000000000000e+05 -5.154212043990003943e-07 1.391096070000000054e+03 1.391096309999999903e+03
2.013270000000000000e+05 -6.112651860439900515e-05 1.391170980000000100e+03 1.391171119999999974e+03
2.264920000000000000e+05 -6.995339204399008510e-06 1.391412119999999959e+03 1.391412370000000010e+03
2.516580000000000000e+05 -1.081328520439900375e-05 1.391367529999999988e+03 1.391367819999999938e+03
2.768240000000000000e+05 2.786834679560100977e-05 1.391181219999999939e+03 1.391181450000000041e+03
3.019900000000000000e+05 -1.603253620439899557e-05 1.391103550000000041e+03 1.391103640000000041e+03
3.271560000000000000e+05 7.764197079560100937e-05 1.391333540000000085e+03 1.391333849999999984e+03
3.523220000000000000e+05 1.720855407956009716e-04 1.391147410000000036e+03 1.391148120000000063e+03
