0.000000000000000000e+00 1.490674615687992777e+01 5.218376180000000204e+03 5.235459560000000238e+03
3.000000000000000062e-03 1.485410925687992645e+01 5.218328269999999975e+03 5.235355450000000019e+03
6.000000000000000125e-03 1.469738025687992788e+01 5.218185610000000452e+03 5.235045390000000225e+03
8.999999999999999320e-03 1.443997415687992714e+01 5.217951180000000022e+03 5.234535899999999856e+03
1.200000000000000025e-02 1.408735225687992632e+01 5.217629769999999553e+03 5.233837410000000091e+03
1.499999999999999944e-02 1.364677305687992792e+01 5.217227719999999863e+03 5.232963730000000396e+03
1.799999999999999864e-02 1.312698185687992769e+01 5.216752669999999853e+03 5.231931550000000243e+03
2.100000000000000130e-02 1.253786345687992743e+01 5.216213270000000193e+03 5.230759750000000167e+03
2.400000000000000050e-02 1.189008365687992708e+01 5.215618900000000394e+03 5.229468750000000000e+03
2.699999999999999969e-02 1.119473875687992681e+01 5.214979320000000371e+03 5.228079889999999978e+03
2.999999999999999889e-02 1.046302995687992698e+01 5.214304439999999886e+03 5.226614739999999983e+03
3.300000000000000155e-02 9.705973116879926366e+00 5.213604030000000421e+03 5.225094640000000254e+03
3.599999999999999728e-02 8.934150746879927496e+00 5.212887509999999565e+03 5.223540130000000318e+03
3.899999999999999994e-02 8.157509386879926438e+00 5.212163749999999709e+03 5.221970620000000054e+03
4.200000000000000261e-02 7.385201576879927288e+00 5.211440950000000157e+03 5.220404029999999693e+03
4.499999999999999833e-02 6.625470416879926994e+00 5.210726510000000417e+03 5.218856600000000071e+03
4.800000000000000100e-02 5.892088336879926835e+00 5.210032079999999951e+03 5.217354180000000270e+03
5.399999999999999939e-02 4.498002456879927280e+00 5.208701310000000376e+03 5.214479320000000371e+03
5.999999999999999778e-02 3.243565166879926576e+00 5.207484770000000026e+03 5.211859900000000380e+03
6.600000000000000311e-02 2.150576046879926650e+00 5.206402629999999590e+03 5.209541530000000421e+03
7.199999999999999456e-02 1.227039076879926638e+00 5.205462999999999738e+03 5.207543190000000322e+03
7.799999999999999989e-02 4.698636418799266856e-01 5.204664340000000266e+03 5.205862449999999626e+03
8.400000000000000522e-02 -1.320186171200733727e-01 5.203998410000000149e+03 5.204481410000000324e+03
8.999999999999999667e-02 -5.945402821200733712e-01 5.203453010000000177e+03 5.203372699999999895e+03
9.600000000000000200e-02 -9.099240351200733601e-01 5.203037919999999758e+03 5.202557160000000295e+03
1.079999999999999988e-01 -1.306644403120073461e+00 5.202424879999999575e+03 5.201407259999999951e+03
1.199999999999999956e-01 -1.408089173120073312e+00 5.202105969999999616e+03 5.200890610000000379e+03
1.320000000000000062e-01 -1.298846013120073417e+00 5.202028349999999591e+03 5.200862689999999930e+03
1.439999999999999891e-01 -1.032800823120073375e+00 5.202159670000000006e+03 5.201229720000000270e+03
1.559999999999999998e-01 -6.484757041200733818e-01 5.202471249999999600e+03 5.201917360000000372e+03
1.680000000000000104e-01 -1.831922381200733474e-01 5.202925769999999829e+03 5.202844339999999647e+03
1.799999999999999933e-01 3.192409358799266905e-01 5.203473090000000411e+03 5.203910719999999856e+03
1.920000000000000040e-01 7.919940378799266156e-01 5.204046459999999570e+03 5.204977619999999661e+03
2.159999999999999976e-01 1.511641916879926661e+00 5.205044710000000123e+03 5.206731480000000374e+03
2.399999999999999911e-01 1.714005636879926575e+00 5.205590220000000045e+03 5.207492299999999886e+03
2.640000000000000124e-01 1.399952436879926543e+00 5.205587739999999940e+03 5.207157549999999901e+03
2.879999999999999782e-01 8.046094678799265987e-01 5.205181639999999788e+03 5.206113099999999577e+03
3.119999999999999996e-01 2.146615728799266265e-01 5.204619029999999839e+03 5.204908790000000408e+03
3.360000000000000209e-01 -1.827961131200733502e-01 5.204119679999999789e+03 5.203968079999999645e+03
3.599999999999999867e-01 -3.354531991200733199e-01 5.203812899999999900e+03 5.203482469999999921e+03
3.840000000000000080e-01 -2.568533341200733289e-01 5.203774879999999939e+03 5.203521660000000338e+03
4.319999999999999951e-01 5.126093137992664833e-02 5.204010959999999614e+03 5.204095250000000306e+03
4.799999999999999822e-01 2.159846088799266262e-01 5.204276480000000447e+03 5.204562079999999696e+03
5.280000000000000249e-01 1.140560778799266511e-01 5.204233559999999670e+03 5.204413019999999960e+03
5.759999999999999565e-01 -1.271682462007335361e-02 5.204040409999999611e+03 5.204068800000000010e+03
6.239999999999999991e-01 -2.573286932007335520e-02 5.203945730000000367e+03 5.203952110000000175e+03
6.720000000000000417e-01 1.927827087992664556e-02 5.203980739999999969e+03 5.204039850000000115e+03
7.199999999999999734e-01 3.222818027992664647e-02 5.204010900000000220e+03 5.204092620000000352e+03
7.680000000000000160e-01 8.475885709926645958e-03 5.203962730000000192e+03 5.204018869999999879e+03
8.639999999999999902e-01 -1.110891962007335386e-02 5.203884549999999763e+03 5.203910179999999855e+03
9.599999999999999645e-01 -2.755134990073353825e-03 5.203884649999999965e+03 5.203917989999999918e+03
1.056000000000000050e+00 -9.799504550073353734e-03 5.203832910000000084e+03 5.203853509999999915e+03
1.151999999999999913e+00 -5.411991620073353451e-03 5.203803060000000187e+03 5.203814089999999851e+03
1.247999999999999998e+00 -2.063942240073353591e-03 5.203776439999999639e+03 5.203788059999999859e+03
1.344000000000000083e+00 -8.701328520733536296e-04 5.203754700000000412e+03 5.203762240000000020e+03
1.439999999999999947e+00 2.954097509926646194e-03 5.203738720000000285e+03 5.203758909999999560e+03
1.536000000000000032e+00 4.077710669926646291e-03 5.203717980000000352e+03 5.203733170000000428e+03
1.727999999999999980e+00 4.523574719926645900e-03 5.203703279999999722e+03 5.203711830000000191e+03
1.919999999999999929e+00 6.206326069926645927e-03 5.203704929999999877e+03 5.203713450000000194e+03
2.112000000000000099e+00 6.117368029926645995e-03 5.203667519999999968e+03 5.203678869999999733e+03
2.303999999999999826e+00 1.609097359926646301e-03 5.203651929999999993e+03 5.203660050000000410e+03
2.495999999999999996e+00 5.091099559926646687e-03 5.203644800000000032e+03 5.203655590000000302e+03
2.688000000000000167e+00 2.362904959926646290e-03 5.203637709999999970e+03 5.203646399999999630e+03
2.879999999999999893e+00 2.964929229926646127e-03 5.203633020000000215e+03 5.203644510000000082e+03
3.072000000000000064e+00 3.615352749926646451e-03 5.203617470000000139e+03 5.203627309999999852e+03
3.455999999999999961e+00 -8.246482310733535765e-04 5.203625079999999798e+03 5.203624859999999899e+03
3.839999999999999858e+00 -2.301557420073353788e-03 5.203624380000000201e+03 5.203622659999999996e+03
4.224000000000000199e+00 7.633011179266463962e-04 5.203622510000000148e+03 5.203625119999999697e+03
4.607999999999999652e+00 1.258759079926646384e-03 5.203608619999999974e+03 5.203616430000000037e+03
4.991999999999999993e+00 3.506044939266463479e-04 5.203610529999999926e+03 5.203611850000000231e+03
5.376000000000000334e+00 2.237695909926646232e-03 5.203605040000000372e+03 5.203601370000000315e+03
5.759999999999999787e+00 1.305241189926646195e-03 5.203605230000000120e+03 5.203605290000000423e+03
6.144000000000000128e+00 -2.459568860733536613e-04 5.203601620000000366e+03 5.203602829999999813e+03
6.911999999999999922e+00 3.052168769266463424e-04 5.203602299999999559e+03 5.203606120000000374e+03
7.679999999999999716e+00 3.590496889266463188e-04 5.203602210000000014e+03 5.203603549999999814e+03
8.448000000000000398e+00 -1.405463370073353714e-03 5.203597740000000158e+03 5.203594199999999546e+03
9.215999999999999304e+00 -4.553508640733536488e-04 5.203606560000000172e+03 5.203608890000000429e+03
9.983999999999999986e+00 -3.855880780733536312e-04 5.203601740000000063e+03 5.203602380000000267e+03
1.075200000000000067e+01 2.087596839266463665e-04 5.203609709999999723e+03 5.203611969999999928e+03
1.151999999999999957e+01 1.507118579926646201e-03 5.203603519999999662e+03 5.203604489999999714e+03
1.228800000000000026e+01 -6.440795027335363980e-05 5.203603939999999966e+03 5.203605059999999867e+03
1.382399999999999984e+01 2.453167219926646360e-03 5.203598229999999603e+03 5.203602310000000216e+03
1.535999999999999943e+01 -2.003510450073353599e-03 5.203601289999999608e+03 5.203599809999999707e+03
1.689600000000000080e+01 -1.774557090073353681e-03 5.203600559999999859e+03 5.203596300000000156e+03
1.843199999999999861e+01 4.180467219266463812e-04 5.203598909999999705e+03 5.203601560000000063e+03
1.996799999999999997e+01 4.172337592664634575e-05 5.203601929999999811e+03 5.203599239999999554e+03
2.150400000000000134e+01 1.095196669266463614e-04 5.203604199999999764e+03 5.203605990000000020e+03
2.303999999999999915e+01 1.909029229926646320e-03 5.203601020000000062e+03 5.203603500000000167e+03
2.457600000000000051e+01 3.257990099266463535e-04 5.203598630000000412e+03 5.203602350000000115e+03
2.764799999999999969e+01 -1.130286379733536458e-04 5.203596110000000408e+03 5.203596099999999751e+03
3.071999999999999886e+01 -1.927511710073353656e-03 5.203602020000000266e+03 5.203599610000000212e+03
3.379200000000000159e+01 -1.553655940073353720e-03 5.203603210000000217e+03 5.203601020000000062e+03
3.686399999999999721e+01 -1.710432490073353655e-03 5.203603939999999966e+03 5.203601679999999760e+03
3.993599999999999994e+01 1.269506989926646187e-03 5.203604510000000118e+03 5.203605709999999817e+03
4.300800000000000267e+01 -2.936960200733536525e-04 5.203601410000000214e+03 5.203601469999999608e+03
4.607999999999999829e+01 -2.156549090733536687e-04 5.203602170000000115e+03 5.203600919999999860e+03
4.915200000000000102e+01 -1.283823579733536422e-04 5.203606230000000323e+03 5.203605630000000019e+03
5.529599999999999937e+01 1.300474789266463306e-04 5.203609760000000279e+03 5.203610950000000230e+03
6.143999999999999773e+01 -6.175371960733535507e-04 5.203605650000000423e+03 5.203604690000000119e+03
6.758400000000000318e+01 5.411532259266463698e-04 5.203604449999999815e+03 5.203604459999999563e+03
7.372799999999999443e+01 -5.377247127335364052e-05 5.203596529999999802e+03 5.203596330000000307e+03
7.987199999999999989e+01 -9.449014360733535862e-04 5.203599989999999707e+03 5.203599150000000009e+03
8.601600000000000534e+01 -2.828210427335364850e-05 5.203597780000000057e+03 5.203597939999999653e+03
9.215999999999999659e+01 1.409489379266463493e-04 5.203596870000000308e+03 5.203598579999999856e+03
9.830400000000000205e+01 -6.585598210733535889e-04 5.203594360000000052e+03 5.203593579999999747e+03
1.105919999999999987e+02 1.411871179266463417e-04 5.203591629999999896e+03 5.203592340000000149e+03
1.228799999999999955e+02 -2.718790990733536235e-04 5.203589740000000347e+03 5.203590149999999994e+03
1.351680000000000064e+02 1.742785119266463518e-04 5.203589219999999841e+03 5.203589100000000144e+03
1.474559999999999889e+02 6.191653689266463654e-04 5.203588950000000295e+03 5.203589640000000145e+03
1.597439999999999998e+02 4.158558792664636156e-05 5.203584069999999883e+03 5.203583499999999731e+03
1.720320000000000107e+02 1.124184809266463462e-04 5.203587499999999636e+03 5.203587379999999939e+03
1.843199999999999932e+02 -3.086196780733536449e-04 5.203583109999999579e+03 5.203582620000000134e+03
1.966080000000000041e+02 2.939205379266463468e-04 5.203590110000000095e+03 5.203591760000000249e+03
2.211839999999999975e+02 -1.166813988733536475e-04 5.203596800000000258e+03 5.203596770000000106e+03
2.457599999999999909e+02 1.478059079266463394e-04 5.203600989999999911e+03 5.203602289999999812e+03
2.703360000000000127e+02 1.472724079266463418e-04 5.203596669999999904e+03 5.203597130000000107e+03
2.949119999999999777e+02 4.515053439266463798e-04 5.203594830000000002e+03 5.203595250000000306e+03
3.194879999999999995e+02 1.573497226646351516e-06 5.203592779999999948e+03 5.203593329999999696e+03
3.440640000000000214e+02 2.441322169266463369e-04 5.203597300000000359e+03 5.203597810000000209e+03
3.686399999999999864e+02 1.570131249266463482e-04 5.203592260000000351e+03 5.203592410000000200e+03
3.932160000000000082e+02 1.797881339266463644e-04 5.203596800000000258e+03 5.203597109999999702e+03
4.423679999999999950e+02 1.489344992664636284e-05 5.203593770000000404e+03 5.203594310000000405e+03
4.915199999999999818e+02 -6.116424917335364813e-05 5.203592440000000352e+03 5.203592990000000100e+03
5.406720000000000255e+02 2.592033359266463681e-04 5.203591599999999744e+03 5.203591849999999795e+03
5.898239999999999554e+02 -7.088873107335364539e-05 5.203588560000000143e+03 5.203589179999999942e+03
6.389759999999999991e+02 -3.501892117335364291e-05 5.203591529999999693e+03 5.203591419999999744e+03
6.881280000000000427e+02 1.369363479266463607e-04 5.203589289999999892e+03 5.203590309999999590e+03
7.372799999999999727e+02 1.184349399266463465e-04 5.203602990000000318e+03 5.203603039999999964e+03
7.864320000000000164e+02 -1.417113807335363719e-05 5.203608269999999720e+03 5.203608259999999973e+03
8.847359999999999900e+02 -4.672224080733536388e-04 5.203599919999999656e+03 5.203599900000000162e+03
9.830399999999999636e+02 -7.196746167335363732e-05 5.203589890000000196e+03 5.203589960000000247e+03
1.081339999999999918e+03 -1.056176969733536397e-04 5.203594070000000102e+03 5.203593700000000354e+03
1.179650000000000091e+03 -1.344671214733536590e-04 5.203597890000000007e+03 5.203598009999999704e+03
1.277950000000000045e+03 2.216831699266463471e-04 5.203598509999999806e+03 5.203598860000000059e+03
1.376259999999999991e+03 1.636685639266463252e-04 5.203598219999999856e+03 5.203598310000000311e+03
1.474559999999999945e+03 2.827067339266463178e-04 5.203603699999999662e+03 5.203604250000000320e+03
1.572859999999999900e+03 4.644708192664635923e-05 5.203617360000000190e+03 5.203617369999999937e+03
1.769470000000000027e+03 1.421431699266463328e-04 5.203623029999999744e+03 5.203623270000000048e+03
1.966079999999999927e+03 -1.234872111733536300e-04 5.203621110000000044e+03 5.203621369999999843e+03
2.162690000000000055e+03 2.733207492664635084e-05 5.203601859999999760e+03 5.203602340000000368e+03
2.359300000000000182e+03 -3.989654127335364478e-05 5.203592220000000452e+03 5.203592359999999644e+03
2.555900000000000091e+03 8.623868026646358542e-06 5.203602899999999863e+03 5.203603360000000066e+03
2.752510000000000218e+03 4.207649792664634768e-05 5.203594780000000355e+03 5.203594939999999951e+03
2.949119999999999891e+03 1.068025039266463542e-04 5.203583099999999831e+03 5.203583410000000185e+03
3.145730000000000018e+03 5.461675292664634372e-05 5.203596129999999903e+03 5.203596370000000206e+03
3.538940000000000055e+03 -2.962513107335364290e-05 5.203575979999999618e+03 5.203575969999999870e+03
3.932159999999999854e+03 1.124771799266463637e-04 5.203597850000000108e+03 5.203598210000000108e+03
4.325380000000000109e+03 1.561577739266463232e-04 5.203596580000000358e+03 5.203597139999999854e+03
4.718590000000000146e+03 -2.807128697335364571e-05 5.203605319999999665e+03 5.203605379999999968e+03
5.111810000000000400e+03 8.141230492664636414e-05 5.203576600000000326e+03 5.203576920000000428e+03
5.505020000000000437e+03 -1.623294597335364880e-05 5.203572430000000168e+03 5.203572460000000319e+03
5.898239999999999782e+03 1.063438409266463457e-04 5.203583840000000237e+03 5.203583950000000186e+03
6.291460000000000036e+03 -5.977045627335364540e-05 5.203555970000000343e+03 5.203556190000000242e+03
7.077890000000000327e+03 6.725762626646350300e-06 5.203603909999999814e+03 5.203604089999999815e+03
7.864319999999999709e+03 -5.781984473353645338e-06 5.203590470000000096e+03 5.203590580000000045e+03
8.650750000000000000e+03 1.785400192664635143e-05 5.203648909999999887e+03 5.203649080000000140e+03
9.437180000000000291e+03 6.235612792664635125e-05 5.203592800000000352e+03 5.203592880000000150e+03
1.022360000000000036e+04 7.431939892664635985e-05 5.203641770000000179e+03 5.203641980000000331e+03
1.101000000000000000e+04 -7.066644073353640833e-06 5.203635030000000370e+03 5.203635269999999764e+03
1.179650000000000000e+04 -9.720939473353639544e-06 5.203619090000000142e+03 5.203619319999999789e+03
1.258289999999999964e+04 2.749460792664635167e-05 5.203639580000000024e+03 5.203639830000000075e+03
1.415579999999999927e+04 -7.568955473353640938e-06 5.203636300000000119e+03 5.203636510000000271e+03
1.572860000000000036e+04 -2.274138273353649162e-06 5.203613699999999881e+03 5.203613910000000033e+03
1.730150000000000000e+04 -1.449438097335364049e-05 5.203626460000000407e+03 5.203626640000000407e+03
1.887440000000000146e+04 -2.790539867335364583e-05 5.203647920000000340e+03 5.203648100000000341e+03
2.044720000000000073e+04 1.882633392664635654e-05 5.203603640000000269e+03 5.203603860000000168e+03
2.202009999999999854e+04 1.438358126646361950e-06 5.203551639999999679e+03 5.203551910000000134e+03
2.359300000000000000e+04 -3.056571687335364384e-05 5.203598869999999806e+03 5.203598949999999604e+03
2.516579999999999927e+04 -2.075069037335364804e-05 5.203560730000000149e+03 5.203560849999999846e+03
2.831159999999999854e+04 7.987651926646350598e-06 5.203617629999999735e+03 5.203617849999999635e+03
3.145729999999999927e+04 -2.426078107335364741e-05 5.203533720000000358e+03 5.203533940000000257e+03
3.460300000000000000e+04 6.736657266463610787e-07 5.203524040000000241e+03 5.203524320000000444e+03
3.774869999999999709e+04 2.502733126646356312e-06 5.203409239999999954e+03 5.203409490000000005e+03
4.089450000000000000e+04 -4.646425057335364572e-05 5.203379390000000058e+03 5.203379539999999906e+03
4.404019999999999709e+04 -4.335384687335364637e-05 5.203309540000000197e+03 5.203309690000000046e+03
4.718590000000000146e+04 1.227875592664635863e-05 5.203327640000000429e+03 5.203327870000000075e+03
5.033159999999999854e+04 3.074243726646359561e-06 5.203434350000000450e+03 5.203434580000000096e+03
5.662309999999999854e+04 9.208064726646362510e-06 5.203447129999999561e+03 5.203447280000000319e+03
6.291459999999999854e+04 4.748417392664635456e-05 5.203484610000000430e+03 5.203484870000000228e+03
6.920600000000000000e+04 2.882426026646351248e-06 5.203437780000000203e+03 5.203438009999999849e+03
7.549750000000000000e+04 1.749984226646350018e-06 5.203266230000000178e+03 5.203266419999999925e+03
8.178889999999999418e+04 1.119647792664635734e-05 5.203382910000000265e+03 5.203383149999999659e+03
8.808039999999999418e+04 -2.960443733536499440e-07 5.203406170000000202e+03 5.203406329999999798e+03
9.437180000000000291e+04 1.938780092664635758e-05 5.203528280000000450e+03 5.203528449999999793e+03
1.006630000000000000e+05 -2.236215017335363832e-05 5.203973200000000361e+03 5.203973310000000311e+03
1.132460000000000000e+05 -2.824338387335364380e-05 5.204106590000000324e+03 5.204106799999999566e+03
1.258290000000000000e+05 -7.224675517335364552e-05 5.204011510000000271e+03 5.204011520000000019e+03
1.384120000000000000e+05 -3.575435077335364502e-05 5.204282729999999901e+03 5.204282790000000205e+03
1.509950000000000000e+05 7.824260392664635002e-05 5.204523329999999987e+03 5.204523530000000392e+03
1.635780000000000000e+05 -3.107475297335364532e-05 5.204043010000000322e+03 5.204042800000000170e+03
1.761610000000000000e+05 1.675166192664635074e-05 5.204676929999999629e+03 5.204677200000000084e+03
