0.000000000000000000e+00 1.906501012500000058e+01 2.449142967499999941e+03 2.470246552499999780e+03
6.000000000000000125e-03 1.882104312499999921e+01 2.448926339999999982e+03 2.469773847500000556e+03
1.200000000000000025e-02 1.810667784999999697e+01 2.448291552499999852e+03 2.468388762499999757e+03
1.799999999999999864e-02 1.697143772500000125e+01 2.447280862499999785e+03 2.466184119999999893e+03
2.400000000000000050e-02 1.548976322500000080e+01 2.445957612499999868e+03 2.463299362499999916e+03
2.999999999999999889e-02 1.375161162500000067e+01 2.444398314999999911e+03 2.459903249999999844e+03
3.599999999999999728e-02 1.185258167500000148e+01 2.442684227499999906e+03 2.456175540000000183e+03
4.200000000000000261e-02 9.885173927499998570e+00 2.440893909999999778e+03 2.452290642500000104e+03
4.800000000000000100e-02 7.932119344999999377e+00 2.439097497499999918e+03 2.448405095000000074e+03
5.399999999999999939e-02 6.062069055000000262e+00 2.437353125000000091e+03 2.444649437499999749e+03
5.999999999999999778e-02 4.327502485000000121e+00 2.435705312500000218e+03 2.441124304999999822e+03
6.600000000000000311e-02 2.764487614999999732e+00 2.434185045000000173e+03 2.437900110000000041e+03
7.199999999999999456e-02 1.393858287500000070e+00 2.432811055000000124e+03 2.435019365000000107e+03
7.799999999999999989e-02 2.233770292500000254e-01 2.431591932499999984e+03 2.432500880000000052e+03
8.400000000000000522e-02 -7.495227184999999626e-01 2.430528612500000236e+03 2.430344937500000015e+03
8.999999999999999667e-02 -1.534790657499999877e+00 2.429616862500000025e+03 2.428538744999999835e+03
9.600000000000000200e-02 -2.107822082500000249e+00 2.428883637500000077e+03 2.427137729999999920e+03
1.079999999999999988e-01 -2.887779539999999923e+00 2.427745914999999968e+03 2.425060317500000110e+03
1.199999999999999956e-01 -3.169559105000000265e+00 2.427093837499999609e+03 2.424013222500000211e+03
1.320000000000000062e-01 -3.058628957500000300e+00 2.426878997499999969e+03 2.423838329999999587e+03
1.439999999999999891e-01 -2.635629667499999940e+00 2.427056595000000016e+03 2.424403767499999958e+03
1.559999999999999998e-01 -1.968860477500000039e+00 2.427570729999999912e+03 2.425577909999999974e+03
1.680000000000000104e-01 -1.129031579999999924e+00 2.428344822500000191e+03 2.427205875000000106e+03
1.799999999999999933e-01 -1.977300059999999859e-01 2.429282127500000115e+03 2.429102232499999900e+03
1.920000000000000040e-01 7.102227457499999952e-01 2.430263054999999895e+03 2.431027042499999880e+03
2.159999999999999976e-01 2.179222312499999870e+00 2.431978564999999890e+03 2.434283927500000118e+03
2.399999999999999911e-01 2.794499097500000140e+00 2.432962195000000065e+03 2.435938060000000405e+03
2.640000000000000124e-01 2.499975860000000161e+00 2.433067397499999970e+03 2.435769712499999969e+03
2.879999999999999782e-01 1.643898742500000010e+00 2.432505059999999958e+03 2.434333674999999857e+03
3.119999999999999996e-01 6.928936047500000583e-01 2.431643230000000131e+03 2.432474879999999757e+03
3.360000000000000209e-01 -2.072038382500000081e-02 2.430826350000000275e+03 2.430890032499999961e+03
3.599999999999999867e-01 -3.736466622499999835e-01 2.430273715000000266e+03 2.429940990000000056e+03
3.840000000000000080e-01 -3.497630492500000132e-01 2.430121100000000297e+03 2.429795062500000313e+03
4.319999999999999951e-01 1.152907259500000024e-02 2.430314030000000002e+03 2.430356464999999844e+03
4.799999999999999822e-01 2.740295607499999564e-01 2.430645582500000273e+03 2.430983217500000137e+03
5.280000000000000249e-01 1.794035130000000144e-01 2.430627082500000142e+03 2.430883444999999483e+03
5.759999999999999565e-01 3.441823577500000009e-02 2.430434077500000058e+03 2.430539392499999849e+03
6.239999999999999991e-01 2.710267414999999874e-02 2.430345912499999940e+03 2.430443397500000174e+03
6.720000000000000417e-01 7.386282757500001184e-02 2.430375294999999824e+03 2.430531047499999659e+03
7.199999999999999734e-01 6.544835642500000661e-02 2.430378627500000221e+03 2.430532477499999914e+03
7.680000000000000160e-01 1.434224192500000057e-02 2.430299397499999941e+03 2.430395047500000146e+03
8.639999999999999902e-01 -9.042231167499999514e-03 2.430224207499999920e+03 2.430289912500000355e+03
9.599999999999999645e-01 8.230767250000012823e-05 2.430224287499999718e+03 2.430300984999999855e+03
1.056000000000000050e+00 -2.446219345000000267e-02 2.430151767500000005e+03 2.430190744999999879e+03
1.151999999999999913e+00 -1.308320009999999929e-02 2.430147047500000099e+03 2.430191797500000121e+03
1.247999999999999998e+00 -1.518413962499999895e-02 2.430120104999999967e+03 2.430160225000000082e+03
1.344000000000000083e+00 -9.930614817499999053e-03 2.430093707500000164e+03 2.430128725000000031e+03
1.439999999999999947e+00 -2.778371106750000298e-03 2.430086962500000027e+03 2.430125042499999836e+03
1.536000000000000032e+00 1.306139652500000210e-03 2.430071802499999649e+03 2.430107802499999707e+03
1.727999999999999980e+00 1.237899945000000071e-02 2.430043160000000171e+03 2.430079152499999964e+03
1.919999999999999929e+00 2.010854234999999782e-02 2.430024499999999989e+03 2.430060440000000199e+03
2.112000000000000099e+00 2.199105277499999872e-02 2.430013220000000274e+03 2.430045077499999934e+03
2.303999999999999826e+00 2.175540194999999941e-02 2.430008127500000228e+03 2.430035627499999919e+03
2.495999999999999996e+00 2.108961420000000225e-02 2.429997957499999757e+03 2.430022427500000049e+03
2.688000000000000167e+00 1.794141144999999993e-02 2.429992322499999773e+03 2.430014297499999884e+03
2.879999999999999893e+00 1.506768147500000057e-02 2.429985359999999673e+03 2.430005165000000034e+03
3.072000000000000064e+00 1.384177397500000080e-02 2.429987234999999600e+03 2.430007452499999999e+03
3.455999999999999961e+00 7.863417855000000636e-03 2.429980774999999994e+03 2.429994377500000155e+03
3.839999999999999858e+00 5.403315065000000722e-03 2.429973047499999666e+03 2.429982377499999529e+03
4.224000000000000199e+00 4.506733589999999123e-03 2.429971364999999878e+03 2.429980617499999880e+03
4.607999999999999652e+00 4.765306840000000516e-03 2.429973387499999717e+03 2.429982219999999870e+03
4.991999999999999993e+00 4.100490517500000355e-03 2.429971169999999802e+03 2.429978237499999977e+03
5.376000000000000334e+00 2.138384201250000290e-03 2.429967347499999960e+03 2.429972947500000373e+03
5.759999999999999787e+00 3.578287519999999965e-03 2.429967255000000023e+03 2.429972657499999968e+03
6.144000000000000128e+00 3.162041532499999807e-03 2.429968049999999948e+03 2.429972697499999867e+03
6.911999999999999922e+00 1.466548806749999947e-03 2.429966420000000198e+03 2.429969007499999861e+03
7.679999999999999716e+00 1.018124499249999874e-03 2.429968037500000264e+03 2.429970205000000078e+03
8.448000000000000398e+00 -5.329833299999998768e-05 2.429964002499999879e+03 2.429966844999999921e+03
9.215999999999999304e+00 6.044694625000006480e-05 2.429970214999999826e+03 2.429970359999999800e+03
9.983999999999999986e+00 6.102203917499999207e-04 2.429968932499999937e+03 2.429969057499999963e+03
1.075200000000000067e+01 6.301064505249999708e-04 2.429967294999999922e+03 2.429967942499999936e+03
1.151999999999999957e+01 4.179767627499999584e-04 2.429967162499999631e+03 2.429967984999999771e+03
1.228800000000000026e+01 5.307458189999999815e-04 2.429968949999999950e+03 2.429970187500000065e+03
1.382399999999999984e+01 7.007036334750001063e-04 2.429968162500000290e+03 2.429968420000000151e+03
1.535999999999999943e+01 -1.672819267499999559e-04 2.429967157500000212e+03 2.429966897499999959e+03
1.689600000000000080e+01 5.593301807499999551e-04 2.429968934999999874e+03 2.429969470000000001e+03
1.843199999999999861e+01 5.881557024999998313e-05 2.429967799999999443e+03 2.429966457500000161e+03
1.996799999999999997e+01 -7.409742157500000433e-04 2.429967015000000174e+03 2.429967302500000187e+03
2.150400000000000134e+01 8.603977287500001736e-04 2.429968385000000126e+03 2.429969832499999939e+03
2.303999999999999915e+01 2.160632086250000147e-04 2.429966954999999871e+03 2.429968550000000050e+03
2.457600000000000051e+01 -6.121450250000007960e-06 2.429967470000000048e+03 2.429968354999999974e+03
2.764799999999999969e+01 -4.192871852499999229e-04 2.429968670000000202e+03 2.429967394999999669e+03
3.071999999999999886e+01 3.923205649999998408e-05 2.429968569999999545e+03 2.429968877499999962e+03
3.379200000000000159e+01 -3.582311307000000640e-04 2.429966592499999933e+03 2.429966229999999996e+03
3.686399999999999721e+01 1.321969784999999994e-04 2.429967582499999935e+03 2.429967537499999708e+03
3.993599999999999994e+01 3.290669672249999997e-04 2.429968039999999746e+03 2.429968152500000087e+03
4.300800000000000267e+01 4.670805302499999754e-04 2.429967582499999935e+03 2.429968324999999822e+03
4.607999999999999829e+01 2.201829148750000039e-04 2.429969662500000140e+03 2.429969175000000178e+03
4.915200000000000102e+01 1.954951370999999838e-04 2.429968510000000151e+03 2.429968280000000050e+03
5.529599999999999937e+01 2.610450270000000059e-04 2.429966894999999568e+03 2.429966930000000048e+03
6.143999999999999773e+01 -8.739535140000001274e-05 2.429968209999999999e+03 2.429968095000000176e+03
6.758400000000000318e+01 6.142645714000000146e-04 2.429965444999999818e+03 2.429966115000000173e+03
7.372799999999999443e+01 3.192607582500000358e-04 2.429968752499999937e+03 2.429968952499999887e+03
7.987199999999999989e+01 2.142761327499999909e-04 2.429966967500000010e+03 2.429967387499999859e+03
8.601600000000000534e+01 9.929722050000002170e-05 2.429965992500000084e+03 2.429966614999999820e+03
9.215999999999999659e+01 3.529776862000000119e-04 2.429967502500000137e+03 2.429967912499999784e+03
9.830400000000000205e+01 -3.036932200000000772e-05 2.429967165000000023e+03 2.429967169999999896e+03
1.105919999999999987e+02 1.216194905750000044e-04 2.429967807500000163e+03 2.429967979999999898e+03
1.228799999999999955e+02 2.414811163499999886e-04 2.429967967499999759e+03 2.429968510000000151e+03
1.351680000000000064e+02 1.433635232249999775e-04 2.429969032500000139e+03 2.429969529999999850e+03
1.474559999999999889e+02 3.264722430000000192e-04 2.429969074999999975e+03 2.429969557499999610e+03
1.597439999999999998e+02 7.722514725000000123e-05 2.429967012499999782e+03 2.429967589999999745e+03
1.720320000000000107e+02 2.900852732499999771e-04 2.429965329999999994e+03 2.429965722500000084e+03
1.843199999999999932e+02 -1.421754953500000047e-04 2.429965474999999969e+03 2.429965365000000020e+03
1.966080000000000041e+02 -8.394015850000011137e-06 2.429964929999999640e+03 2.429964960000000247e+03
2.211839999999999975e+02 1.032903774250000078e-04 2.429965439999999944e+03 2.429965537500000210e+03
2.457599999999999909e+02 -9.727374060000000251e-05 2.429965847499999654e+03 2.429965927499999907e+03
2.703360000000000127e+02 2.071613717499999824e-04 2.429966504999999870e+03 2.429966877500000010e+03
2.949119999999999777e+02 -5.955494512499999720e-05 2.429966677500000060e+03 2.429966582500000186e+03
3.194879999999999995e+02 1.560751673249999782e-04 2.429967377500000111e+03 2.429967397500000061e+03
3.440640000000000214e+02 1.764708994500000178e-04 2.429965844999999717e+03 2.429965820000000349e+03
3.686399999999999864e+02 1.259671287650000141e-04 2.429965615000000071e+03 2.429965502500000184e+03
3.932160000000000082e+02 2.329639664999999722e-05 2.429966037500000311e+03 2.429965832500000033e+03
4.423679999999999950e+02 2.160689310499999878e-04 2.429964527499999804e+03 2.429964717500000006e+03
4.915199999999999818e+02 2.224103542499999940e-05 2.429964467499999955e+03 2.429964527500000258e+03
5.406720000000000255e+02 3.929396744999998526e-05 2.429964235000000372e+03 2.429964152500000182e+03
5.898239999999999554e+02 2.223906937499999827e-04 2.429964557500000410e+03 2.429964710000000196e+03
6.389759999999999991e+02 2.698906953500000250e-04 2.429963679999999840e+03 2.429963887500000055e+03
6.881280000000000427e+02 1.625162889999999841e-04 2.429964807499999552e+03 2.429965065000000322e+03
7.372799999999999727e+02 5.114516200000000226e-05 2.429965907500000412e+03 2.429966067500000008e+03
7.864320000000000164e+02 2.333250142499999902e-04 2.429964425000000119e+03 2.429964547499999753e+03
8.847359999999999900e+02 -1.566671749999963559e-07 2.429964957499999855e+03 2.429964939999999842e+03
9.830399999999999636e+02 5.495844472499999495e-05 2.429964724999999817e+03 2.429964710000000196e+03
1.081339999999999918e+03 7.911285579999998221e-05 2.429963227499999903e+03 2.429963407500000358e+03
1.179650000000000091e+03 3.727722700000003048e-06 2.429964232499999980e+03 2.429964219999999841e+03
1.277950000000000045e+03 1.049454590749999982e-04 2.429964312499999778e+03 2.429964512499999728e+03
1.376259999999999991e+03 2.260695397500000185e-05 2.429965137500000310e+03 2.429965162499999678e+03
1.474559999999999945e+03 8.924524119999999931e-05 2.429966165000000274e+03 2.429966257500000211e+03
1.572859999999999900e+03 6.057937882499999862e-05 2.429964987500000461e+03 2.429965077500000007e+03
1.769470000000000027e+03 1.303735520937500099e-04 2.429965467499999704e+03 2.429965657499999907e+03
1.966079999999999927e+03 1.073774159249999793e-04 2.429966257500000211e+03 2.429966464999999971e+03
2.162690000000000055e+03 9.777282878000000327e-05 2.429967749999999796e+03 2.429967980000000352e+03
2.359300000000000182e+03 3.555600217000000910e-05 2.429968934999999874e+03 2.429968952500000341e+03
2.555900000000000091e+03 9.388532937499999829e-05 2.429969139999999697e+03 2.429969262499999786e+03
2.752510000000000218e+03 8.426662815000000124e-05 2.429969262499999786e+03 2.429969380000000001e+03
2.949119999999999891e+03 1.054719961500000057e-04 2.429969285000000127e+03 2.429969497500000216e+03
3.145730000000000018e+03 6.438853975000000574e-05 2.429968150000000151e+03 2.429968217500000264e+03
3.538940000000000055e+03 6.869893217500000341e-05 2.429975644999999986e+03 2.429975779999999759e+03
3.932159999999999854e+03 9.530241564999999049e-05 2.429979524999999740e+03 2.429979732499999955e+03
4.325380000000000109e+03 1.577805234749999979e-04 2.429976847500000076e+03 2.429977062500000102e+03
4.718590000000000146e+03 8.164915602499999835e-05 2.429981532499999958e+03 2.429981657500000438e+03
5.111810000000000400e+03 1.031502039999999981e-04 2.429983589999999822e+03 2.429983722500000113e+03
5.505020000000000437e+03 6.616563755000000400e-05 2.429983145000000150e+03 2.429983154999999897e+03
5.898239999999999782e+03 8.650925047500000200e-05 2.429988855000000058e+03 2.429988934999999856e+03
6.291460000000000036e+03 6.055203520000000466e-05 2.429982032500000059e+03 2.429982142500000009e+03
7.077890000000000327e+03 1.157029497999999864e-04 2.429978882500000054e+03 2.429979010000000017e+03
7.864319999999999709e+03 1.032554500250000123e-04 2.429980212500000107e+03 2.429980312499999854e+03
8.650750000000000000e+03 7.849041767500000309e-05 2.429979972500000258e+03 2.429980097499999829e+03
9.437180000000000291e+03 6.691707903000000213e-05 2.429975615000000289e+03 2.429975727500000175e+03
1.022360000000000036e+04 8.407721680999999500e-05 2.429979442500000005e+03 2.429979537499999878e+03
1.101000000000000000e+04 9.245721726249999577e-05 2.429982372500000110e+03 2.429982557499999530e+03
1.179650000000000000e+04 1.239420783500000043e-04 2.429986310000000231e+03 2.429986469999999827e+03
1.258289999999999964e+04 1.050801449525000120e-04 2.429985049999999774e+03 2.429985212500000216e+03
1.415579999999999927e+04 8.365540944499999727e-05 2.429990432499999770e+03 2.429990565000000061e+03
1.572860000000000036e+04 9.801635347499999373e-05 2.429993924999999763e+03 2.429994075000000066e+03
1.730150000000000000e+04 1.057783695750000004e-04 2.430003127500000119e+03 2.430003307500000119e+03
1.887440000000000146e+04 1.002231568499999944e-04 2.430012867499999629e+03 2.430013037499999882e+03
2.044720000000000073e+04 7.319958680749999989e-05 2.430011612500000410e+03 2.430011722499999905e+03
2.202009999999999854e+04 7.945099440000001232e-05 2.430017652500000167e+03 2.430017775000000256e+03
2.359300000000000000e+04 1.222895757349999927e-04 2.430013104999999996e+03 2.430013265000000047e+03
2.516579999999999927e+04 1.073857346695000021e-04 2.430014130000000023e+03 2.430014322500000162e+03
2.831159999999999854e+04 9.346251644249999188e-05 2.430023285000000214e+03 2.430023404999999912e+03
3.145729999999999927e+04 1.077596873249999981e-04 2.430014204999999947e+03 2.430014342500000112e+03
3.460300000000000000e+04 9.897154318250000809e-05 2.430018149999999878e+03 2.430018312500000320e+03
3.774869999999999709e+04 1.080928703292499882e-04 2.430013780000000224e+03 2.430013965000000098e+03
4.089450000000000000e+04 1.019131541500000002e-04 2.430009019999999964e+03 2.430009192499999699e+03
4.404019999999999709e+04 9.064551626250000489e-05 2.430025292499999978e+03 2.430025404999999864e+03
4.718590000000000146e+04 9.797489987000000168e-05 2.430012035000000196e+03 2.430012150000000020e+03
5.033159999999999854e+04 9.066313649999999244e-05 2.429984862499999963e+03 2.429985007499999938e+03
5.662309999999999854e+04 9.022760043249999993e-05 2.429980824999999641e+03 2.429980947499999729e+03
6.291459999999999854e+04 8.516763683250000254e-05 2.429990927499999998e+03 2.429991042500000276e+03
6.920600000000000000e+04 9.468723692249999364e-05 2.429986104999999952e+03 2.429986252499999864e+03
7.549750000000000000e+04 8.701086250025000832e-05 2.429977492500000153e+03 2.429977647499999875e+03
8.178889999999999418e+04 8.980808674999999697e-05 2.429945062499999949e+03 2.429945174999999836e+03
8.808039999999999418e+04 8.681939525499999101e-05 2.429943662499999846e+03 2.429943795000000136e+03
9.437180000000000291e+04 8.469369224625001137e-05 2.429930595000000267e+03 2.429930732499999976e+03
1.006630000000000000e+05 9.148023290499999896e-05 2.429843119999999999e+03 2.429843282499999987e+03
1.132460000000000000e+05 8.227423568500000478e-05 2.429825255000000197e+03 2.429825407499999983e+03
1.258290000000000000e+05 9.485593290750000202e-05 2.429808517500000107e+03 2.429808672500000284e+03
1.384120000000000000e+05 9.521891202000000323e-05 2.429854167500000131e+03 2.429854309999999714e+03
1.509950000000000000e+05 1.070486578249999935e-04 2.429870640000000094e+03 2.429870815000000221e+03
1.635780000000000000e+05 9.373329226250000032e-05 2.429874107499999809e+03 2.429874255000000176e+03
1.761610000000000000e+05 9.416814681750000822e-05 2.429870347500000207e+03 2.429870494999999664e+03
1.887440000000000000e+05 1.040264121750000055e-04 2.429822970000000169e+03 2.429823132500000156e+03
2.013270000000000000e+05 9.793556626999998336e-05 2.429677782499999921e+03 2.429677932500000225e+03
2.264920000000000000e+05 9.781833435250000949e-05 2.429611932499999511e+03 2.429612047499999790e+03
2.516580000000000000e+05 9.552513952495000188e-05 2.429665909999999712e+03 2.429666024999999991e+03
2.768240000000000000e+05 1.009455357750000119e-04 2.429659712499999841e+03 2.429659804999999778e+03
3.019900000000000000e+05 1.292751362274999953e-04 2.429512545000000046e+03 2.429512725000000046e+03
3.271560000000000000e+05 1.070960019374999982e-04 2.429328877500000090e+03 2.429329054999999698e+03
3.523220000000000000e+05 1.037365413049999937e-04 2.429534480000000258e+03 2.429534579999999551e+03
