0.000000000000000000e+00 2.623951925832351861e+01 1.241421329999999898e+03 1.269630049999999983e+03
6.000000000000000125e-03 2.595152175832351915e+01 1.241181829999999991e+03 1.269092650000000049e+03
1.200000000000000025e-02 2.510006755832351999e+01 1.240473340000000007e+03 1.267503249999999980e+03
1.799999999999999864e-02 2.372133955832351759e+01 1.239324380000000019e+03 1.264927159999999958e+03
2.400000000000000050e-02 2.187205025832351879e+01 1.237779279999999972e+03 1.261466310000000021e+03
2.999999999999999889e-02 1.962498095832351908e+01 1.235894469999999956e+03 1.257251179999999977e+03
3.599999999999999728e-02 1.706367105832351783e+01 1.233734230000000025e+03 1.252431070000000091e+03
4.200000000000000261e-02 1.427691705832351765e+01 1.231366279999999961e+03 1.247164320000000089e+03
4.800000000000000100e-02 1.135366275832351768e+01 1.228857940000000099e+03 1.241609230000000025e+03
5.399999999999999939e-02 8.378713658323517777e+00 1.226273040000000037e+03 1.235916690000000017e+03
5.999999999999999778e-02 5.429528258323517598e+00 1.223669789999999921e+03 1.230224760000000060e+03
6.600000000000000311e-02 2.574165838323517086e+00 1.221099750000000085e+03 1.224655539999999974e+03
7.199999999999999456e-02 -1.296823066764826449e-01 1.218607610000000022e+03 1.219313900000000103e+03
7.799999999999999989e-02 -2.634759371676482775e+00 1.216231590000000097e+03 1.214287759999999935e+03
8.400000000000000522e-02 -4.903650131676482893e+00 1.214004310000000032e+03 1.209649490000000014e+03
8.999999999999999667e-02 -6.907788451676482921e+00 1.211953670000000102e+03 1.205457709999999906e+03
9.600000000000000200e-02 -8.551332261676483526e+00 1.210158989999999903e+03 1.201891689999999926e+03
1.079999999999999988e-01 -1.107699844167648351e+01 1.207148190000000113e+03 1.196123399999999947e+03
1.199999999999999956e-01 -1.236341254167648351e+01 1.205141440000000102e+03 1.192642209999999977e+03
1.320000000000000062e-01 -1.243628734167648275e+01 1.204202189999999973e+03 1.191490170000000035e+03
1.439999999999999891e-01 -1.139521834167648251e+01 1.204315419999999904e+03 1.192552089999999907e+03
1.559999999999999998e-01 -9.416417791676483517e+00 1.205376050000000077e+03 1.195542529999999942e+03
1.680000000000000104e-01 -6.749953841676482824e+00 1.207193890000000010e+03 1.200015349999999899e+03
1.799999999999999933e-01 -3.703238331676482975e+00 1.209517880000000105e+03 1.205406340000000000e+03
1.920000000000000040e-01 -6.755874566764826783e-01 1.212067770000000110e+03 1.211037460000000010e+03
2.159999999999999976e-01 4.355007828323516961e+00 1.216809220000000096e+03 1.220972289999999930e+03
2.399999999999999911e-01 6.872586948323517575e+00 1.220173240000000078e+03 1.227082429999999931e+03
2.640000000000000124e-01 6.788664948323517301e+00 1.221720180000000028e+03 1.228787000000000035e+03
2.879999999999999782e-01 5.094055338323517645e+00 1.221693340000000035e+03 1.227256039999999985e+03
3.119999999999999996e-01 2.977657768323517029e+00 1.220669309999999996e+03 1.224214009999999917e+03
3.360000000000000209e-01 1.221682698323517169e+00 1.219263220000000047e+03 1.221054219999999987e+03
3.599999999999999867e-01 7.939776732351734589e-02 1.217879850000000033e+03 1.218452500000000100e+03
3.840000000000000080e-01 -4.728911876764826383e-01 1.216702610000000050e+03 1.216581480000000056e+03
4.319999999999999951e-01 -1.021472251676482701e+00 1.214875479999999925e+03 1.213883800000000065e+03
4.799999999999999822e-01 -1.064136421676482813e+00 1.214182520000000068e+03 1.212929779999999937e+03
5.280000000000000249e-01 -4.565709856764826324e-01 1.214858519999999999e+03 1.214232590000000073e+03
5.759999999999999565e-01 5.751142253235173030e-01 1.216271079999999984e+03 1.216876539999999977e+03
6.239999999999999991e-01 1.089701888323517220e+00 1.217256100000000060e+03 1.218581969999999956e+03
6.720000000000000417e-01 8.291174653235173775e-01 1.217285779999999932e+03 1.218406019999999899e+03
7.199999999999999734e-01 1.904787503235173540e-01 1.216564350000000104e+03 1.216944369999999935e+03
7.680000000000000160e-01 -1.757235556764826512e-01 1.215823139999999967e+03 1.215715290000000095e+03
8.639999999999999902e-01 1.315020382351734726e-02 1.215664999999999964e+03 1.215724179999999933e+03
9.599999999999999645e-01 2.340049833235173515e-01 1.216163950000000114e+03 1.216547409999999900e+03
1.056000000000000050e+00 7.489501132351734924e-02 1.216037540000000035e+03 1.216235689999999977e+03
1.151999999999999913e+00 7.369263502351734718e-02 1.215880360000000110e+03 1.216046810000000050e+03
1.247999999999999998e+00 3.416375692351734938e-02 1.215815689999999904e+03 1.215948830000000044e+03
1.344000000000000083e+00 8.436503102351734784e-02 1.215936449999999923e+03 1.216123749999999973e+03
1.439999999999999947e+00 5.329580352351735023e-02 1.215877860000000055e+03 1.216036630000000059e+03
1.536000000000000032e+00 5.237764132351734742e-02 1.215846350000000029e+03 1.215989749999999958e+03
1.727999999999999980e+00 5.787696072351734833e-02 1.215832270000000108e+03 1.215971289999999954e+03
1.919999999999999929e+00 6.595752912351734998e-02 1.215813570000000027e+03 1.215947809999999890e+03
2.112000000000000099e+00 8.754041772351733863e-02 1.215811689999999999e+03 1.215958720000000085e+03
2.303999999999999826e+00 9.562798112351734992e-02 1.215785630000000083e+03 1.215931139999999914e+03
2.495999999999999996e+00 1.152607823235173440e-01 1.215779309999999896e+03 1.215929309999999987e+03
2.688000000000000167e+00 1.232043543235173400e-01 1.215774359999999888e+03 1.215936779999999999e+03
2.879999999999999893e+00 1.335592483235173433e-01 1.215760980000000018e+03 1.215926030000000083e+03
3.072000000000000064e+00 1.385354653235173483e-01 1.215762030000000095e+03 1.215929799999999886e+03
3.455999999999999961e+00 1.426063073235173673e-01 1.215766309999999976e+03 1.215937820000000102e+03
3.839999999999999858e+00 1.382458883235173630e-01 1.215769189999999981e+03 1.215944070000000011e+03
4.224000000000000199e+00 1.352222663235173594e-01 1.215767959999999903e+03 1.215941730000000007e+03
4.607999999999999652e+00 1.242190483235173365e-01 1.215776839999999993e+03 1.215943809999999985e+03
4.991999999999999993e+00 1.176906173235173492e-01 1.215773190000000113e+03 1.215936040000000048e+03
5.376000000000000334e+00 1.112046813235173376e-01 1.215771130000000085e+03 1.215924490000000105e+03
5.759999999999999787e+00 1.091608573235173379e-01 1.215766249999999900e+03 1.215916369999999915e+03
6.144000000000000128e+00 1.113349923235173455e-01 1.215758949999999913e+03 1.215908030000000053e+03
6.911999999999999922e+00 1.087604903235173393e-01 1.215750440000000026e+03 1.215894710000000032e+03
7.679999999999999716e+00 1.028423193235173394e-01 1.215750029999999924e+03 1.215890499999999975e+03
8.448000000000000398e+00 1.004725043235173421e-01 1.215742940000000090e+03 1.215876919999999927e+03
9.215999999999999304e+00 9.721782782351734431e-02 1.215737900000000081e+03 1.215867600000000039e+03
9.983999999999999986e+00 9.572480822351733809e-02 1.215732430000000022e+03 1.215859529999999950e+03
1.075200000000000067e+01 9.495547482351734958e-02 1.215736769999999979e+03 1.215864029999999957e+03
1.151999999999999957e+01 9.168328592351734918e-02 1.215734030000000075e+03 1.215856160000000045e+03
1.228800000000000026e+01 8.891624372351734917e-02 1.215732899999999972e+03 1.215852480000000014e+03
1.382399999999999984e+01 8.570871312351734106e-02 1.215726290000000063e+03 1.215839490000000069e+03
1.535999999999999943e+01 8.373375582351734459e-02 1.215720229999999901e+03 1.215832509999999957e+03
1.689600000000000080e+01 8.178288072351734550e-02 1.215712449999999990e+03 1.215823110000000042e+03
1.843199999999999861e+01 7.841880172351733957e-02 1.215709810000000061e+03 1.215813100000000077e+03
1.996799999999999997e+01 7.734809372351734991e-02 1.215709409999999934e+03 1.215813679999999977e+03
2.150400000000000134e+01 7.582295772351733965e-02 1.215708630000000085e+03 1.215811680000000024e+03
2.303999999999999915e+01 7.567800962351733940e-02 1.215701880000000074e+03 1.215801889999999958e+03
2.457600000000000051e+01 7.296323712351734936e-02 1.215698630000000094e+03 1.215795689999999922e+03
2.764799999999999969e+01 6.968464492351734985e-02 1.215699229999999943e+03 1.215792570000000069e+03
3.071999999999999886e+01 6.780085752351734663e-02 1.215689939999999979e+03 1.215780310000000100e+03
3.379200000000000159e+01 6.595375832351733913e-02 1.215688439999999900e+03 1.215776980000000094e+03
3.686399999999999721e+01 6.433124322351733981e-02 1.215688480000000027e+03 1.215774539999999888e+03
3.993599999999999994e+01 6.194942082351734963e-02 1.215683659999999918e+03 1.215765550000000076e+03
4.300800000000000267e+01 6.114128152351735318e-02 1.215682569999999942e+03 1.215764100000000099e+03
4.607999999999999829e+01 5.955672842351734941e-02 1.215680949999999939e+03 1.215759000000000015e+03
4.915200000000000102e+01 5.789483772351734781e-02 1.215677740000000085e+03 1.215754609999999957e+03
5.529599999999999937e+01 5.563541072351735339e-02 1.215672430000000077e+03 1.215747280000000046e+03
6.143999999999999773e+01 5.399831312351734830e-02 1.215670800000000099e+03 1.215742250000000013e+03
6.758400000000000318e+01 5.237401992351734675e-02 1.215667099999999891e+03 1.215736619999999903e+03
7.372799999999999443e+01 5.061876022351734922e-02 1.215663849999999911e+03 1.215731700000000046e+03
7.987199999999999989e+01 4.915061322351735318e-02 1.215664610000000039e+03 1.215730510000000095e+03
8.601600000000000534e+01 4.872886782351735363e-02 1.215657420000000002e+03 1.215721659999999929e+03
9.215999999999999659e+01 4.634688412351734704e-02 1.215656840000000102e+03 1.215717740000000049e+03
9.830400000000000205e+01 4.607720012351734784e-02 1.215654739999999947e+03 1.215714739999999892e+03
1.105919999999999987e+02 4.344598692351735181e-02 1.215651219999999967e+03 1.215708579999999984e+03
1.228799999999999955e+02 4.167792552351735208e-02 1.215650370000000066e+03 1.215704719999999952e+03
1.351680000000000064e+02 4.088582092351734920e-02 1.215647519999999986e+03 1.215699929999999995e+03
1.474559999999999889e+02 3.940448612351735158e-02 1.215644320000000107e+03 1.215695899999999938e+03
1.597439999999999998e+02 3.807547872351735307e-02 1.215643150000000105e+03 1.215693130000000110e+03
1.720320000000000107e+02 3.707934432351735199e-02 1.215645970000000034e+03 1.215696059999999989e+03
1.843199999999999932e+02 3.557455032351734825e-02 1.215642949999999928e+03 1.215688850000000002e+03
1.966080000000000041e+02 3.392377302351735208e-02 1.215641280000000052e+03 1.215685969999999998e+03
2.211839999999999975e+02 3.192399442351735034e-02 1.215640409999999974e+03 1.215682890000000043e+03
2.457599999999999909e+02 3.094173242351734576e-02 1.215636719999999968e+03 1.215678499999999985e+03
2.703360000000000127e+02 2.894961852351734741e-02 1.215637249999999995e+03 1.215676860000000033e+03
2.949119999999999777e+02 2.803728612351734720e-02 1.215635819999999967e+03 1.215673639999999978e+03
3.194879999999999995e+02 2.664434532351734816e-02 1.215633180000000038e+03 1.215669129999999996e+03
3.440640000000000214e+02 2.519191972351734685e-02 1.215632669999999962e+03 1.215667689999999993e+03
3.686399999999999864e+02 2.451925932351734644e-02 1.215628249999999980e+03 1.215661700000000110e+03
3.932160000000000082e+02 2.286548022351734752e-02 1.215628909999999905e+03 1.215659910000000082e+03
4.423679999999999950e+02 2.147968662351734670e-02 1.215632409999999936e+03 1.215660460000000057e+03
4.915199999999999818e+02 2.012398412351734667e-02 1.215633350000000064e+03 1.215659550000000081e+03
5.406720000000000255e+02 1.907946992351734761e-02 1.215633209999999963e+03 1.215657699999999977e+03
5.898239999999999554e+02 1.802054512351734805e-02 1.215632890000000089e+03 1.215655919999999924e+03
6.389759999999999991e+02 1.657692952351734819e-02 1.215630740000000060e+03 1.215652090000000044e+03
6.881280000000000427e+02 1.664145492351734590e-02 1.215632100000000037e+03 1.215653839999999946e+03
7.372799999999999727e+02 1.554198112351734724e-02 1.215633939999999939e+03 1.215654240000000073e+03
7.864320000000000164e+02 1.447586062351734724e-02 1.215634769999999889e+03 1.215654089999999997e+03
8.847359999999999900e+02 1.310121462351734704e-02 1.215628030000000081e+03 1.215645389999999907e+03
9.830399999999999636e+02 1.201604212351734674e-02 1.215629560000000083e+03 1.215645670000000109e+03
1.081339999999999918e+03 1.139542812351734651e-02 1.215623289999999997e+03 1.215638369999999895e+03
1.179650000000000091e+03 1.106452362351734685e-02 1.215624229999999898e+03 1.215639159999999947e+03
1.277950000000000045e+03 9.924050503517346106e-03 1.215626770000000079e+03 1.215639719999999897e+03
1.376259999999999991e+03 9.569514003517347323e-03 1.215631789999999910e+03 1.215643450000000030e+03
1.474559999999999945e+03 8.415576493517346046e-03 1.215639539999999897e+03 1.215649940000000015e+03
1.572859999999999900e+03 7.896496313517346877e-03 1.215639779999999973e+03 1.215648909999999887e+03
1.769470000000000027e+03 7.415105723517346689e-03 1.215638770000000022e+03 1.215646359999999959e+03
1.966079999999999927e+03 6.285665563517346677e-03 1.215645389999999907e+03 1.215650969999999916e+03
2.162690000000000055e+03 4.724724993517346976e-03 1.215650200000000041e+03 1.215654230000000098e+03
2.359300000000000182e+03 4.422957333517346483e-03 1.215656240000000025e+03 1.215660740000000033e+03
2.555900000000000091e+03 4.661667873517346544e-03 1.215654729999999972e+03 1.215659100000000080e+03
2.752510000000000218e+03 3.958447333517346907e-03 1.215658550000000105e+03 1.215661530000000084e+03
2.949119999999999891e+03 4.198804613517346726e-03 1.215663410000000113e+03 1.215666870000000017e+03
3.145730000000000018e+03 3.005714303517346715e-03 1.215661499999999933e+03 1.215664359999999988e+03
3.538940000000000055e+03 1.351628753517346727e-03 1.215658400000000029e+03 1.215659030000000030e+03
3.932159999999999854e+03 1.637523193517346782e-03 1.215663729999999987e+03 1.215662769999999909e+03
4.325380000000000109e+03 1.339311623517346625e-03 1.215670900000000074e+03 1.215670039999999972e+03
4.718590000000000146e+03 5.403809655173467648e-04 1.215688840000000027e+03 1.215687940000000026e+03
5.111810000000000400e+03 4.221174605173467608e-04 1.215693359999999984e+03 1.215692279999999982e+03
5.505020000000000437e+03 1.133523814517346795e-03 1.215674549999999954e+03 1.215672430000000077e+03
5.898239999999999782e+03 5.625384065173467084e-04 1.215686369999999897e+03 1.215683980000000020e+03
6.291460000000000036e+03 4.595447815173467582e-04 1.215692669999999907e+03 1.215689910000000054e+03
7.077890000000000327e+03 -6.998579204826533336e-04 1.215701839999999947e+03 1.215697730000000092e+03
7.864319999999999709e+03 -1.694485946482653452e-03 1.215759450000000015e+03 1.215752909999999929e+03
8.650750000000000000e+03 -1.640476876482653253e-03 1.215814699999999903e+03 1.215809240000000045e+03
9.437180000000000291e+03 -1.645877246482653315e-03 1.215885119999999915e+03 1.215882669999999962e+03
1.022360000000000036e+04 -1.699428126482653133e-03 1.215909509999999955e+03 1.215906729999999925e+03
1.101000000000000000e+04 -1.043815976482653221e-03 1.215972539999999981e+03 1.215971119999999928e+03
1.179650000000000000e+04 -1.174551606482653185e-03 1.215971459999999979e+03 1.215969260000000077e+03
1.258289999999999964e+04 -4.616257334826532623e-04 1.216008170000000064e+03 1.216006390000000010e+03
1.415579999999999927e+04 7.776478335173467402e-04 1.215964979999999969e+03 1.215963989999999967e+03
1.572860000000000036e+04 1.984251335173467675e-04 1.215904109999999946e+03 1.215905829999999924e+03
1.730150000000000000e+04 -2.156972514826532698e-04 1.215946570000000065e+03 1.215948059999999941e+03
1.887440000000000146e+04 1.667522903517346718e-03 1.215949820000000045e+03 1.215952829999999949e+03
2.044720000000000073e+04 1.373000033517346756e-03 1.215950530000000072e+03 1.215951690000000099e+03
2.202009999999999854e+04 6.498039395173467458e-04 1.215944449999999961e+03 1.215943080000000009e+03
2.359300000000000000e+04 3.093459595473467853e-04 1.215910620000000108e+03 1.215908230000000003e+03
2.516579999999999927e+04 1.972805353517346691e-03 1.215974930000000086e+03 1.215975969999999961e+03
2.831159999999999854e+04 9.591820595173468269e-04 1.216089799999999968e+03 1.216090979999999945e+03
3.145729999999999927e+04 -1.563452248265321826e-05 1.216093519999999899e+03 1.216093020000000024e+03
3.460300000000000000e+04 6.111440275173467881e-04 1.216034280000000081e+03 1.216032729999999901e+03
3.774869999999999709e+04 -5.764362574826533032e-04 1.216060269999999946e+03 1.216060359999999946e+03
4.089450000000000000e+04 -3.524952354826532664e-04 1.216063580000000002e+03 1.216062149999999974e+03
4.404019999999999709e+04 1.296618178517346771e-03 1.216059780000000046e+03 1.216061519999999973e+03
4.718590000000000146e+04 2.541233523517346608e-03 1.216004259999999931e+03 1.216007209999999986e+03
5.033159999999999854e+04 1.242816605517346870e-03 1.215969470000000001e+03 1.215971219999999903e+03
5.662309999999999854e+04 -5.107009448265321157e-05 1.215984639999999899e+03 1.215983339999999998e+03
6.291459999999999854e+04 -7.865911364826532002e-04 1.215916130000000067e+03 1.215914870000000064e+03
6.920600000000000000e+04 -4.963072304826532301e-04 1.215847960000000057e+03 1.215848709999999983e+03
7.549750000000000000e+04 2.853126051734677839e-05 1.215657380000000103e+03 1.215656930000000102e+03
8.178889999999999418e+04 1.177856152517346754e-03 1.215753240000000005e+03 1.215755360000000110e+03
8.808039999999999418e+04 -8.194395564826532918e-04 1.215760269999999991e+03 1.215756470000000036e+03
9.437180000000000291e+04 -1.409148364826532307e-04 1.215534920000000056e+03 1.215532840000000078e+03
1.006630000000000000e+05 7.551956815173467433e-04 1.215810179999999946e+03 1.215811059999999998e+03
1.132460000000000000e+05 -4.771222444826532147e-04 1.216086420000000089e+03 1.216085139999999910e+03
1.258290000000000000e+05 6.663844665173467886e-04 1.215810930000000099e+03 1.215810629999999946e+03
1.384120000000000000e+05 -1.333279324826532465e-04 1.215724050000000034e+03 1.215724349999999959e+03
1.509950000000000000e+05 -3.602293548265323017e-05 1.215769590000000107e+03 1.215770130000000108e+03
1.635780000000000000e+05 -1.359804046482653277e-03 1.215689460000000054e+03 1.215687069999999949e+03
1.761610000000000000e+05 -1.781795054826532283e-04 1.215498139999999921e+03 1.215498649999999998e+03
1.887440000000000000e+05 -4.774726154826532316e-04 1.215597970000000032e+03 1.215598639999999932e+03
2.013270000000000000e+05 -5.345260864826532985e-04 1.216064249999999902e+03 1.216062550000000101e+03
2.264920000000000000e+05 3.986379569173467653e-04 1.216160360000000082e+03 1.216162039999999934e+03
2.516580000000000000e+05 1.250922356517346692e-03 1.215951929999999948e+03 1.215952559999999949e+03
2.768240000000000000e+05 2.844816312173467860e-04 1.215855649999999969e+03 1.215856600000000071e+03
3.019900000000000000e+05 1.804910105173467764e-04 1.216371480000000020e+03 1.216372100000000046e+03
3.271560000000000000e+05 -3.649576704826532395e-04 1.214862200000000030e+03 1.214861730000000080e+03
3.523220000000000000e+05 -1.295812304826532316e-04 1.212437169999999924e+03 1.212435539999999946e+03
