0.06 0.020266567650911563
0.138 0.08927038435352645
0.24 0.21199123823624175
0.372 0.39511814377861504
0.542 0.6485189708999226
0.766 1.001994448192521
1.054 1.4710881526384534
1.432 2.10814557892784
1.92 2.956012607351342
2.5580000000000003 4.076636110432047
3.384 5.55286514827842
4.46 7.469302995099219
5.8580000000000005 9.993511147097083
7.674 13.317226337172281
10.038 17.64485811887036
13.108 23.264939817995614
17.1 30.548436954776847
22.292 39.9502166481987
29.038 52.164774458449884
37.81 67.99955186795164
49.212 88.97464857722393
64.036 116.2190364281865
83.308 150.95355639031595
108.36 196.46285281441678
140.928 254.95436567648747
183.266 332.0196178313391
238.306 431.1130204502253
309.858 560.7829861207225
402.87600000000003 726.8671104745973
523.8 948.6280984699786
680.998 1232.583246717655
885.3580000000001 1603.4545302713823
1151.026 2081.7178249383032
1496.394 2713.341757734441
1945.372 3518.179284755796
2529.044 4577.091034095459
3287.8160000000003 5970.012007690444
4274.222 7751.973144164677
5556.548 10089.988428866925
5556.7480000000005 10090.44565996742
11113.496000000001 20154.02283834249
16670.244 30166.654679903437
22226.992000000002 40165.66871915504
27783.74 50187.07442960881
33340.488 60167.28182545955
38897.236000000004 70180.48155907012
44453.984000000004 80290.85334495154
50010.732 90420.85769831811
55567.48 100501.15282603212
61124.228 110625.92381206871
66680.976 120758.2159875229
72237.724 130906.47334578216
77794.47200000001 141053.56979273746
83351.22 151171.93453533488
88907.96800000001 161371.65622534935
94464.716 171552.31842935152
100021.464 181775.2089417207
105578.212 191980.2409137466
111134.96 202123.20252176045
116691.708 212252.27606373993
122248.456 222442.37142152537
127805.204 232513.45870546365
133361.952 242538.13012403194
138918.7 252572.21443287807
144475.448 262631.3320142296
150032.196 272723.961216475
155588.94400000002 282641.87679070194
161145.692 292650.5376334071
166702.44 302665.48051009706
172259.188 312627.9624917801
177815.93600000002 322549.0751805193
183372.684 332569.79552273365
188929.432 342578.57823907904
194486.18 352641.1168317152
200042.928 362595.5150595147
205599.676 372570.31724308647
211156.424 382462.6200046398
216713.172 392465.86046876176
222269.92 402515.9665663473
227826.668 412513.7448765001
233383.416 422334.50563732866
238940.16400000002 432290.9707317638
244496.912 442007.5685193345
250053.66 451713.35590520495
255610.408 461048.50976265257
261167.15600000002 470292.7325161589
266723.904 479390.29086827766
272280.652 488619.5071502471
277837.4 498173.80542353523
283394.148 508236.337872815
288950.896 518253.5169429333
294507.64400000003 528588.5957484164
300064.392 538624.605900612
305621.14 548821.0042836021
311177.88800000004 559232.9329942979
316734.636 569817.0181149262
322291.384 580256.359605909
327848.132 590549.8368262864
333404.88 600746.7531045995
338961.628 610797.7339590007
344518.376 620955.0219758326
350075.124 631092.7498610555
355631.87200000003 642027.9356723117
361188.62 653239.1578880334
366745.368 664384.6015084316
372302.116 675667.1636670223
377858.864 686312.1348518283
383415.612 696313.9214654706
388972.36 706099.3529232002
394529.108 718629.4541515384
