0.000000000000000000e+00 2.516098348979292609e+01 1.058578279999999950e+03 1.085654260000000022e+03
6.000000000000000125e-03 2.488977778979292665e+01 1.058353239999999914e+03 1.085147429999999986e+03
1.200000000000000025e-02 2.408692608979292515e+01 1.057686529999999948e+03 1.083646379999999908e+03
1.799999999999999864e-02 2.278357358979292613e+01 1.056602139999999963e+03 1.081206930000000057e+03
2.400000000000000050e-02 2.102885858979292522e+01 1.055137649999999894e+03 1.077916829999999891e+03
2.999999999999999889e-02 1.888647418979292780e+01 1.053341460000000097e+03 1.073889580000000024e+03
3.599999999999999728e-02 1.643048768979292618e+01 1.051269520000000057e+03 1.069256920000000036e+03
4.200000000000000261e-02 1.374089448979292527e+01 1.048981909999999971e+03 1.064160959999999932e+03
4.800000000000000100e-02 1.089935448979292509e+01 1.046539680000000089e+03 1.058746669999999995e+03
5.399999999999999939e-02 7.985471499792925698e+00 1.044002179999999953e+03 1.053155490000000100e+03
5.999999999999999778e-02 5.073847869792925458e+00 1.041425109999999904e+03 1.047520359999999982e+03
6.600000000000000311e-02 2.232016609792925710e+00 1.038859400000000051e+03 1.041962389999999914e+03
7.199999999999999456e-02 -4.807670522070743302e-01 1.036350629999999910e+03 1.036589120000000094e+03
7.799999999999999989e-02 -3.013985130207074370e+00 1.033939139999999952e+03 1.031493999999999915e+03
8.400000000000000522e-02 -5.325735650207073846e+00 1.031660380000000032e+03 1.026756879999999910e+03
8.999999999999999667e-02 -7.382224930207073932e+00 1.029545530000000099e+03 1.022444989999999962e+03
9.600000000000000200e-02 -9.081722380207075673e+00 1.027675809999999956e+03 1.018745810000000006e+03
1.079999999999999988e-01 -1.170816631020707455e+01 1.024504820000000109e+03 1.012715220000000045e+03
1.199999999999999956e-01 -1.305263051020707543e+01 1.022339690000000019e+03 1.009021449999999959e+03
1.320000000000000062e-01 -1.311373841020707509e+01 1.021269649999999956e+03 1.007759850000000029e+03
1.439999999999999891e-01 -1.197634021020707529e+01 1.021306289999999990e+03 1.008856859999999983e+03
1.559999999999999998e-01 -9.814423490207074607e+00 1.022370300000000043e+03 1.012054949999999963e+03
1.680000000000000104e-01 -6.888170520207074432e+00 1.024291099999999915e+03 1.016916939999999954e+03
1.799999999999999933e-01 -3.526953680207074004e+00 1.026824569999999994e+03 1.022862300000000005e+03
1.920000000000000040e-01 -1.661548572070743468e-01 1.029697200000000066e+03 1.029181610000000092e+03
2.159999999999999976e-01 5.434558589792925609e+00 1.035195760000000064e+03 1.040503380000000107e+03
2.399999999999999911e-01 8.196763429792925493e+00 1.039269379999999956e+03 1.047606989999999996e+03
2.640000000000000124e-01 7.926222179792925537e+00 1.041211009999999987e+03 1.049527559999999994e+03
2.879999999999999782e-01 5.695078579792926199e+00 1.041126269999999977e+03 1.047379490000000033e+03
3.119999999999999996e-01 2.887944349792925802e+00 1.039600329999999985e+03 1.043101000000000113e+03
3.360000000000000209e-01 5.199086787929256825e-01 1.037420350000000099e+03 1.038502750000000106e+03
3.599999999999999867e-01 -9.648788652070743321e-01 1.035265079999999898e+03 1.034735460000000103e+03
3.840000000000000080e-01 -1.455244650207074386e+00 1.033620220000000018e+03 1.032418910000000096e+03
4.319999999999999951e-01 -1.443891320207074447e+00 1.031599130000000059e+03 1.030052519999999959e+03
4.799999999999999822e-01 -9.373976532070743550e-01 1.031545769999999948e+03 1.030340009999999893e+03
5.280000000000000249e-01 -1.038376342070743419e-01 1.033040379999999914e+03 1.032782879999999977e+03
5.759999999999999565e-01 1.015113019792925675e+00 1.035010629999999992e+03 1.036134219999999914e+03
6.239999999999999991e-01 1.371009379792925476e+00 1.035956010000000106e+03 1.037617299999999886e+03
6.720000000000000417e-01 7.154576117929256629e-01 1.035357179999999971e+03 1.036332720000000108e+03
7.199999999999999734e-01 -2.464000352070743471e-01 1.033946509999999989e+03 1.033793779999999970e+03
7.680000000000000160e-01 -4.709828462070743127e-01 1.033183749999999918e+03 1.032695889999999963e+03
8.639999999999999902e-01 1.765546697929256670e-01 1.033731430000000046e+03 1.033936969999999974e+03
9.599999999999999645e-01 2.656435407929256809e-01 1.034339439999999968e+03 1.034744419999999991e+03
1.056000000000000050e+00 -3.885700460707433579e-02 1.033781220000000076e+03 1.033808350000000019e+03
1.151999999999999913e+00 6.989077909292565338e-02 1.033719509999999900e+03 1.033849069999999983e+03
1.247999999999999998e+00 3.805969339292566284e-02 1.033832589999999982e+03 1.033958800000000110e+03
1.344000000000000083e+00 6.204275159292566705e-02 1.033860220000000027e+03 1.033999820000000000e+03
1.439999999999999947e+00 2.194879559292566354e-02 1.033745550000000094e+03 1.033843840000000000e+03
1.536000000000000032e+00 2.748547699292566357e-02 1.033758820000000014e+03 1.033859609999999975e+03
1.727999999999999980e+00 3.105672919292566322e-02 1.033745709999999917e+03 1.033844209999999975e+03
1.919999999999999929e+00 3.892956439292566406e-02 1.033728879999999890e+03 1.033826139999999896e+03
2.112000000000000099e+00 4.868226469292566416e-02 1.033723510000000033e+03 1.033825170000000071e+03
2.303999999999999826e+00 5.898370639292566109e-02 1.033706860000000006e+03 1.033814080000000104e+03
2.495999999999999996e+00 7.450554809292565805e-02 1.033696940000000041e+03 1.033808189999999968e+03
2.688000000000000167e+00 8.411320269292565932e-02 1.033698390000000018e+03 1.033816839999999956e+03
2.879999999999999893e+00 9.435545449292566389e-02 1.033667210000000068e+03 1.033789199999999937e+03
3.072000000000000064e+00 1.002946737929256565e-01 1.033673469999999952e+03 1.033798350000000028e+03
3.455999999999999961e+00 1.086700907929256527e-01 1.033667879999999968e+03 1.033797299999999950e+03
3.839999999999999858e+00 1.080277357929256554e-01 1.033672309999999925e+03 1.033802830000000085e+03
4.224000000000000199e+00 1.011518247929256570e-01 1.033675860000000057e+03 1.033803619999999910e+03
4.607999999999999652e+00 9.211545569292566016e-02 1.033683359999999993e+03 1.033802370000000110e+03
4.991999999999999993e+00 8.466709229292565531e-02 1.033675449999999955e+03 1.033792709999999943e+03
5.376000000000000334e+00 7.713446369292566163e-02 1.033679429999999911e+03 1.033783590000000004e+03
5.759999999999999787e+00 7.585654679292565261e-02 1.033678280000000086e+03 1.033783100000000104e+03
6.144000000000000128e+00 7.481341469292565605e-02 1.033667310000000043e+03 1.033768900000000031e+03
6.911999999999999922e+00 7.222762739292565293e-02 1.033658760000000029e+03 1.033755840000000035e+03
7.679999999999999716e+00 7.183513419292565649e-02 1.033658529999999928e+03 1.033752559999999903e+03
8.448000000000000398e+00 6.915014859292566152e-02 1.033652659999999969e+03 1.033744179999999915e+03
9.215999999999999304e+00 6.905844289292566163e-02 1.033643170000000055e+03 1.033734690000000001e+03
9.983999999999999986e+00 6.494462619292565297e-02 1.033639660000000049e+03 1.033726979999999912e+03
1.075200000000000067e+01 6.038244219292566300e-02 1.033644739999999956e+03 1.033725230000000010e+03
1.151999999999999957e+01 5.989274419292566626e-02 1.033638609999999971e+03 1.033720100000000002e+03
1.228800000000000026e+01 5.869574839292566321e-02 1.033635089999999991e+03 1.033714339999999993e+03
1.382399999999999984e+01 5.583384689292566344e-02 1.033628449999999930e+03 1.033702700000000050e+03
1.535999999999999943e+01 5.183268229292566087e-02 1.033624600000000100e+03 1.033694279999999935e+03
1.689600000000000080e+01 5.182670449292566678e-02 1.033622959999999921e+03 1.033691229999999905e+03
1.843199999999999861e+01 4.896717319292566428e-02 1.033621390000000019e+03 1.033686869999999999e+03
1.996799999999999997e+01 4.658980649292566306e-02 1.033617340000000013e+03 1.033680640000000039e+03
2.150400000000000134e+01 4.414284429292566342e-02 1.033614829999999984e+03 1.033676310000000058e+03
2.303999999999999915e+01 4.402977539292566439e-02 1.033611969999999928e+03 1.033671119999999974e+03
2.457600000000000051e+01 4.201198189292566082e-02 1.033609940000000051e+03 1.033668519999999944e+03
2.764799999999999969e+01 3.995381669292566440e-02 1.033600449999999910e+03 1.033653540000000021e+03
3.071999999999999886e+01 3.705649079292566705e-02 1.033601540000000114e+03 1.033652949999999919e+03
3.379200000000000159e+01 3.616947589292566351e-02 1.033601259999999911e+03 1.033650309999999990e+03
3.686399999999999721e+01 3.490062389292566264e-02 1.033595710000000054e+03 1.033643309999999929e+03
3.993599999999999994e+01 3.262391669292566410e-02 1.033589909999999918e+03 1.033633350000000064e+03
4.300800000000000267e+01 3.103052209292566505e-02 1.033588629999999966e+03 1.033629439999999931e+03
4.607999999999999829e+01 3.082766159292566269e-02 1.033584599999999909e+03 1.033625450000000001e+03
4.915200000000000102e+01 2.937880359292566537e-02 1.033582850000000008e+03 1.033623000000000047e+03
5.529599999999999937e+01 2.796015689292566386e-02 1.033579680000000053e+03 1.033617500000000064e+03
6.143999999999999773e+01 2.559336619292566437e-02 1.033575869999999895e+03 1.033610339999999951e+03
6.758400000000000318e+01 2.389258109292566323e-02 1.033571950000000015e+03 1.033604859999999917e+03
7.372799999999999443e+01 2.331846679292566560e-02 1.033567340000000058e+03 1.033599680000000035e+03
7.987199999999999989e+01 2.179786199292566354e-02 1.033565309999999954e+03 1.033595309999999927e+03
8.601600000000000534e+01 2.075919109292566345e-02 1.033562059999999974e+03 1.033590419999999995e+03
9.215999999999999659e+01 2.085076079292566553e-02 1.033561239999999998e+03 1.033589069999999992e+03
9.830400000000000205e+01 1.901084099292566290e-02 1.033556980000000067e+03 1.033582930000000033e+03
1.105919999999999987e+02 1.767077759292566552e-02 1.033551580000000058e+03 1.033574980000000096e+03
1.228799999999999955e+02 1.634073299292566547e-02 1.033548720000000003e+03 1.033570539999999937e+03
1.351680000000000064e+02 1.485008239292566305e-02 1.033546289999999999e+03 1.033566479999999956e+03
1.474559999999999889e+02 1.328615629292566325e-02 1.033545059999999921e+03 1.033564069999999901e+03
1.597439999999999998e+02 1.266447229292566243e-02 1.033541490000000067e+03 1.033559479999999894e+03
1.720320000000000107e+02 1.259346549292566196e-02 1.033537039999999934e+03 1.033555309999999963e+03
1.843199999999999932e+02 1.169589419292566164e-02 1.033534730000000081e+03 1.033551860000000033e+03
1.966080000000000041e+02 1.112602159292566326e-02 1.033531600000000026e+03 1.033547769999999900e+03
2.211839999999999975e+02 9.427053152925662927e-03 1.033528250000000071e+03 1.033542030000000068e+03
2.457599999999999909e+02 9.315993512925661857e-03 1.033525290000000041e+03 1.033538639999999987e+03
2.703360000000000127e+02 7.695255582925662405e-03 1.033521619999999984e+03 1.033533619999999928e+03
2.949119999999999777e+02 7.104706002925662012e-03 1.033517910000000029e+03 1.033528870000000097e+03
3.194879999999999995e+02 6.709976182925662773e-03 1.033513239999999996e+03 1.033523210000000063e+03
3.440640000000000214e+02 6.174384182925662240e-03 1.033512230000000045e+03 1.033522670000000062e+03
3.686399999999999864e+02 5.613337212925662706e-03 1.033512179999999944e+03 1.033521549999999934e+03
3.932160000000000082e+02 5.250932612925662303e-03 1.033513609999999971e+03 1.033521850000000086e+03
4.423679999999999950e+02 4.673654192925662601e-03 1.033511860000000070e+03 1.033518379999999979e+03
4.915199999999999818e+02 4.324309322925662044e-03 1.033509960000000092e+03 1.033516039999999975e+03
5.406720000000000255e+02 3.910143992925662303e-03 1.033507160000000113e+03 1.033513020000000097e+03
5.898239999999999554e+02 3.641503012925663071e-03 1.033508689999999888e+03 1.033515630000000101e+03
6.389759999999999991e+02 3.306059582925662682e-03 1.033506890000000112e+03 1.033512919999999895e+03
6.881280000000000427e+02 2.273204242925662682e-03 1.033504550000000108e+03 1.033508779999999888e+03
7.372799999999999727e+02 2.015928932925662668e-03 1.033507020000000011e+03 1.033511299999999892e+03
7.864320000000000164e+02 2.243400152925663013e-03 1.033507270000000062e+03 1.033511739999999918e+03
8.847359999999999900e+02 1.747783972925662710e-03 1.033508829999999989e+03 1.033512600000000020e+03
9.830399999999999636e+02 2.144033792925662679e-03 1.033509090000000015e+03 1.033513200000000097e+03
1.081339999999999918e+03 2.423821102925662833e-03 1.033507489999999962e+03 1.033510960000000068e+03
1.179650000000000091e+03 1.675963782925662601e-03 1.033497229999999945e+03 1.033499649999999974e+03
1.277950000000000045e+03 1.132417232925662627e-03 1.033495429999999942e+03 1.033497869999999921e+03
1.376259999999999991e+03 9.471527519256626180e-04 1.033490929999999935e+03 1.033493570000000091e+03
1.474559999999999945e+03 7.191949809256626769e-04 1.033486679999999978e+03 1.033487669999999980e+03
1.572859999999999900e+03 7.660344239256626584e-04 1.033487969999999905e+03 1.033488460000000032e+03
1.769470000000000027e+03 4.333397899256626745e-04 1.033485040000000026e+03 1.033484979999999950e+03
1.966079999999999927e+03 4.467070799256626771e-04 1.033477669999999989e+03 1.033478389999999990e+03
2.162690000000000055e+03 4.859598562566264752e-05 1.033469039999999950e+03 1.033469340000000102e+03
2.359300000000000182e+03 -4.177898577433734737e-05 1.033455470000000105e+03 1.033456419999999980e+03
2.555900000000000091e+03 -2.824997217433735015e-05 1.033447089999999889e+03 1.033448000000000093e+03
2.752510000000000218e+03 -1.365356080743373491e-04 1.033441209999999955e+03 1.033441460000000006e+03
2.949119999999999891e+03 -2.038723200743373573e-04 1.033443320000000085e+03 1.033443479999999909e+03
3.145730000000000018e+03 -1.591719390743373595e-04 1.033450640000000021e+03 1.033449679999999944e+03
3.538940000000000055e+03 7.424051302566264936e-05 1.033441370000000006e+03 1.033440090000000055e+03
3.932159999999999854e+03 -2.954931820743373488e-04 1.033427570000000060e+03 1.033426470000000108e+03
4.325380000000000109e+03 -1.324208000743373574e-04 1.033433929999999918e+03 1.033434420000000046e+03
4.718590000000000146e+03 4.548118329256626386e-04 1.033440299999999979e+03 1.033441109999999981e+03
5.111810000000000400e+03 3.670451809256626693e-04 1.033447069999999940e+03 1.033447799999999916e+03
5.505020000000000437e+03 1.231043189256626454e-04 1.033475500000000011e+03 1.033475349999999935e+03
5.898239999999999782e+03 8.429131202566265545e-05 1.033472379999999930e+03 1.033473199999999906e+03
6.291460000000000036e+03 1.542479272566264984e-05 1.033505319999999983e+03 1.033505370000000084e+03
7.077890000000000327e+03 -1.616985277433734863e-05 1.033488200000000006e+03 1.033488090000000057e+03
7.864319999999999709e+03 2.893595129256626560e-04 1.033498049999999921e+03 1.033498659999999973e+03
8.650750000000000000e+03 2.116347569256626514e-04 1.033532079999999951e+03 1.033532639999999901e+03
9.437180000000000291e+03 4.653134679256626491e-04 1.033545069999999896e+03 1.033546589999999924e+03
1.022360000000000036e+04 7.253072679256626805e-04 1.033558170000000018e+03 1.033559469999999919e+03
1.101000000000000000e+04 1.107198699256626553e-04 1.033573409999999967e+03 1.033574249999999893e+03
1.179650000000000000e+04 -2.555751130743373471e-04 1.033595700000000079e+03 1.033595029999999952e+03
1.258289999999999964e+04 -1.003154087433734892e-05 1.033565180000000055e+03 1.033565350000000080e+03
1.415579999999999927e+04 3.879776092566265019e-05 1.033614820000000009e+03 1.033615109999999959e+03
1.572860000000000036e+04 1.747746619256626555e-04 1.033634679999999889e+03 1.033634049999999888e+03
1.730150000000000000e+04 -3.361213610743373566e-04 1.033620339999999942e+03 1.033619930000000068e+03
1.887440000000000146e+04 -1.252008250743373368e-04 1.033549919999999929e+03 1.033549929999999904e+03
2.044720000000000073e+04 5.315416519256626086e-04 1.033539559999999938e+03 1.033540230000000065e+03
2.202009999999999854e+04 3.742489009256626709e-04 1.033535300000000007e+03 1.033535630000000083e+03
2.359300000000000000e+04 3.857607769256626590e-04 1.033521179999999958e+03 1.033521709999999985e+03
2.516579999999999927e+04 -9.613212257433735185e-05 1.033469139999999925e+03 1.033468530000000101e+03
2.831159999999999854e+04 5.032746902566264942e-05 1.033584419999999909e+03 1.033584749999999985e+03
3.145729999999999927e+04 -2.597866360743373757e-04 1.033694250000000011e+03 1.033694660000000113e+03
3.460300000000000000e+04 -2.849357707433735107e-05 1.033705699999999979e+03 1.033706069999999954e+03
3.774869999999999709e+04 -4.296791987433735011e-05 1.033741649999999936e+03 1.033742070000000012e+03
4.089450000000000000e+04 -6.618464207433734424e-05 1.033768769999999904e+03 1.033768690000000106e+03
4.404019999999999709e+04 1.917137289256626537e-04 1.033675510000000031e+03 1.033675960000000032e+03
4.718590000000000146e+04 -1.872339960743373520e-04 1.033630339999999933e+03 1.033629619999999932e+03
5.033159999999999854e+04 -1.655792640743373567e-04 1.033589019999999891e+03 1.033588510000000042e+03
5.662309999999999854e+04 -4.738364170743373550e-04 1.033571879999999965e+03 1.033570770000000039e+03
6.291459999999999854e+04 9.548996742566264362e-05 1.033532380000000103e+03 1.033532330000000002e+03
6.920600000000000000e+04 -4.255090657433734677e-05 1.033610300000000052e+03 1.033610290000000077e+03
7.549750000000000000e+04 1.358273469256626623e-04 1.033678020000000060e+03 1.033678169999999909e+03
8.178889999999999418e+04 1.557503459256626447e-04 1.033669799999999896e+03 1.033669879999999921e+03
8.808039999999999418e+04 2.076711619256626411e-04 1.033605780000000095e+03 1.033605369999999994e+03
9.437180000000000291e+04 -1.636309940743373625e-04 1.033644569999999931e+03 1.033644090000000006e+03
1.006630000000000000e+05 -1.323112970743373529e-04 1.033927750000000060e+03 1.033926940000000059e+03
1.132460000000000000e+05 3.528432829256626440e-04 1.033974230000000034e+03 1.033974349999999959e+03
1.258290000000000000e+05 -1.996526727433734925e-05 1.033929300000000012e+03 1.033929219999999987e+03
1.384120000000000000e+05 1.073384833566265012e-05 1.033889969999999948e+03 1.033890419999999949e+03
1.509950000000000000e+05 5.146078592566264912e-05 1.033825849999999946e+03 1.033825880000000097e+03
1.635780000000000000e+05 8.073796092566264549e-05 1.033857919999999922e+03 1.033858169999999973e+03
1.761610000000000000e+05 -7.200611867433735346e-05 1.034004159999999956e+03 1.034003830000000107e+03
1.887440000000000000e+05 7.286885472566265035e-05 1.033865639999999985e+03 1.033866269999999986e+03
2.013270000000000000e+05 7.550635892566264753e-05 1.032960739999999987e+03 1.032961170000000038e+03
2.264920000000000000e+05 -9.619640217433735616e-05 1.033055119999999988e+03 1.033054979999999887e+03
2.516580000000000000e+05 -2.578132947433734861e-05 1.032706359999999904e+03 1.032706640000000107e+03
2.768240000000000000e+05 1.346791009256626459e-04 1.032660139999999956e+03 1.032660609999999906e+03
3.019900000000000000e+05 1.885257682566264894e-05 1.032866289999999935e+03 1.032866369999999961e+03
3.271560000000000000e+05 -1.696344360743373616e-04 1.033938429999999926e+03 1.033938280000000077e+03
3.523220000000000000e+05 -3.092915917433734758e-05 1.034783899999999903e+03 1.034784190000000081e+03
