0.000000000000000000e+00 2.683534641984565283e+01 9.985550919999999451e+02 1.027334910000000036e+03
6.000000000000000125e-03 2.654639961984565488e+01 9.983124689999999646e+02 1.026794370000000072e+03
1.200000000000000025e-02 2.569174011984565453e+01 9.975943499999999631e+02 1.025194889999999987e+03
1.799999999999999864e-02 2.430657461984565160e+01 9.964285680000000411e+02 1.022599950000000035e+03
2.400000000000000050e-02 2.244625141984565175e+01 9.948585359999999582e+02 1.019109010000000012e+03
2.999999999999999889e-02 2.018210161984565332e+01 9.929398230000000467e+02 1.014849910000000023e+03
3.599999999999999728e-02 1.759643011984565319e+01 9.907360979999999699e+02 1.009969789999999989e+03
4.200000000000000261e-02 1.477726011984565169e+01 9.883149829999999838e+02 1.004625760000000014e+03
4.800000000000000100e-02 1.181338301984565220e+01 9.857442939999999680e+02 9.989760820000000194e+02
5.399999999999999939e-02 8.790138119845650522e+00 9.830890130000000227e+02 9.931729769999999462e+02
5.999999999999999778e-02 5.786182829845651909e+00 9.804091919999999618e+02 9.873572120000000041e+02
6.600000000000000311e-02 2.871342279845652268e+00 9.777587809999999990e+02 9.816547430000000531e+02
7.199999999999999456e-02 1.054839688456521429e-01 9.751852689999999484e+02 9.761751739999999700e+02
7.799999999999999989e-02 -2.461742610154347588e+00 9.727299189999999953e+02 9.710116699999999810e+02
8.400000000000000522e-02 -4.790522100154348095e+00 9.704283370000000559e+02 9.662418490000000020e+02
8.999999999999999667e-02 -6.850084240154347803e+00 9.683111400000000231e+02 9.619291769999999815e+02
9.600000000000000200e-02 -8.540858680154348903e+00 9.664626869999999599e+02 9.582612739999999576e+02
1.079999999999999988e-01 -1.114109888015434890e+01 9.633735040000000254e+02 9.523343949999999722e+02
1.199999999999999956e-01 -1.246996948015434903e+01 9.613333390000000236e+02 9.487660160000000360e+02
1.320000000000000062e-01 -1.255975898015434922e+01 9.603939229999999725e+02 9.475809580000000096e+02
1.439999999999999891e-01 -1.152322868015434842e+01 9.605209489999999732e+02 9.486331380000000308e+02
1.559999999999999998e-01 -9.551268190154349469e+00 9.615909110000000055e+02 9.516059529999999995e+02
1.680000000000000104e-01 -6.904737740154347492e+00 9.634035340000000360e+02 9.560345129999999472e+02
1.799999999999999933e-01 -3.894238170154347589e+00 9.657091319999999541e+02 9.613546969999999874e+02
1.920000000000000040e-01 -9.139151051543478177e-01 9.682400830000000269e+02 9.669087660000000142e+02
2.159999999999999976e-01 4.041700699845652167e+00 9.729807499999999436e+02 9.767574379999999792e+02
2.399999999999999911e-01 6.574223019845652161e+00 9.764262489999999843e+02 9.829671789999999874e+02
2.640000000000000124e-01 6.622879439845652527e+00 9.781307659999999942e+02 9.849716680000000224e+02
2.879999999999999782e-01 5.124558179845652539e+00 9.783032699999999977e+02 9.838498459999999568e+02
3.119999999999999996e-01 3.167992739845652217e+00 9.774293079999999918e+02 9.811360469999999623e+02
3.360000000000000209e-01 1.463263879845652315e+00 9.760094900000000280e+02 9.780383000000000493e+02
3.599999999999999867e-01 2.826731088456521102e-01 9.744496450000000323e+02 9.752514640000000554e+02
3.840000000000000080e-01 -2.917469231543478592e-01 9.731023599999999760e+02 9.732165700000000470e+02
4.319999999999999951e-01 -7.445824471543478484e-01 9.712374059999999645e+02 9.706071100000000342e+02
4.799999999999999822e-01 -7.623112361543478155e-01 9.707800399999999854e+02 9.698854700000000548e+02
5.280000000000000249e-01 -4.974949131543478509e-01 9.713832619999999451e+02 9.707022769999999809e+02
5.759999999999999565e-01 2.504046708456521553e-01 9.725124690000000101e+02 9.727280879999999570e+02
6.239999999999999991e-01 9.345317258456521392e-01 9.735286879999999883e+02 9.746398629999999912e+02
6.720000000000000417e-01 9.432426018456521177e-01 9.737166469999999663e+02 9.749294859999999971e+02
7.199999999999999734e-01 2.746720178456521499e-01 9.729091290000000072e+02 9.733873569999999518e+02
7.680000000000000160e-01 -1.239337311543478592e-01 9.721675549999999930e+02 9.721401029999999537e+02
8.639999999999999902e-01 1.474889378456521738e-01 9.722342710000000352e+02 9.724237980000000334e+02
9.599999999999999645e-01 1.531553158456521735e-01 9.725052490000000489e+02 9.727762739999999440e+02
1.056000000000000050e+00 6.021675974565214584e-02 9.723324199999999564e+02 9.725141310000000203e+02
1.151999999999999913e+00 1.534827778456521741e-01 9.723333239999999478e+02 9.725839379999999892e+02
1.247999999999999998e+00 5.008595224565214749e-02 9.722469710000000305e+02 9.724061540000000150e+02
1.344000000000000083e+00 8.396847344565214200e-02 9.722851839999999584e+02 9.724720429999999851e+02
1.439999999999999947e+00 6.826147474565215367e-02 9.722414089999999760e+02 9.723992080000000442e+02
1.536000000000000032e+00 7.245897264565215323e-02 9.722359609999999748e+02 9.723967649999999594e+02
1.727999999999999980e+00 7.133082494565214093e-02 9.722058240000000069e+02 9.723546029999999973e+02
1.919999999999999929e+00 7.995431534565214382e-02 9.721989190000000463e+02 9.723567389999999477e+02
2.112000000000000099e+00 9.180111094565214513e-02 9.721782200000000103e+02 9.723251579999999876e+02
2.303999999999999826e+00 9.832315864565215058e-02 9.721689750000000458e+02 9.723216079999999693e+02
2.495999999999999996e+00 1.142130068456521513e-01 9.721576860000000124e+02 9.723102390000000241e+02
2.688000000000000167e+00 1.296501028456521487e-01 9.721457649999999830e+02 9.723117260000000215e+02
2.879999999999999893e+00 1.331453078456521499e-01 9.721509690000000319e+02 9.723210840000000417e+02
3.072000000000000064e+00 1.419202188456521740e-01 9.721462689999999611e+02 9.723195160000000214e+02
3.455999999999999961e+00 1.462555328456521531e-01 9.721415009999999484e+02 9.723243539999999712e+02
3.839999999999999858e+00 1.464459918456521570e-01 9.721489189999999780e+02 9.723318639999999959e+02
4.224000000000000199e+00 1.421868348456521713e-01 9.721514809999999898e+02 9.723347260000000460e+02
4.607999999999999652e+00 1.322436498456521503e-01 9.721524299999999812e+02 9.723310790000000452e+02
4.991999999999999993e+00 1.258712938456521546e-01 9.721478160000000344e+02 9.723160709999999654e+02
5.376000000000000334e+00 1.185482568456521502e-01 9.721383749999999964e+02 9.722993370000000368e+02
5.759999999999999787e+00 1.175206228456521507e-01 9.721364780000000110e+02 9.722985469999999850e+02
6.144000000000000128e+00 1.173562488456521419e-01 9.721315799999999854e+02 9.722883359999999584e+02
6.911999999999999922e+00 1.156979898456521466e-01 9.721180759999999736e+02 9.722714969999999539e+02
7.679999999999999716e+00 1.124489118456521441e-01 9.721167090000000144e+02 9.722658400000000256e+02
8.448000000000000398e+00 1.085812978456521527e-01 9.721109999999999900e+02 9.722542409999999791e+02
9.215999999999999304e+00 1.058106228456521525e-01 9.721069720000000416e+02 9.722491730000000416e+02
9.983999999999999986e+00 1.027022848456521503e-01 9.720950719999999592e+02 9.722308849999999438e+02
1.075200000000000067e+01 9.672638454565214705e-02 9.720969949999999926e+02 9.722268000000000256e+02
1.151999999999999957e+01 9.701927744565214118e-02 9.720918510000000197e+02 9.722195930000000317e+02
1.228800000000000026e+01 9.518022514565215031e-02 9.720911479999999756e+02 9.722182739999999512e+02
1.382399999999999984e+01 9.111191574565215279e-02 9.720813329999999723e+02 9.722038800000000265e+02
1.535999999999999943e+01 8.711196864565214082e-02 9.720733519999999999e+02 9.721892589999999927e+02
1.689600000000000080e+01 8.502138284565215198e-02 9.720693509999999833e+02 9.721842699999999695e+02
1.843199999999999861e+01 8.201234574565215152e-02 9.720650990000000320e+02 9.721759080000000495e+02
1.996799999999999997e+01 7.939157934565214958e-02 9.720578530000000228e+02 9.721633699999999862e+02
2.150400000000000134e+01 7.725486714565214796e-02 9.720578460000000405e+02 9.721603020000000015e+02
2.303999999999999915e+01 7.478432594565215252e-02 9.720522489999999607e+02 9.721501439999999548e+02
2.457600000000000051e+01 7.226792184565214439e-02 9.720489800000000287e+02 9.721465279999999893e+02
2.764799999999999969e+01 6.941564234565214542e-02 9.720435539999999719e+02 9.721355680000000348e+02
3.071999999999999886e+01 6.646906984565215115e-02 9.720370940000000246e+02 9.721238759999999957e+02
3.379200000000000159e+01 6.295176354565214238e-02 9.720318750000000136e+02 9.721150639999999612e+02
3.686399999999999721e+01 6.088617184565214835e-02 9.720239169999999831e+02 9.721050149999999803e+02
3.993599999999999994e+01 5.786159584565214731e-02 9.720189689999999700e+02 9.720946490000000040e+02
4.300800000000000267e+01 5.668915064565214351e-02 9.720164579999999432e+02 9.720914759999999433e+02
4.607999999999999829e+01 5.425131184565214898e-02 9.720091969999999719e+02 9.720809809999999516e+02
4.915200000000000102e+01 5.123095804565214878e-02 9.720047799999999825e+02 9.720735019999999622e+02
5.529599999999999937e+01 4.818897244565214372e-02 9.719959229999999479e+02 9.720603670000000420e+02
6.143999999999999773e+01 4.508158584565214594e-02 9.719859500000000025e+02 9.720467609999999468e+02
6.758400000000000318e+01 4.231105884565214414e-02 9.719780929999999444e+02 9.720350560000000542e+02
7.372799999999999443e+01 3.934733994565214887e-02 9.719708970000000363e+02 9.720245350000000144e+02
7.987199999999999989e+01 3.675879124565214345e-02 9.719659729999999627e+02 9.720158229999999548e+02
8.601600000000000534e+01 3.424337294565214795e-02 9.719643170000000509e+02 9.720112450000000308e+02
9.215999999999999659e+01 3.272718034565214734e-02 9.719544260000000122e+02 9.719984620000000177e+02
9.830400000000000205e+01 3.118023534565214985e-02 9.719485839999999826e+02 9.719900450000000092e+02
1.105919999999999987e+02 2.809949974565215114e-02 9.719393989999999803e+02 9.719764069999999947e+02
1.228799999999999955e+02 2.497255544565215105e-02 9.719324119999999994e+02 9.719665119999999661e+02
1.351680000000000064e+02 2.316087454565214990e-02 9.719269570000000158e+02 9.719584780000000137e+02
1.474559999999999889e+02 2.163799844565214917e-02 9.719216910000000098e+02 9.719516489999999749e+02
1.597439999999999998e+02 1.950313084565214947e-02 9.719147390000000541e+02 9.719413409999999658e+02
1.720320000000000107e+02 1.824226604565214876e-02 9.719101259999999911e+02 9.719354919999999538e+02
1.843199999999999932e+02 1.624065014565214890e-02 9.719039920000000166e+02 9.719260020000000395e+02
1.966080000000000041e+02 1.502173064565215030e-02 9.718994959999999992e+02 9.719186079999999492e+02
2.211839999999999975e+02 1.304723114565215121e-02 9.718953010000000177e+02 9.719126089999999749e+02
2.457599999999999909e+02 1.132758034565214955e-02 9.718900439999999890e+02 9.719034840000000486e+02
2.703360000000000127e+02 9.022373495652149730e-03 9.718868619999999510e+02 9.718981579999999667e+02
2.949119999999999777e+02 7.858575995652150592e-03 9.718825140000000147e+02 9.718927400000000034e+02
3.194879999999999995e+02 6.854384605652149784e-03 9.718793030000000499e+02 9.718883429999999635e+02
3.440640000000000214e+02 5.577358275652149686e-03 9.718781679999999596e+02 9.718857249999999794e+02
3.686399999999999864e+02 4.849884915652149207e-03 9.718787099999999555e+02 9.718840850000000273e+02
3.932160000000000082e+02 5.025846365652149664e-03 9.718765369999999848e+02 9.718818690000000515e+02
4.423679999999999950e+02 3.316181325652149854e-03 9.718759360000000243e+02 9.718789649999999938e+02
4.915199999999999818e+02 2.128799675652149909e-03 9.718756459999999606e+02 9.718772380000000339e+02
5.406720000000000255e+02 1.541424865652149794e-03 9.718677740000000540e+02 9.718680900000000520e+02
5.898239999999999554e+02 1.344933705652149756e-03 9.718602700000000141e+02 9.718595289999999522e+02
6.389759999999999991e+02 1.596709605652149718e-03 9.718639160000000174e+02 9.718637370000000146e+02
6.881280000000000427e+02 1.846411165652149826e-03 9.718679389999999785e+02 9.718691380000000208e+02
7.372799999999999727e+02 1.963594535652149736e-03 9.718694349999999531e+02 9.718706280000000106e+02
7.864320000000000164e+02 1.520972545652149758e-03 9.718655410000000074e+02 9.718660079999999653e+02
8.847359999999999900e+02 7.264722486521497935e-04 9.718526799999999639e+02 9.718526819999999589e+02
9.830399999999999636e+02 1.099646655652149673e-03 9.718441960000000108e+02 9.718427470000000312e+02
1.081339999999999918e+03 8.807852036521498628e-04 9.718379889999999932e+02 9.718377299999999650e+02
1.179650000000000091e+03 1.110853225652149714e-03 9.718378629999999703e+02 9.718387340000000449e+02
1.277950000000000045e+03 1.178616765652149706e-03 9.718384919999999738e+02 9.718391689999999699e+02
1.376259999999999991e+03 1.026589685652149701e-03 9.718374009999999998e+02 9.718382609999999886e+02
1.474559999999999945e+03 1.386614145652149835e-03 9.718406949999999824e+02 9.718426550000000361e+02
1.572859999999999900e+03 7.341474946521498509e-04 9.718389620000000377e+02 9.718388639999999441e+02
1.769470000000000027e+03 -9.600789454785017298e-05 9.718463870000000497e+02 9.718439250000000129e+02
1.966079999999999927e+03 -4.567965623478501794e-04 9.718396460000000161e+02 9.718358729999999923e+02
2.162690000000000055e+03 5.486572065214982284e-05 9.718370879999999943e+02 9.718368130000000065e+02
2.359300000000000182e+03 6.123743525214982956e-05 9.718451469999999972e+02 9.718452059999999619e+02
2.555900000000000091e+03 -1.118971179478501794e-04 9.718321539999999459e+02 9.718322030000000495e+02
2.752510000000000218e+03 4.526035225214982273e-05 9.718361640000000534e+02 9.718357740000000149e+02
2.949119999999999891e+03 5.288693776521498488e-04 9.718310510000000022e+02 9.718308869999999615e+02
3.145730000000000018e+03 1.321103506521498206e-04 9.718259839999999485e+02 9.718253600000000461e+02
3.538940000000000055e+03 2.143026896521498231e-04 9.718217929999999569e+02 9.718215629999999692e+02
3.932159999999999854e+03 -4.546314623478501550e-04 9.718244650000000320e+02 9.718229880000000094e+02
4.325380000000000109e+03 5.139920752149820235e-06 9.718364179999999806e+02 9.718355950000000121e+02
4.718590000000000146e+03 4.065751345214983000e-05 9.718479149999999436e+02 9.718458259999999882e+02
5.111810000000000400e+03 -4.220113663478501360e-04 9.718517259999999851e+02 9.718497720000000299e+02
5.505020000000000437e+03 -3.434380043478501513e-04 9.718326090000000477e+02 9.718320360000000164e+02
5.898239999999999782e+03 -8.682803684785017271e-05 9.718537089999999807e+02 9.718526950000000397e+02
6.291460000000000036e+03 -2.279119113478501792e-04 9.718340439999999489e+02 9.718328530000000001e+02
7.077890000000000327e+03 5.345379956521498872e-04 9.718326080000000502e+02 9.718319840000000340e+02
7.864319999999999709e+03 5.992836115214982494e-05 9.718154610000000275e+02 9.718156750000000557e+02
8.650750000000000000e+03 3.846238166521498284e-04 9.717992950000000292e+02 9.718008879999999863e+02
9.437180000000000291e+03 4.518733676521498148e-04 9.717648199999999861e+02 9.717658649999999625e+02
1.022360000000000036e+04 -1.183852135478501784e-04 9.717571080000000165e+02 9.717570749999999862e+02
1.101000000000000000e+04 -2.221559863478501874e-04 9.717558639999999741e+02 9.717560449999999719e+02
1.179650000000000000e+04 -6.391216113478501463e-04 9.717351700000000392e+02 9.717341490000000022e+02
1.258289999999999964e+04 -1.328191943478501810e-04 9.717053829999999834e+02 9.717042529999999942e+02
1.415579999999999927e+04 4.442603046521498397e-04 9.717112379999999803e+02 9.717120840000000044e+02
1.572860000000000036e+04 3.288619825214982777e-05 9.716675729999999476e+02 9.716676999999999680e+02
1.730150000000000000e+04 2.364972735214982322e-05 9.716133859999999913e+02 9.716123890000000074e+02
1.887440000000000146e+04 5.009628746521498392e-04 9.716658410000000003e+02 9.716670129999999972e+02
2.044720000000000073e+04 1.287872156521498092e-04 9.716130239999999958e+02 9.716141179999999622e+02
2.202009999999999854e+04 7.431262606521498067e-04 9.716000619999999799e+02 9.716010350000000244e+02
2.359300000000000000e+04 2.648986736521498613e-04 9.715974879999999985e+02 9.715982050000000072e+02
2.516579999999999927e+04 5.641967895214982179e-05 9.716076120000000174e+02 9.716069139999999607e+02
2.831159999999999854e+04 8.280194565214982997e-05 9.716363559999999779e+02 9.716365019999999504e+02
3.145729999999999927e+04 -1.336620203478501904e-04 9.716606809999999541e+02 9.716605690000000095e+02
3.460300000000000000e+04 -1.699484583478501863e-04 9.716908329999999978e+02 9.716902390000000196e+02
3.774869999999999709e+04 -1.499943803478501940e-04 9.717090389999999616e+02 9.717094819999999800e+02
4.089450000000000000e+04 2.028253906521497994e-04 9.717071720000000141e+02 9.717077789999999595e+02
4.404019999999999709e+04 -3.954624153478501509e-04 9.717155020000000150e+02 9.717146099999999933e+02
4.718590000000000146e+04 2.759144546521498462e-04 9.717401630000000523e+02 9.717401660000000447e+02
5.033159999999999854e+04 -1.310839543478501952e-04 9.717774910000000546e+02 9.717774660000000040e+02
5.662309999999999854e+04 -2.513653403478501936e-04 9.717219619999999622e+02 9.717218339999999444e+02
6.291459999999999854e+04 -3.066318663478501474e-04 9.716693830000000389e+02 9.716691489999999476e+02
6.920600000000000000e+04 -6.073369147850177289e-06 9.716074909999999818e+02 9.716080060000000458e+02
7.549750000000000000e+04 8.920775965214982034e-05 9.717018120000000181e+02 9.717017299999999977e+02
8.178889999999999418e+04 -1.781425963478502005e-04 9.717207250000000158e+02 9.717204309999999623e+02
8.808039999999999418e+04 -1.180743689478501711e-04 9.717292999999999665e+02 9.717295709999999644e+02
9.437180000000000291e+04 9.832583965214981554e-05 9.717781619999999521e+02 9.717781499999999824e+02
1.006630000000000000e+05 -5.907319344785018150e-05 9.717206210000000510e+02 9.717202359999999999e+02
1.132460000000000000e+05 4.099264076521498480e-04 9.716664729999999963e+02 9.716665460000000394e+02
1.258290000000000000e+05 -1.736828793478501865e-04 9.715153050000000121e+02 9.715149810000000343e+02
1.384120000000000000e+05 3.372444216521498263e-04 9.716560719999999947e+02 9.716564610000000357e+02
1.509950000000000000e+05 2.704195495214981778e-05 9.717527270000000499e+02 9.717529050000000552e+02
1.635780000000000000e+05 -3.253710123478501448e-04 9.718109490000000505e+02 9.718106169999999793e+02
1.761610000000000000e+05 3.714462666521498447e-04 9.717936690000000226e+02 9.717942170000000033e+02
1.887440000000000000e+05 2.763549286521498386e-04 9.716912640000000465e+02 9.716914510000000291e+02
2.013270000000000000e+05 1.690507006521498132e-04 9.717772650000000567e+02 9.717775169999999889e+02
2.264920000000000000e+05 7.499747785214983117e-05 9.715322340000000167e+02 9.715318469999999706e+02
2.516580000000000000e+05 2.373537185214981955e-05 9.716539520000000039e+02 9.716544280000000526e+02
2.768240000000000000e+05 -2.747366633478501535e-04 9.714039930000000140e+02 9.714041549999999461e+02
3.019900000000000000e+05 -5.020896453478501881e-04 9.709833589999999504e+02 9.709825700000000097e+02
3.271560000000000000e+05 -1.404616854785017864e-05 9.713242320000000518e+02 9.713240839999999707e+02
3.523220000000000000e+05 4.630399286521498579e-04 9.721542759999999817e+02 9.721551120000000310e+02
