3.566728905478275008e-05 -9.576063374327725529e-06
4.273096617712426068e-05 1.665298359113702784e-05
5.119355910750653137e-05 5.602402160239088063e-05
6.133211412141616257e-05 8.287833795598629062e-06
7.347854472674957785e-05 2.203944911930341000e-05
8.803049776618857404e-05 1.457649509495787346e-04
1.054643714812412134e-04 -5.416842468495874962e-06
1.263509117201124193e-04 1.331091336262546629e-04
1.513738968741993403e-04 1.035209811873335014e-04
1.813525232460453903e-04 -2.912346345127563935e-05
2.172682236953967676e-04 -1.521034197635087867e-04
2.602967975455632043e-04 -9.241539885361117865e-05
3.118469036110202734e-04 6.533592395021623281e-05
3.736061765214697644e-04 1.497019997712026426e-04
4.475964760871811005e-04 7.389155449939705618e-05
5.362400784456776903e-04 -1.194951918062809888e-04
6.424389759391627673e-04 6.937042115835001077e-05
7.696698818224755609e-04 5.599543536215958041e-05
9.220980500422212281e-04 8.703441373791519187e-05
1.104713636290866356e-03 2.159022721680781620e-05
1.323495064490274719e-03 4.207017290002636341e-05
1.585604746956266811e-03 3.085979089911837015e-05
1.899623565682532957e-03 1.101553262628884015e-04
2.275831791134231338e-03 -1.166340290593187754e-05
2.726545635201299035e-03 2.503087800155147737e-05
3.266520456298869536e-03 3.018613254766257421e-04
3.913433816643671105e-03 -2.763794079630135141e-04
4.688464205916189308e-03 -1.381516970722600072e-04
5.616984377420690400e-03 3.768705828787382922e-04
6.729391995011011450e-03 7.947817301229551969e-04
8.062104784295838836e-03 -2.987814743209460432e-04
9.658752767137533668e-03 -1.029694335866354366e-04
1.157160661052302961e-02 3.746437907821817588e-05
1.386328885073879850e-02 1.250729020424125836e-03
1.660882401448415119e-02 -5.742772733612422158e-05
1.989809475328107799e-02 6.018765659304850871e-04
2.383878439950155512e-02 1.205992045650199030e-03
2.855990227668465248e-02 2.377840551684451149e-04
3.421600717488061660e-02 3.471565153048992774e-04
4.099226725811416783e-02 -3.483312214598806083e-04
4.911052205396679304e-02 -4.796973181030107954e-04
5.883654498119390841e-02 9.911601069598273243e-04
7.048874417421191474e-02 -1.545698923106961610e-04
8.444858644989507168e-02 -1.822271983414416830e-03
1.011730856739316703e-01 -3.292369564009925854e-04
1.212097643677900460e-01 -8.633057806080245925e-04
1.452145783656835776e-01 -1.694901538541860155e-03
1.739733913345264948e-01 3.183887738922740098e-04
2.084277021844024025e-01 3.908225712483504033e-03
2.497054676271551199e-01 -1.298075319450149806e-03
2.991580289443998564e-01 2.668141645240224274e-03
3.584043518643633131e-01 7.548880453838812885e-03
4.293840278617030437e-01 8.395884081106201125e-04
5.144207720237573556e-01 1.066232799567703830e-02
6.162984962606717909e-01 6.884294856751477926e-03
7.383524483253642856e-01 2.058810164394988748e-02
8.845784003300184439e-01 2.538170963256576596e-02
1.059763461345771152e+00 4.803166468216581164e-02
1.269642796596168521e+00 6.559123824237243772e-02
1.521087383878575672e+00 9.808469617892817682e-02
1.822328953936859453e+00 1.359973498461928554e-01
2.183229478827697356e+00 1.921912137144209387e-01
2.615604030723977846e+00 2.588462266619487862e-01
3.133607580827036720e+00 3.772290518726151842e-01
3.754198401314857048e+00 5.276305535459341334e-01
4.497693241064751213e+00 7.126657851338188410e-01
5.388432450355997716e+00 9.392863089994462067e-01
6.455576829240560421e+00 1.242302654538073980e+00
7.734062286606987691e+00 1.628110082131096981e+00
9.265743563329767341e+00 2.059979164531851481e+00
1.110076446243003190e+01 2.525072393148997119e+00
1.329919944450372959e+01 3.025231071070563438e+00
1.593302033056294320e+01 3.545976348399270783e+00
1.908845249772142338e+01 4.209515793262249339e+00
2.286879770427636416e+01 5.623798364596166444e+00
2.739781595713660067e+01 8.538917239087471245e+00
3.282377713633646721e+01 1.161091111844875989e+01
3.932431501771733195e+01 1.340512308988313528e+01
4.711224260357216309e+01 1.474594263445355757e+01
5.644251914210912702e+01 1.587556621025242443e+01
6.762059692029626490e+01 1.609715521228934065e+01
8.101242108532693464e+01 1.549955454641074581e+01
9.705640986639149048e+01 1.462916747697193465e+01
1.162778074022916428e+02 1.404060779612426479e+01
1.393058790542206395e+02 1.365230178812693929e+01
1.668945121396113223e+02 1.331403317335681358e+01
1.999468965087803554e+02 1.318586905627990902e+01
2.395450929509871116e+02 1.316949855060516583e+01
2.869854574330801142e+02 1.296642836277559852e+01
3.438210808806920227e+02 1.296987057458847659e+01
4.119126338850558113e+02 1.296001718182007245e+01
4.934892808768782970e+02 1.288687180209688599e+01
5.912216579604497610e+02 1.287559782849642609e+01
7.083093035382709104e+02 1.288874882350382478e+01
8.485854040083746668e+02 1.287217171038811081e+01
1.016642283673107954e+03 1.299483710332152953e+01
1.217981747116960832e+03 1.289749682236940842e+01
1.459195195925066173e+03 1.287859472629083690e+01
1.748179416358953858e+03 1.287651076921375370e+01
2.094395102393196339e+03 1.289135275774719247e+01
