0.06 0.00416513002579191
0.138 0.018990734587965033
0.24 0.04712050084655667
0.372 0.09115809934670839
0.542 0.1520088254310804
0.766 0.23423978590274525
1.054 0.34136741059263914
1.432 0.4859639100866875
1.92 0.6768266937858636
2.5580000000000003 0.9312035959223911
3.384 1.2680363836766517
4.46 1.7142235601540865
5.8580000000000005 2.297273679974443
7.674 3.0599627913190703
10.038 4.056741071920779
13.108 5.354073475758996
17.1 7.049299274144152
22.292 9.239773624065434
29.038 12.110204208148163
37.81 15.861469469640017
49.212 20.737376610627383
64.036 27.122901661082963
83.308 35.33569481234285
108.36 45.862115267562935
140.928 59.70291682412925
183.266 77.64441949101449
238.306 100.77560916459792
309.858 131.0978030057081
402.87600000000003 170.9286183546389
523.8 222.39764998318103
680.998 289.249394538495
885.3580000000001 376.49251961339553
1151.026 488.52597788904797
1496.394 635.934680460745
1945.372 829.9508907974208
2529.044 1078.9113398118875
3287.8160000000003 1402.3826669203527
4274.222 1823.8194295905914
5556.548 2371.29482980564
5556.7480000000005 2371.370761660928
11113.496000000001 4723.6147068652535
16670.244 7074.896007812132
22226.992000000002 9412.885241325788
27783.74 11753.513188540846
33340.488 14083.19935644601
38897.236000000004 16421.03180671081
44453.984000000004 18771.402263666023
50010.732 21121.38749302546
55567.48 23484.123825982308
61124.228 25837.880758325486
66680.976 28160.78900097252
72237.724 30475.015755048953
77794.47200000001 32776.911494937485
83351.22 35091.17887808758
88907.96800000001 37391.494687707935
94464.716 39703.345371073854
100021.464 42011.24765618979
105578.212 44324.939892198
111134.96 46645.566957407595
116691.708 48973.3068446594
122248.456 51304.87526174635
127805.204 53642.358103053186
133361.952 55973.948281185214
138918.7 58318.0328077143
144475.448 60666.654576990004
150032.196 62994.55335195306
155588.94400000002 65312.55405549596
161145.692 67606.76702315753
166702.44 69926.36419175091
172259.188 72244.33707420852
177815.93600000002 74557.77509012511
183372.684 76904.95676848409
188929.432 79203.27018172103
194486.18 81494.78378780748
200042.928 83758.61581739775
205599.676 86007.28136597761
211156.424 88255.82080934926
216713.172 90517.57579210089
222269.92 92788.4788489275
227826.668 95056.75113031852
233383.416 97329.76766595386
238940.16400000002 99632.4179278308
244496.912 101946.71164297064
250053.66 104229.55774985335
255610.408 106518.12098505691
261167.15600000002 108851.7443332483
266723.904 111241.12663382379
272280.652 113644.26867474456
277837.4 116030.03055369481
283394.148 118436.9305865322
288950.896 120811.66760958878
294507.64400000003 123167.87825830058
300064.392 125636.40595758896
305621.14 128036.54006988708
311177.88800000004 130499.3863132262
316734.636 132994.74532719929
322291.384 135411.82018738848
327848.132 137898.14344898143
333404.88 140340.2310054966
338961.628 142834.28751150842
344518.376 145335.58227165072
350075.124 147787.1986563975
355631.87200000003 150168.93527829676
361188.62 152453.75401376927
366745.368 154863.34566279064
372302.116 157452.34933000337
377858.864 159776.87929465296
383415.612 162298.3541013402
388972.36 164921.12538839562
394529.108 167439.16288485672
