0.000000000000000000e+00 2.177697813401019644e+01 1.400664870000000064e+03 1.424239939999999933e+03
6.000000000000000125e-03 2.153946003401019738e+01 1.400467020000000048e+03 1.423794090000000097e+03
1.200000000000000025e-02 2.083757663401019755e+01 1.399881900000000087e+03 1.422475950000000012e+03
1.799999999999999864e-02 1.970202053401019882e+01 1.398933379999999943e+03 1.420340830000000096e+03
2.400000000000000050e-02 1.818075563401019679e+01 1.397658509999999978e+03 1.417474920000000111e+03
2.999999999999999889e-02 1.633510803401019729e+01 1.396104350000000068e+03 1.413988180000000057e+03
3.599999999999999728e-02 1.423512753401019815e+01 1.394324419999999918e+03 1.410006110000000035e+03
4.200000000000000261e-02 1.195481123401019730e+01 1.392374890000000050e+03 1.405661180000000058e+03
4.800000000000000100e-02 9.567712474010196644e+00 1.390311300000000074e+03 1.401085010000000011e+03
5.399999999999999939e-02 7.143315404010196268e+00 1.388185879999999997e+03 1.396402049999999917e+03
5.999999999999999778e-02 4.744387944010196811e+00 1.386045699999999897e+03 1.391724979999999960e+03
6.600000000000000311e-02 2.425364414010196867e+00 1.383931790000000092e+03 1.387152090000000044e+03
7.199999999999999456e-02 2.316813640101968996e-01 1.381878889999999956e+03 1.382766329999999925e+03
7.799999999999999989e-02 -1.800098175989803151e+00 1.379915979999999990e+03 1.378635839999999916e+03
8.400000000000000522e-02 -3.641584065989802887e+00 1.378067039999999906e+03 1.374815380000000005e+03
8.999999999999999667e-02 -5.271507285989803115e+00 1.376352149999999938e+03 1.371348400000000083e+03
9.600000000000000200e-02 -6.615161145989802982e+00 1.374829950000000053e+03 1.368372849999999971e+03
1.079999999999999988e-01 -8.699420085989801876e+00 1.372220939999999928e+03 1.363489589999999907e+03
1.199999999999999956e-01 -9.797394905989802893e+00 1.370376559999999927e+03 1.360408640000000105e+03
1.320000000000000062e-01 -9.911132295989801833e+00 1.369374459999999999e+03 1.359207619999999906e+03
1.439999999999999891e-01 -9.088031045989803047e+00 1.369253500000000031e+03 1.359875170000000026e+03
1.559999999999999998e-01 -7.431204295989803477e+00 1.369993549999999914e+03 1.362281349999999975e+03
1.680000000000000104e-01 -5.110538565989803494e+00 1.371500000000000000e+03 1.366152679999999918e+03
1.799999999999999933e-01 -2.363729595989803034e+00 1.373602450000000090e+03 1.371071320000000014e+03
1.920000000000000040e-01 4.772373140101969224e-01 1.376098500000000058e+03 1.376496030000000019e+03
2.159999999999999976e-01 5.332376054010196320e+00 1.381004010000000108e+03 1.386444619999999986e+03
2.399999999999999911e-01 7.760705024010196240e+00 1.384675300000000107e+03 1.392721430000000055e+03
2.640000000000000124e-01 7.349555434010196286e+00 1.386282249999999976e+03 1.394042429999999968e+03
2.879999999999999782e-01 4.987319764010196721e+00 1.385863000000000056e+03 1.391302179999999908e+03
3.119999999999999996e-01 1.998954194010196916e+00 1.383967020000000048e+03 1.386371529999999893e+03
3.360000000000000209e-01 -5.489253539898030221e-01 1.381418030000000044e+03 1.381169390000000021e+03
3.599999999999999867e-01 -2.071137355989802753e+00 1.379071850000000040e+03 1.377176040000000057e+03
3.840000000000000080e-01 -2.246990425989802809e+00 1.377689440000000104e+03 1.375504110000000082e+03
4.319999999999999951e-01 -1.116816915989803150e+00 1.376835209999999961e+03 1.375615870000000086e+03
4.799999999999999822e-01 2.314955020101969185e-01 1.377918509999999969e+03 1.378036659999999983e+03
5.280000000000000249e-01 6.686398620101969836e-01 1.379433479999999918e+03 1.380114829999999984e+03
5.759999999999999565e-01 8.448496260101969746e-01 1.380592219999999998e+03 1.381607220000000098e+03
6.239999999999999991e-01 7.333447050101969955e-01 1.380743850000000066e+03 1.381706750000000056e+03
6.720000000000000417e-01 1.707011830101969052e-01 1.379736820000000080e+03 1.380044069999999920e+03
7.199999999999999734e-01 -4.477086539898030848e-01 1.378435369999999921e+03 1.377984639999999899e+03
7.680000000000000160e-01 -3.729143739898030940e-01 1.378268990000000031e+03 1.377871879999999919e+03
8.639999999999999902e-01 3.236770720101969090e-01 1.379411859999999933e+03 1.379842509999999947e+03
9.599999999999999645e-01 7.635877501019691649e-02 1.379356759999999895e+03 1.379550680000000057e+03
1.056000000000000050e+00 -1.464626469898031025e-01 1.378683510000000069e+03 1.378575000000000045e+03
1.151999999999999913e+00 9.445618851019692286e-02 1.379067690000000084e+03 1.379254820000000109e+03
1.247999999999999998e+00 4.643760490196920630e-03 1.379082030000000032e+03 1.379175019999999904e+03
1.344000000000000083e+00 -2.882491768980308122e-02 1.378872170000000096e+03 1.378904780000000073e+03
1.439999999999999947e+00 2.088868161019691999e-02 1.378938349999999900e+03 1.379029639999999972e+03
1.536000000000000032e+00 1.703453711019691993e-02 1.378951160000000073e+03 1.379035149999999931e+03
1.727999999999999980e+00 2.587867131019691916e-02 1.378914359999999988e+03 1.378996879999999919e+03
1.919999999999999929e+00 4.188130351019692110e-02 1.378900579999999991e+03 1.378991050000000087e+03
2.112000000000000099e+00 6.766567871019692204e-02 1.378875189999999975e+03 1.378980919999999969e+03
2.303999999999999826e+00 8.439079061019692796e-02 1.378864309999999932e+03 1.378980469999999968e+03
2.495999999999999996e+00 8.997706861019692803e-02 1.378846800000000030e+03 1.378960970000000088e+03
2.688000000000000167e+00 1.005646620101969257e-01 1.378843039999999974e+03 1.378964179999999942e+03
2.879999999999999893e+00 1.049068930101969277e-01 1.378842180000000099e+03 1.378963999999999942e+03
3.072000000000000064e+00 1.026936240101969239e-01 1.378839940000000070e+03 1.378956740000000082e+03
3.455999999999999961e+00 8.489753691019692738e-02 1.378838109999999915e+03 1.378939750000000004e+03
3.839999999999999858e+00 7.470604621019692748e-02 1.378845090000000027e+03 1.378937439999999924e+03
4.224000000000000199e+00 5.904525761019692454e-02 1.378833980000000111e+03 1.378912810000000036e+03
4.607999999999999652e+00 4.886078651019692271e-02 1.378833149999999932e+03 1.378904160000000047e+03
4.991999999999999993e+00 4.728965081019692596e-02 1.378823779999999942e+03 1.378892090000000053e+03
5.376000000000000334e+00 4.666468131019692323e-02 1.378811529999999948e+03 1.378881620000000112e+03
5.759999999999999787e+00 4.819556571019692481e-02 1.378804290000000037e+03 1.378869660000000067e+03
6.144000000000000128e+00 4.707512041019692312e-02 1.378794750000000022e+03 1.378857649999999921e+03
6.911999999999999922e+00 4.444933911019692541e-02 1.378786070000000109e+03 1.378846639999999979e+03
7.679999999999999716e+00 4.304865171019692238e-02 1.378781539999999950e+03 1.378835510000000113e+03
8.448000000000000398e+00 3.873952761019692353e-02 1.378765670000000000e+03 1.378818060000000060e+03
9.215999999999999304e+00 3.705146051019692077e-02 1.378760659999999916e+03 1.378807769999999891e+03
9.983999999999999986e+00 3.391468901019692450e-02 1.378752070000000003e+03 1.378797370000000001e+03
1.075200000000000067e+01 3.149418931019692253e-02 1.378744819999999891e+03 1.378788050000000112e+03
1.151999999999999957e+01 3.080148551019691941e-02 1.378740839999999935e+03 1.378779320000000098e+03
1.228800000000000026e+01 2.881275011019691912e-02 1.378736450000000104e+03 1.378772310000000061e+03
1.382399999999999984e+01 2.437119681019692119e-02 1.378725730000000112e+03 1.378757769999999937e+03
1.535999999999999943e+01 2.393215151019691816e-02 1.378716699999999946e+03 1.378745159999999942e+03
1.689600000000000080e+01 2.194834481019691808e-02 1.378703860000000077e+03 1.378732289999999921e+03
1.843199999999999861e+01 2.042591861019691854e-02 1.378703240000000051e+03 1.378728440000000091e+03
1.996799999999999997e+01 1.990869751019691894e-02 1.378694760000000088e+03 1.378720829999999978e+03
2.150400000000000134e+01 1.751262541019691851e-02 1.378690589999999929e+03 1.378713729999999941e+03
2.303999999999999915e+01 1.604874931019692127e-02 1.378683980000000020e+03 1.378704970000000003e+03
2.457600000000000051e+01 1.601261261019691975e-02 1.378677380000000085e+03 1.378698149999999941e+03
2.764799999999999969e+01 1.478262851019692195e-02 1.378673099999999977e+03 1.378692950000000110e+03
3.071999999999999886e+01 1.361036291019692215e-02 1.378666729999999916e+03 1.378684160000000020e+03
3.379200000000000159e+01 1.185545301019692160e-02 1.378658120000000054e+03 1.378673739999999952e+03
3.686399999999999721e+01 1.069863731019692066e-02 1.378651389999999992e+03 1.378665420000000040e+03
3.993599999999999994e+01 1.046007661019692121e-02 1.378650010000000066e+03 1.378664299999999912e+03
4.300800000000000267e+01 8.224773650196921804e-03 1.378647699999999986e+03 1.378658609999999953e+03
4.607999999999999829e+01 9.009503690196920753e-03 1.378647600000000011e+03 1.378660370000000057e+03
4.915200000000000102e+01 7.891381640196920913e-03 1.378648950000000013e+03 1.378660190000000057e+03
5.529599999999999937e+01 6.823728970196920457e-03 1.378645469999999932e+03 1.378656160000000000e+03
6.143999999999999773e+01 5.822526280196920964e-03 1.378646269999999959e+03 1.378655839999999898e+03
6.758400000000000318e+01 5.842246960196920830e-03 1.378644659999999931e+03 1.378651599999999917e+03
7.372799999999999443e+01 5.444064020196920720e-03 1.378642599999999902e+03 1.378651319999999942e+03
7.987199999999999989e+01 4.543280380196921056e-03 1.378643170000000055e+03 1.378648509999999987e+03
8.601600000000000534e+01 3.917925660196920623e-03 1.378643389999999954e+03 1.378648230000000012e+03
9.215999999999999659e+01 4.220660270196920603e-03 1.378644739999999956e+03 1.378649879999999939e+03
9.830400000000000205e+01 3.561438720196920867e-03 1.378641010000000051e+03 1.378645310000000109e+03
1.105919999999999987e+02 2.932870720196920512e-03 1.378638159999999971e+03 1.378642119999999977e+03
1.228799999999999955e+02 1.876099810196921050e-03 1.378635559999999941e+03 1.378638169999999946e+03
1.351680000000000064e+02 1.929721190196921057e-03 1.378634839999999940e+03 1.378637199999999893e+03
1.474559999999999889e+02 1.518739460196920788e-03 1.378634090000000015e+03 1.378635240000000067e+03
1.597439999999999998e+02 1.795395690196920861e-03 1.378631640000000061e+03 1.378632129999999961e+03
1.720320000000000107e+02 1.389890380196920783e-03 1.378630519999999933e+03 1.378632329999999911e+03
1.843199999999999932e+02 1.405780570196920850e-03 1.378627580000000080e+03 1.378629599999999982e+03
1.966080000000000041e+02 1.386702130196920809e-03 1.378630869999999959e+03 1.378632499999999936e+03
2.211839999999999975e+02 1.421443580196920771e-03 1.378635099999999966e+03 1.378636449999999968e+03
2.457599999999999909e+02 5.686410661969208214e-04 1.378640619999999899e+03 1.378640439999999899e+03
2.703360000000000127e+02 5.697806661969208536e-04 1.378638609999999971e+03 1.378639499999999998e+03
2.949119999999999777e+02 7.043291711969208550e-04 1.378639179999999897e+03 1.378640149999999949e+03
3.194879999999999995e+02 2.005833111969208805e-04 1.378640900000000101e+03 1.378641589999999951e+03
3.440640000000000214e+02 2.804545131969208541e-04 1.378637030000000095e+03 1.378638179999999920e+03
3.686399999999999864e+02 1.010951960196920839e-03 1.378640540000000101e+03 1.378641720000000078e+03
3.932160000000000082e+02 2.683666881969208628e-04 1.378641110000000026e+03 1.378640920000000051e+03
4.423679999999999950e+02 -2.016166517030791453e-04 1.378644360000000006e+03 1.378644219999999905e+03
4.915199999999999818e+02 -1.687983714030791412e-04 1.378644369999999981e+03 1.378643929999999955e+03
5.406720000000000255e+02 1.394155819692086292e-05 1.378643090000000029e+03 1.378643399999999929e+03
5.898239999999999554e+02 -2.474856218030791659e-04 1.378644579999999905e+03 1.378644309999999905e+03
6.389759999999999991e+02 -3.978274318030791440e-04 1.378642650000000003e+03 1.378642450000000053e+03
6.881280000000000427e+02 -3.266516738030791553e-04 1.378645430000000033e+03 1.378645690000000059e+03
7.372799999999999727e+02 2.036270031969208711e-04 1.378647690000000011e+03 1.378648599999999988e+03
7.864320000000000164e+02 3.756927619692086294e-05 1.378649899999999889e+03 1.378650529999999890e+03
8.847359999999999900e+02 -2.309795300307914724e-05 1.378652350000000069e+03 1.378651980000000094e+03
9.830399999999999636e+02 3.830711419692085166e-05 1.378652919999999995e+03 1.378652659999999969e+03
1.081339999999999918e+03 -1.280324305730791542e-04 1.378655529999999999e+03 1.378654050000000097e+03
1.179650000000000091e+03 3.015443719692086067e-05 1.378652730000000020e+03 1.378652049999999917e+03
1.277950000000000045e+03 1.156860001969208521e-04 1.378647600000000011e+03 1.378648269999999911e+03
1.376259999999999991e+03 4.901340741969208853e-04 1.378641329999999925e+03 1.378641890000000103e+03
1.474559999999999945e+03 2.428986521969208907e-04 1.378647089999999935e+03 1.378647719999999936e+03
1.572859999999999900e+03 4.573687519692085969e-05 1.378650930000000017e+03 1.378651159999999891e+03
1.769470000000000027e+03 -2.026766071030791487e-04 1.378649519999999939e+03 1.378649699999999939e+03
1.966079999999999927e+03 4.977760619692086130e-05 1.378656950000000052e+03 1.378656899999999951e+03
2.162690000000000055e+03 1.997790271969208486e-04 1.378654649999999947e+03 1.378655340000000024e+03
2.359300000000000182e+03 -1.922584705030791529e-04 1.378655070000000023e+03 1.378654899999999998e+03
2.555900000000000091e+03 1.074383821969208643e-04 1.378651209999999992e+03 1.378651939999999968e+03
2.752510000000000218e+03 -2.356376658030791401e-04 1.378651579999999967e+03 1.378651550000000043e+03
2.949119999999999891e+03 -1.341341511030791323e-04 1.378655670000000100e+03 1.378655760000000100e+03
3.145730000000000018e+03 -4.357158830307913760e-05 1.378648590000000013e+03 1.378648899999999912e+03
3.538940000000000055e+03 -5.398507803079145590e-06 1.378644469999999956e+03 1.378644600000000082e+03
3.932159999999999854e+03 -7.352305803079141550e-06 1.378650450000000092e+03 1.378650609999999915e+03
4.325380000000000109e+03 -1.314679218030791468e-04 1.378654320000000098e+03 1.378653949999999895e+03
4.718590000000000146e+03 2.257005719692084706e-05 1.378640100000000075e+03 1.378640110000000050e+03
5.111810000000000400e+03 1.761950041969208899e-04 1.378638609999999971e+03 1.378638920000000098e+03
5.505020000000000437e+03 2.460909371969208963e-04 1.378642530000000079e+03 1.378642869999999903e+03
5.898239999999999782e+03 -2.159032409030791516e-04 1.378636909999999943e+03 1.378636709999999994e+03
6.291460000000000036e+03 4.562331619692085334e-05 1.378657519999999977e+03 1.378657740000000103e+03
7.077890000000000327e+03 -5.144221450307914420e-05 1.378656780000000026e+03 1.378657040000000052e+03
7.864319999999999709e+03 4.103470196920865911e-06 1.378656770000000051e+03 1.378656889999999976e+03
8.650750000000000000e+03 6.876729119692085227e-05 1.378666770000000042e+03 1.378666870000000017e+03
9.437180000000000291e+03 1.687926351969208519e-04 1.378682610000000068e+03 1.378682479999999941e+03
1.022360000000000036e+04 -1.195618530010791430e-04 1.378674700000000030e+03 1.378674559999999929e+03
1.101000000000000000e+04 6.445920219692086899e-05 1.378701319999999896e+03 1.378701520000000073e+03
1.179650000000000000e+04 -7.169771790307914836e-05 1.378683629999999994e+03 1.378683209999999917e+03
1.258289999999999964e+04 6.347193119692085830e-05 1.378685439999999971e+03 1.378685320000000047e+03
1.415579999999999927e+04 -1.891722350307914436e-05 1.378658069999999952e+03 1.378657999999999902e+03
1.572860000000000036e+04 -2.106127330307913626e-05 1.378635279999999966e+03 1.378635119999999915e+03
1.730150000000000000e+04 -1.007778880307914806e-05 1.378632319999999936e+03 1.378632370000000037e+03
1.887440000000000146e+04 5.328975319692084609e-05 1.378627559999999903e+03 1.378627619999999979e+03
2.044720000000000073e+04 -1.265110494330791533e-04 1.378628809999999930e+03 1.378628639999999905e+03
2.202009999999999854e+04 7.072008919692085959e-05 1.378616569999999911e+03 1.378616500000000087e+03
2.359300000000000000e+04 -7.193178840307913580e-05 1.378624970000000076e+03 1.378624900000000025e+03
2.516579999999999927e+04 1.368655019692086429e-05 1.378643800000000056e+03 1.378643949999999904e+03
2.831159999999999854e+04 8.104690219692084572e-05 1.378649779999999964e+03 1.378649830000000065e+03
3.145729999999999927e+04 1.316988591969208843e-04 1.378637969999999996e+03 1.378638130000000046e+03
3.460300000000000000e+04 -6.444981740307914814e-05 1.378654759999999897e+03 1.378654610000000048e+03
3.774869999999999709e+04 -1.347303280307913923e-05 1.378647169999999960e+03 1.378646999999999935e+03
4.089450000000000000e+04 3.451034319692086727e-05 1.378658249999999953e+03 1.378658100000000104e+03
4.404019999999999709e+04 5.283631019692085044e-05 1.378682319999999891e+03 1.378682289999999966e+03
4.718590000000000146e+04 -2.260652980307914094e-05 1.378654809999999998e+03 1.378654849999999897e+03
5.033159999999999854e+04 6.800237619692085453e-05 1.378583849999999984e+03 1.378583900000000085e+03
5.662309999999999854e+04 2.203005119692085249e-05 1.378511860000000070e+03 1.378511870000000044e+03
6.291459999999999854e+04 1.234977019692086182e-05 1.378505499999999984e+03 1.378505439999999908e+03
6.920600000000000000e+04 3.298520619692084908e-05 1.378518489999999929e+03 1.378518460000000005e+03
7.549750000000000000e+04 1.475383196920858559e-06 1.378585880000000088e+03 1.378585890000000063e+03
8.178889999999999418e+04 2.154761919692084417e-05 1.378576520000000073e+03 1.378576540000000023e+03
8.808039999999999418e+04 -4.507387940307914554e-05 1.378459849999999960e+03 1.378459900000000061e+03
9.437180000000000291e+04 -3.970791070307914266e-05 1.378469370000000026e+03 1.378469430000000102e+03
1.006630000000000000e+05 2.215481919692084743e-05 1.378511719999999968e+03 1.378511749999999893e+03
1.132460000000000000e+05 -4.197786180307914387e-05 1.378396850000000086e+03 1.378396700000000010e+03
1.258290000000000000e+05 1.573782196920861477e-06 1.378529770000000099e+03 1.378529950000000099e+03
1.384120000000000000e+05 -6.497363803079135667e-06 1.378467470000000048e+03 1.378467470000000048e+03
1.509950000000000000e+05 -2.216212390307914417e-05 1.378533169999999927e+03 1.378533220000000028e+03
1.635780000000000000e+05 -1.203805473330791376e-04 1.378617899999999963e+03 1.378617690000000039e+03
1.761610000000000000e+05 -3.171643803079140004e-06 1.378664500000000089e+03 1.378664500000000089e+03
1.887440000000000000e+05 -2.227579670307914574e-05 1.378648290000000088e+03 1.378648290000000088e+03
2.013270000000000000e+05 1.192613119692084776e-05 1.378497299999999996e+03 1.378497360000000072e+03
2.264920000000000000e+05 9.079350196920845111e-06 1.378505339999999933e+03 1.378505349999999908e+03
2.516580000000000000e+05 1.231282719692086464e-05 1.378754320000000007e+03 1.378754269999999906e+03
2.768240000000000000e+05 3.224793719692086358e-05 1.378794499999999971e+03 1.378794519999999920e+03
3.019900000000000000e+05 4.993955919692086222e-05 1.378480980000000045e+03 1.378481070000000045e+03
3.271560000000000000e+05 7.039928919692086090e-05 1.378626760000000104e+03 1.378626770000000079e+03
3.523220000000000000e+05 -6.677697430307913233e-05 1.378173129999999901e+03 1.378173070000000052e+03
