0.000000000000000000e+00 1.422502525815846575e+01 7.090150230000000192e+03 7.106786890000000312e+03
3.000000000000000062e-03 1.416753355815846582e+01 7.090097200000000157e+03 7.106671699999999873e+03
6.000000000000000125e-03 1.399671065815846482e+01 7.089939580000000205e+03 7.106329319999999825e+03
8.999999999999999320e-03 1.371732145815846593e+01 7.089681580000000395e+03 7.105768930000000182e+03
1.200000000000000025e-02 1.333690795815846464e+01 7.089329880000000230e+03 7.105005009999999857e+03
1.499999999999999944e-02 1.286533415815846482e+01 7.088893200000000434e+03 7.104056569999999738e+03
1.799999999999999864e-02 1.231424395815846573e+01 7.088381900000000314e+03 7.102946109999999862e+03
2.100000000000000130e-02 1.169648845815846450e+01 7.087807459999999992e+03 7.101698540000000321e+03
2.400000000000000050e-02 1.102556915815846494e+01 7.087182060000000092e+03 7.100340210000000297e+03
2.699999999999999969e-02 1.031512945815846471e+01 7.086518039999999928e+03 7.098897869999999784e+03
2.999999999999999889e-02 9.578515498158465036e+00 7.085827599999999620e+03 7.097397850000000290e+03
3.300000000000000155e-02 8.828415058158464390e+00 7.085122400000000198e+03 7.095865350000000035e+03
3.599999999999999728e-02 8.076576588158465242e+00 7.084413319999999658e+03 7.094323840000000018e+03
3.899999999999999994e-02 7.333602378158465385e+00 7.083710229999999683e+03 7.092794649999999820e+03
4.200000000000000261e-02 6.608808638158465421e+00 7.083021869999999581e+03 7.091296669999999722e+03
4.499999999999999833e-02 5.910143478158465413e+00 7.082355719999999565e+03 7.089846150000000307e+03
4.800000000000000100e-02 5.253612168158465323e+00 7.081726359999999659e+03 7.088474549999999908e+03
5.399999999999999939e-02 4.040522438158465235e+00 7.080556270000000040e+03 7.085922349999999824e+03
5.999999999999999778e-02 3.001789418158465228e+00 7.079542220000000270e+03 7.083707569999999578e+03
6.600000000000000311e-02 2.144600158158465053e+00 7.078692049999999654e+03 7.081848939999999857e+03
7.199999999999999456e-02 1.461604218158465196e+00 7.078000000000000000e+03 7.080335890000000290e+03
7.799999999999999989e-02 9.355672631584652787e-01 7.077451100000000224e+03 7.079137600000000020e+03
8.400000000000000522e-02 5.439370551584652436e-01 7.077025440000000344e+03 7.078212029999999686e+03
8.999999999999999667e-02 2.626819131584652300e-01 7.076701860000000124e+03 7.077513609999999971e+03
9.600000000000000200e-02 8.601392015846526240e-02 7.076477009999999609e+03 7.077035450000000310e+03
1.079999999999999988e-01 -1.210441048415347443e-01 7.076172370000000228e+03 7.076399840000000040e+03
1.199999999999999956e-01 -1.646472618415347478e-01 7.076044759999999769e+03 7.076144080000000031e+03
1.320000000000000062e-01 -1.100268278415347384e-01 7.076046699999999873e+03 7.076145410000000084e+03
1.439999999999999891e-01 9.372906258465254700e-03 7.076154480000000149e+03 7.076338490000000093e+03
1.559999999999999998e-01 1.734611511584652488e-01 7.076349199999999655e+03 7.076678039999999783e+03
1.680000000000000104e-01 3.636363521584652370e-01 7.076606899999999769e+03 7.077116689999999835e+03
1.799999999999999933e-01 5.583204661584652007e-01 7.076897090000000389e+03 7.077598619999999755e+03
1.920000000000000040e-01 7.236356751584652747e-01 7.077178139999999985e+03 7.078045420000000377e+03
2.159999999999999976e-01 9.295796251584652614e-01 7.077625240000000304e+03 7.078698419999999714e+03
2.399999999999999911e-01 8.959157781584652369e-01 7.077808850000000348e+03 7.078839789999999994e+03
2.640000000000000124e-01 6.663091851584652670e-01 7.077729690000000119e+03 7.078510189999999966e+03
2.879999999999999782e-01 3.663150791584652288e-01 7.077491210000000137e+03 7.077942369999999755e+03
3.119999999999999996e-01 1.144338681584652628e-01 7.077217249999999694e+03 7.077388219999999819e+03
3.360000000000000209e-01 -3.211462594153473987e-02 7.076998789999999644e+03 7.077003899999999703e+03
3.599999999999999867e-01 -7.538862974153474894e-02 7.076878749999999854e+03 7.076831199999999626e+03
3.840000000000000080e-01 -4.037948134153474672e-02 7.076872370000000046e+03 7.076857930000000124e+03
4.319999999999999951e-01 5.797255695846526002e-02 7.076959539999999834e+03 7.077047639999999774e+03
4.799999999999999822e-01 8.674595155846526184e-02 7.077023659999999836e+03 7.077143320000000131e+03
5.280000000000000249e-01 4.167581085846525785e-02 7.076985300000000279e+03 7.077054079999999885e+03
5.759999999999999565e-01 -1.309843055347456207e-04 7.076896130000000085e+03 7.076918010000000322e+03
6.239999999999999991e-01 -2.341997201534745665e-03 7.076833590000000186e+03 7.076855169999999816e+03
6.720000000000000417e-01 1.221126705846525481e-02 7.076819779999999810e+03 7.076849239999999554e+03
7.199999999999999734e-01 1.502678565846525365e-02 7.076807979999999588e+03 7.076832339999999931e+03
7.680000000000000160e-01 4.818615128465254110e-03 7.076782049999999799e+03 7.076800259999999980e+03
8.639999999999999902e-01 -6.080493941534746184e-03 7.076724989999999707e+03 7.076739910000000236e+03
9.599999999999999645e-01 2.084560138465254078e-03 7.076675849999999627e+03 7.076689779999999701e+03
1.056000000000000050e+00 -4.572890781534746235e-03 7.076633890000000065e+03 7.076643189999999777e+03
1.151999999999999913e+00 -3.832904831534745399e-03 7.076612089999999625e+03 7.076620369999999639e+03
1.247999999999999998e+00 -1.099775787534745634e-03 7.076561399999999594e+03 7.076576519999999618e+03
1.344000000000000083e+00 -3.302304651534745256e-03 7.076534730000000309e+03 7.076540960000000268e+03
1.439999999999999947e+00 -6.514873741534745952e-03 7.076490350000000035e+03 7.076488250000000335e+03
1.536000000000000032e+00 -2.133305611534745856e-03 7.076479059999999663e+03 7.076487250000000131e+03
1.727999999999999980e+00 -6.046779868347456179e-04 7.076442269999999553e+03 7.076450490000000173e+03
1.919999999999999929e+00 -1.304918038534745670e-03 7.076398000000000138e+03 7.076405539999999746e+03
2.112000000000000099e+00 -3.858002751534746026e-03 7.076377239999999802e+03 7.076376909999999953e+03
2.303999999999999826e+00 -2.964412491534745668e-03 7.076353689999999915e+03 7.076353259999999864e+03
2.495999999999999996e+00 1.940809448465254236e-03 7.076333289999999579e+03 7.076343780000000152e+03
2.688000000000000167e+00 -1.077246073534745587e-03 7.076314900000000307e+03 7.076310760000000300e+03
2.879999999999999893e+00 1.740800984652543558e-04 7.076301430000000437e+03 7.076296819999999570e+03
3.072000000000000064e+00 3.408246658465253869e-03 7.076292410000000018e+03 7.076299439999999777e+03
3.455999999999999961e+00 4.922544884652542679e-04 7.076269210000000385e+03 7.076273790000000190e+03
3.839999999999999858e+00 -1.526588435534745585e-03 7.076260239999999612e+03 7.076261789999999564e+03
4.224000000000000199e+00 -3.887125051534746044e-03 7.076249270000000251e+03 7.076245450000000346e+03
4.607999999999999652e+00 3.169640278465253938e-03 7.076246750000000247e+03 7.076250350000000253e+03
4.991999999999999993e+00 -4.023343511534745523e-03 7.076239599999999882e+03 7.076232600000000275e+03
5.376000000000000334e+00 -3.842977375347456483e-04 7.076237519999999677e+03 7.076229900000000271e+03
5.759999999999999787e+00 8.144880184652544299e-04 7.076233720000000176e+03 7.076234510000000228e+03
6.144000000000000128e+00 9.126887384652542651e-04 7.076231740000000173e+03 7.076237329999999929e+03
6.911999999999999922e+00 1.165926888465254347e-03 7.076231710000000021e+03 7.076233750000000327e+03
7.679999999999999716e+00 -1.287131952534745693e-03 7.076229559999999765e+03 7.076227289999999812e+03
8.448000000000000398e+00 3.446170978465254268e-03 7.076233720000000176e+03 7.076242369999999937e+03
9.215999999999999304e+00 1.275880328465254414e-03 7.076222170000000006e+03 7.076227359999999862e+03
9.983999999999999986e+00 5.435914384652542914e-04 7.076229860000000372e+03 7.076234300000000076e+03
1.075200000000000067e+01 3.050317568465254342e-03 7.076229229999999916e+03 7.076238459999999577e+03
1.151999999999999957e+01 1.067178234652543063e-04 7.076232430000000022e+03 7.076236839999999575e+03
1.228800000000000026e+01 1.653387728465254133e-03 7.076228619999999864e+03 7.076232240000000274e+03
1.382399999999999984e+01 -4.460782095347456543e-04 7.076227380000000267e+03 7.076230120000000170e+03
1.535999999999999943e+01 -2.444807701534745456e-03 7.076225139999999556e+03 7.076223990000000413e+03
1.689600000000000080e+01 2.688248484652542994e-04 7.076226770000000215e+03 7.076229970000000321e+03
1.843199999999999861e+01 1.864028465254317923e-06 7.076224739999999656e+03 7.076225529999999708e+03
1.996799999999999997e+01 -6.125743685347456420e-04 7.076226109999999608e+03 7.076225730000000112e+03
2.150400000000000134e+01 4.120917284652543273e-04 7.076225059999999758e+03 7.076227160000000367e+03
2.303999999999999915e+01 2.277231708465254564e-03 7.076231939999999668e+03 7.076236289999999826e+03
2.457600000000000051e+01 8.561394546525438135e-05 7.076233419999999569e+03 7.076234959999999774e+03
2.764799999999999969e+01 1.088602646525434897e-05 7.076229400000000169e+03 7.076230309999999918e+03
3.071999999999999886e+01 -2.174333345347456660e-04 7.076236549999999625e+03 7.076235179999999673e+03
3.379200000000000159e+01 -1.526699100534745744e-03 7.076232170000000224e+03 7.076231340000000273e+03
3.686399999999999721e+01 1.053206598465254240e-03 7.076231719999999768e+03 7.076234089999999924e+03
3.993599999999999994e+01 -2.059334765347456322e-04 7.076229049999999916e+03 7.076229330000000118e+03
4.300800000000000267e+01 2.653629258465254638e-03 7.076234339999999975e+03 7.076238470000000234e+03
4.607999999999999829e+01 1.475246394652543003e-04 7.076227659999999560e+03 7.076229639999999563e+03
4.915200000000000102e+01 7.234139184652543797e-04 7.076228180000000066e+03 7.076230129999999917e+03
5.529599999999999937e+01 1.741645394652543500e-04 7.076231230000000323e+03 7.076233460000000377e+03
6.143999999999999773e+01 -1.176891676534745548e-03 7.076231420000000071e+03 7.076231859999999870e+03
6.758400000000000318e+01 1.882058674652543504e-04 7.076227570000000014e+03 7.076228320000000167e+03
7.372799999999999443e+01 -2.885074645347456522e-04 7.076226090000000113e+03 7.076228299999999763e+03
7.987199999999999989e+01 2.528282314652543789e-04 7.076225470000000314e+03 7.076227659999999560e+03
8.601600000000000534e+01 9.448584746525438578e-05 7.076219189999999799e+03 7.076220809999999801e+03
9.215999999999999659e+01 2.943830014652542995e-04 7.076217700000000150e+03 7.076216830000000300e+03
9.830400000000000205e+01 -2.983618585347456542e-04 7.076216470000000299e+03 7.076216620000000148e+03
1.105919999999999987e+02 6.431332984652544070e-04 7.076221700000000055e+03 7.076223890000000210e+03
1.228799999999999955e+02 5.390168784652543330e-04 7.076219809999999597e+03 7.076222300000000359e+03
1.351680000000000064e+02 1.649351884652543133e-04 7.076223049999999603e+03 7.076225040000000263e+03
1.474559999999999889e+02 -3.049765385347456489e-04 7.076214530000000195e+03 7.076215460000000348e+03
1.597439999999999998e+02 3.241931334652543286e-04 7.076213270000000193e+03 7.076215640000000349e+03
1.720320000000000107e+02 8.136475346525438336e-05 7.076219089999999596e+03 7.076219960000000356e+03
1.843199999999999932e+02 -6.251130074347456935e-04 7.076216320000000451e+03 7.076217489999999998e+03
1.966080000000000041e+02 -3.847291253474569104e-05 7.076220510000000104e+03 7.076220900000000256e+03
2.211839999999999975e+02 -3.339803235347456496e-04 7.076220889999999599e+03 7.076221359999999549e+03
2.457599999999999909e+02 1.558802944652543229e-04 7.076218310000000201e+03 7.076219589999999698e+03
2.703360000000000127e+02 2.277467144652543449e-04 7.076216860000000452e+03 7.076219759999999951e+03
2.949119999999999777e+02 -4.811005035347456224e-04 7.076217550000000301e+03 7.076218120000000454e+03
3.194879999999999995e+02 3.191862246525439123e-05 7.076220559999999750e+03 7.076221800000000258e+03
3.440640000000000214e+02 -1.435498405347456234e-04 7.076225650000000314e+03 7.076226010000000315e+03
3.686399999999999864e+02 -1.777609835347456770e-04 7.076237210000000232e+03 7.076238620000000083e+03
3.932160000000000082e+02 -4.080400365347456367e-04 7.076235910000000331e+03 7.076236469999999827e+03
4.423679999999999950e+02 -2.887429135347456609e-04 7.076230749999999716e+03 7.076231480000000374e+03
4.915199999999999818e+02 -9.754269353474563295e-05 7.076220599999999649e+03 7.076221440000000257e+03
5.406720000000000255e+02 -2.756959534745630387e-06 7.076217440000000352e+03 7.076218630000000303e+03
5.898239999999999554e+02 -6.196083053474569623e-05 7.076219619999999850e+03 7.076220489999999700e+03
6.389759999999999991e+02 -4.704738253474567266e-05 7.076223699999999553e+03 7.076224500000000262e+03
6.881280000000000427e+02 -2.804061955347456471e-04 7.076233769999999822e+03 7.076235069999999723e+03
7.372799999999999727e+02 2.781775504652543281e-04 7.076236930000000029e+03 7.076238320000000385e+03
7.864320000000000164e+02 3.167779784652543151e-04 7.076242390000000341e+03 7.076243840000000091e+03
8.847359999999999900e+02 1.851289904652543084e-04 7.076228320000000167e+03 7.076229550000000017e+03
9.830399999999999636e+02 1.685418454652543637e-04 7.076249829999999747e+03 7.076251089999999749e+03
1.081339999999999918e+03 -9.878244953474564060e-05 7.076256320000000414e+03 7.076257340000000113e+03
1.179650000000000091e+03 -2.612480865347456267e-04 7.076235670000000027e+03 7.076236679999999978e+03
1.277950000000000045e+03 -1.095214095347456446e-04 7.076229919999999765e+03 7.076230959999999868e+03
1.376259999999999991e+03 -2.536705865347456336e-04 7.076217050000000199e+03 7.076218139999999948e+03
1.474559999999999945e+03 -7.964345153474569269e-05 7.076214539999999943e+03 7.076215790000000197e+03
1.572859999999999900e+03 -6.997512153474559887e-05 7.076207910000000084e+03 7.076209130000000187e+03
1.769470000000000027e+03 -5.111084153474568671e-05 7.076206369999999879e+03 7.076207250000000386e+03
1.966079999999999927e+03 -4.155691153474568109e-05 7.076216949999999997e+03 7.076218480000000454e+03
2.162690000000000055e+03 3.667451746525434309e-05 7.076191950000000361e+03 7.076193309999999656e+03
2.359300000000000182e+03 -1.042944785347456847e-04 7.076217120000000250e+03 7.076218359999999848e+03
2.555900000000000091e+03 5.024639746525438704e-05 7.076215820000000349e+03 7.076217069999999694e+03
2.752510000000000218e+03 -2.449080753474562003e-05 7.076209179999999833e+03 7.076210399999999936e+03
2.949119999999999891e+03 1.036578004652543563e-04 7.076184439999999995e+03 7.076185739999999896e+03
3.145730000000000018e+03 -1.791990953474561707e-05 7.076165299999999661e+03 7.076166519999999764e+03
3.538940000000000055e+03 -2.586157853474567881e-05 7.076153049999999894e+03 7.076154180000000451e+03
3.932159999999999854e+03 9.527826946525432775e-05 7.076153690000000097e+03 7.076154999999999745e+03
4.325380000000000109e+03 -8.565384853474560228e-05 7.076183030000000144e+03 7.076184229999999843e+03
4.718590000000000146e+03 7.120460246525439282e-05 7.076179479999999785e+03 7.076180769999999939e+03
5.111810000000000400e+03 3.225499046525430805e-05 7.076195829999999660e+03 7.076197019999999611e+03
5.505020000000000437e+03 -5.637408753474560524e-05 7.076201519999999618e+03 7.076202610000000277e+03
5.898239999999999782e+03 -1.437223325347456067e-04 7.076198330000000169e+03 7.076199380000000019e+03
6.291460000000000036e+03 -2.492869253474560339e-05 7.076203429999999571e+03 7.076204600000000028e+03
7.077890000000000327e+03 6.890006446525430948e-05 7.076224269999999706e+03 7.076225599999999758e+03
7.864319999999999709e+03 5.001378546525437219e-05 7.076182319999999891e+03 7.076183600000000297e+03
8.650750000000000000e+03 5.921832746525433622e-05 7.076195639999999912e+03 7.076196990000000369e+03
9.437180000000000291e+03 -3.701925053474562459e-05 7.076223920000000362e+03 7.076225019999999859e+03
1.022360000000000036e+04 1.691267346525437889e-05 7.076202189999999973e+03 7.076203279999999722e+03
1.101000000000000000e+04 7.344751046525429834e-05 7.076127440000000206e+03 7.076128700000000208e+03
1.179650000000000000e+04 -4.587132534745672063e-06 7.076147009999999682e+03 7.076148189999999886e+03
1.258289999999999964e+04 2.299898546525430687e-05 7.076183740000000398e+03 7.076185010000000148e+03
1.415579999999999927e+04 3.623768246525439253e-05 7.076183469999999943e+03 7.076184720000000198e+03
1.572860000000000036e+04 9.177007465254296073e-06 7.076277729999999792e+03 7.076278909999999996e+03
1.730150000000000000e+04 2.998982646525432012e-05 7.076290850000000319e+03 7.076292099999999664e+03
1.887440000000000146e+04 -2.867562453474567508e-05 7.076332849999999780e+03 7.076333980000000338e+03
2.044720000000000073e+04 -4.167790253474567067e-05 7.076329450000000179e+03 7.076330729999999676e+03
2.202009999999999854e+04 1.789226246525432110e-05 7.076316670000000158e+03 7.076317920000000413e+03
2.359300000000000000e+04 -3.754531253474563575e-05 7.076352249999999913e+03 7.076353310000000420e+03
2.516579999999999927e+04 -1.835616753474570480e-05 7.076293539999999666e+03 7.076294719999999870e+03
2.831159999999999854e+04 -3.517074253474566231e-05 7.076302279999999882e+03 7.076303350000000137e+03
3.145729999999999927e+04 -2.455467053474565727e-05 7.076261900000000423e+03 7.076263090000000375e+03
3.460300000000000000e+04 -2.356445553474567373e-05 7.076234050000000025e+03 7.076235230000000229e+03
3.774869999999999709e+04 -1.812840753474560113e-05 7.076298770000000331e+03 7.076299930000000131e+03
4.089450000000000000e+04 3.744838746525436420e-05 7.076293929999999818e+03 7.076295140000000174e+03
4.404019999999999709e+04 5.460717946525431733e-05 7.076202299999999923e+03 7.076203629999999976e+03
4.718590000000000146e+04 -2.679932753474562144e-05 7.076169719999999870e+03 7.076170960000000377e+03
5.033159999999999854e+04 3.326321746525431021e-05 7.076195869999999559e+03 7.076197189999999864e+03
5.662309999999999854e+04 2.821932946525434940e-05 7.076120710000000145e+03 7.076121960000000399e+03
6.291459999999999854e+04 3.223914146525432012e-05 7.076112009999999827e+03 7.076113279999999577e+03
6.920600000000000000e+04 1.923860946525439517e-05 7.076199730000000272e+03 7.076201009999999769e+03
7.549750000000000000e+04 -5.038035347456910201e-07 7.076078080000000227e+03 7.076079300000000330e+03
8.178889999999999418e+04 -2.086250053474566785e-05 7.076102520000000368e+03 7.076103729999999814e+03
8.808039999999999418e+04 -1.899077553474566842e-05 7.076133960000000116e+03 7.076135229999999865e+03
9.437180000000000291e+04 -1.600923453474567115e-05 7.076032799999999952e+03 7.076033989999999903e+03
1.006630000000000000e+05 5.673309465254296538e-06 7.076015959999999723e+03 7.076017139999999927e+03
1.132460000000000000e+05 1.550082646525430350e-05 7.075900590000000193e+03 7.075901689999999689e+03
1.258290000000000000e+05 5.940433465254318750e-06 7.076106990000000224e+03 7.076108170000000428e+03
1.384120000000000000e+05 -1.824384953474564568e-05 7.075527949999999691e+03 7.075529089999999997e+03
1.509950000000000000e+05 -8.303357053474568449e-05 7.075433469999999943e+03 7.075434479999999894e+03
1.635780000000000000e+05 -1.444883953474567200e-05 7.074799109999999928e+03 7.074800439999999981e+03
1.761610000000000000e+05 3.201770646525431332e-05 7.074340750000000298e+03 7.074341849999999795e+03
