1 184.66819431714023
2 48.710357470210816
3 20.87167736021998
4 11.307057745187901
5 6.94775435380385
6 4.509624197983501
7 3.3638863428047663
8 2.5224564619615033
9 1.9486709440879926
10 1.538955087076077
11 1.2053162236480293
12 1.0183318056828599
13 0.8716773602199817
14 0.7323556370302475
15 0.6379468377635197
16 0.5453712190650779
17 0.46562786434463793
18 0.4142988084326306
19 0.386801099908341
20 0.3318056828597617
21 0.3473877176901925
22 0.26306141154903756
23 0.24931255728689275
24 0.2392300641613199
25 0.21081576535288726
26 0.17415215398716774
27 0.1695692025664528
28 0.1613198900091659
29 0.15490375802016498
30 0.14482126489459213
31 0.13565536205316223
32 0.12832263978001834
33 0.11915673693858846
34 0.12832263978001834
35 0.11182401466544455
36 0.11365719523373052
37 0.09349220898258478
38 0.10540788267644363
39 0.09532538955087076
40 0.07791017415215398
41 0.07516040329972502
42 0.07882676443629698
43 0.05866177818515124
44 0.06782768102658111
45 0.05774518790100825
46 0.045829514207149404
47 0.05774518790100825
48 0.04674610449129239
49 0.06049495875343722
50 0.05682859761686526
51 0.05591200733272227
52 0.04216315307057745
53 0.03758020164986251
54 0.04124656278643447
55 0.0384967919340055
56 0.034830430797433545
57 0.045829514207149404
58 0.032080659945004586
59 0.03391384051329056
60 0.02841429880843263
61 0.035747021081576534
62 0.03391384051329056
63 0.031164069660861594
64 0.03299725022914757
65 0.025664527956003668
66 0.02841429880843263
67 0.02841429880843263
68 0.017415215398716773
69 0.022914757103574702
70 0.035747021081576534
71 0.022914757103574702
72 0.02474793767186068
73 0.01466544454628781
74 0.015582034830430797
75 0.015582034830430797
76 0.01924839596700275
77 0.02016498625114574
78 0.021081576535288724
79 0.013748854262144821
80 0.01924839596700275
81 0.02016498625114574
82 0.01466544454628781
83 0.016498625114573784
84 0.011915673693858845
85 0.017415215398716773
86 0.017415215398716773
87 0.011915673693858845
88 0.015582034830430797
89 0.017415215398716773
90 0.01466544454628781
91 0.01466544454628781
92 0.012832263978001834
93 0.011915673693858845
94 0.01008249312557287
95 0.016498625114573784
96 0.012832263978001834
97 0.016498625114573784
98 0.008249312557286892
99 0.012832263978001834
100 0.011915673693858845
101 0.01008249312557287
102 0.008249312557286892
103 0.006416131989000917
104 0.005499541704857928
105 0.01466544454628781
106 0.010999083409715857
107 0.00916590284142988
108 0.005499541704857928
109 0.013748854262144821
110 0.010999083409715857
111 0.007332722273143905
112 0.011915673693858845
113 0.00916590284142988
114 0.007332722273143905
115 0.00916590284142988
116 0.006416131989000917
117 0.01008249312557287
118 0.008249312557286892
119 0.01008249312557287
120 0.012832263978001834
121 0.010999083409715857
122 0.00916590284142988
123 0.010999083409715857
124 0.006416131989000917
125 0.00458295142071494
126 0.008249312557286892
127 0.008249312557286892
128 0.00916590284142988
129 0.007332722273143905
130 0.011915673693858845
131 0.006416131989000917
132 0.01008249312557287
133 0.01008249312557287
134 0.007332722273143905
135 0.008249312557286892
136 0.008249312557286892
137 0.005499541704857928
138 0.006416131989000917
139 0.005499541704857928
140 0.00458295142071494
141 0.005499541704857928
142 0.00458295142071494
143 0.011915673693858845
144 0.006416131989000917
145 0.006416131989000917
146 0.00458295142071494
147 0.006416131989000917
148 0.0036663611365719525
149 0.002749770852428964
150 0.00916590284142988
151 0.002749770852428964
152 0.0036663611365719525
153 0.005499541704857928
154 0.0018331805682859762
155 0.00458295142071494
156 0.008249312557286892
157 0.007332722273143905
158 0.0036663611365719525
159 0.00458295142071494
160 0.00458295142071494
161 0.0036663611365719525
162 0.002749770852428964
163 0.0036663611365719525
164 0.005499541704857928
165 0.00458295142071494
166 0.006416131989000917
167 0.00458295142071494
168 0.002749770852428964
169 0.002749770852428964
170 0.005499541704857928
171 0.008249312557286892
172 0.0036663611365719525
173 0.00458295142071494
174 0.0018331805682859762
175 0.0018331805682859762
176 0.00916590284142988
177 0.0018331805682859762
178 0.002749770852428964
180 0.0036663611365719525
181 0.002749770852428964
182 0.0018331805682859762
183 0.0018331805682859762
184 0.00458295142071494
185 0.0009165902841429881
186 0.005499541704857928
187 0.002749770852428964
188 0.008249312557286892
189 0.0036663611365719525
190 0.00458295142071494
191 0.006416131989000917
192 0.0018331805682859762
193 0.00458295142071494
194 0.0009165902841429881
195 0.0036663611365719525
196 0.0018331805682859762
197 0.008249312557286892
198 0.005499541704857928
199 0.0036663611365719525
200 0.0036663611365719525
201 0.0036663611365719525
202 0.0036663611365719525
203 0.006416131989000917
204 0.002749770852428964
205 0.0009165902841429881
206 0.0018331805682859762
207 0.002749770852428964
208 0.006416131989000917
209 0.005499541704857928
210 0.0009165902841429881
211 0.0036663611365719525
213 0.002749770852428964
214 0.0036663611365719525
215 0.0018331805682859762
216 0.00458295142071494
217 0.002749770852428964
218 0.0018331805682859762
219 0.002749770852428964
220 0.0009165902841429881
222 0.0036663611365719525
223 0.0036663611365719525
224 0.0018331805682859762
225 0.002749770852428964
226 0.0009165902841429881
227 0.0036663611365719525
229 0.0018331805682859762
230 0.0018331805682859762
231 0.002749770852428964
232 0.002749770852428964
233 0.0018331805682859762
234 0.0036663611365719525
235 0.002749770852428964
237 0.0036663611365719525
239 0.002749770852428964
240 0.0018331805682859762
241 0.0036663611365719525
242 0.0009165902841429881
243 0.0036663611365719525
245 0.0018331805682859762
246 0.0018331805682859762
247 0.0036663611365719525
248 0.0009165902841429881
249 0.0009165902841429881
250 0.0036663611365719525
251 0.0018331805682859762
252 0.0009165902841429881
253 0.0009165902841429881
254 0.0009165902841429881
255 0.0018331805682859762
256 0.0036663611365719525
257 0.002749770852428964
258 0.002749770852428964
259 0.002749770852428964
260 0.0036663611365719525
261 0.006416131989000917
262 0.0018331805682859762
263 0.0009165902841429881
264 0.0018331805682859762
265 0.0018331805682859762
266 0.0009165902841429881
269 0.0018331805682859762
270 0.0009165902841429881
271 0.002749770852428964
272 0.002749770852428964
273 0.0009165902841429881
275 0.002749770852428964
276 0.0018331805682859762
277 0.0018331805682859762
278 0.0009165902841429881
279 0.0036663611365719525
280 0.0018331805682859762
283 0.0036663611365719525
284 0.0009165902841429881
285 0.0018331805682859762
286 0.0009165902841429881
288 0.0009165902841429881
289 0.0018331805682859762
290 0.002749770852428964
292 0.0009165902841429881
294 0.00458295142071494
295 0.0018331805682859762
296 0.0009165902841429881
297 0.0009165902841429881
298 0.0036663611365719525
299 0.0018331805682859762
300 0.0018331805682859762
301 0.0009165902841429881
302 0.0009165902841429881
303 0.0009165902841429881
304 0.002749770852428964
305 0.002749770852428964
306 0.0018331805682859762
307 0.0018331805682859762
308 0.0009165902841429881
309 0.0009165902841429881
311 0.002749770852428964
312 0.0009165902841429881
314 0.0018331805682859762
315 0.00458295142071494
316 0.0009165902841429881
317 0.0009165902841429881
318 0.0009165902841429881
319 0.0018331805682859762
320 0.0018331805682859762
321 0.002749770852428964
322 0.00458295142071494
324 0.0009165902841429881
325 0.0018331805682859762
326 0.0018331805682859762
328 0.0018331805682859762
330 0.0009165902841429881
332 0.0009165902841429881
334 0.002749770852428964
335 0.0009165902841429881
336 0.0009165902841429881
337 0.0018331805682859762
338 0.0009165902841429881
339 0.002749770852428964
341 0.0018331805682859762
342 0.0018331805682859762
343 0.0009165902841429881
344 0.0018331805682859762
347 0.0018331805682859762
348 0.0009165902841429881
349 0.0009165902841429881
350 0.0009165902841429881
351 0.0018331805682859762
352 0.0009165902841429881
354 0.0018331805682859762
355 0.0018331805682859762
356 0.0018331805682859762
359 0.0009165902841429881
360 0.0009165902841429881
361 0.0009165902841429881
363 0.0018331805682859762
368 0.0009165902841429881
370 0.0018331805682859762
372 0.0018331805682859762
375 0.0009165902841429881
376 0.0009165902841429881
377 0.0018331805682859762
378 0.0009165902841429881
381 0.0009165902841429881
382 0.0018331805682859762
383 0.0009165902841429881
385 0.002749770852428964
386 0.0009165902841429881
392 0.0009165902841429881
394 0.0009165902841429881
398 0.0009165902841429881
399 0.0009165902841429881
400 0.0018331805682859762
402 0.0009165902841429881
403 0.0009165902841429881
412 0.0009165902841429881
415 0.0009165902841429881
420 0.0009165902841429881
423 0.0009165902841429881
426 0.0009165902841429881
429 0.0009165902841429881
447 0.0009165902841429881
450 0.0009165902841429881
457 0.0009165902841429881
458 0.0009165902841429881
482 0.0009165902841429881
488 0.0009165902841429881
569 0.0009165902841429881
