1 157.07146426786608
2 53.85257371314343
3 24.640179910044978
4 13.519240379810094
5 8.395302348825588
6 5.620689655172414
7 4.0589705147426285
8 3.078460769615192
9 2.315342328835582
10 1.8600699650174912
11 1.4417791104447777
12 1.2213893053473264
13 1.0059970014992503
14 0.9100449775112444
15 0.7581209395302348
16 0.6551724137931034
17 0.5897051474262869
18 0.49775112443778113
19 0.4267866066966517
20 0.42028985507246375
21 0.3583208395802099
22 0.3563218390804598
23 0.28585707146426786
24 0.27136431784107945
25 0.26786606696651677
26 0.23138430784607697
27 0.2193903048475762
28 0.18790604697651175
29 0.17341329335332334
30 0.1584207896051974
31 0.1489255372313843
32 0.14642678660669664
33 0.13893053473263367
34 0.11094452773613193
35 0.12393803098450774
36 0.0944527736131934
37 0.09545227386306847
38 0.111944027986007
39 0.0814592703648176
40 0.0769615192403798
41 0.08295852073963018
42 0.08095952023988005
43 0.06896551724137931
44 0.06896551724137931
45 0.07546226886556721
46 0.07296351824087956
47 0.06746626686656672
48 0.05697151424287856
49 0.053973013493253376
50 0.05247376311844078
51 0.054972513743128434
52 0.051974012993503245
53 0.04997501249375312
54 0.04247876061969016
55 0.04447776111944028
56 0.04697651174412794
57 0.03648175912043978
58 0.03548225887056472
59 0.029985007496251874
60 0.03298350824587706
61 0.03698150924537731
62 0.031984007996002
63 0.03398300849575212
64 0.030484757621189407
65 0.02948525737131434
66 0.030484757621189407
67 0.02148925537231384
68 0.03398300849575212
69 0.026486756621689155
70 0.028985507246376812
71 0.026486756621689155
72 0.017491254372813594
73 0.022488755622188907
74 0.025987006496751622
75 0.017491254372813594
76 0.020989505247376312
77 0.022488755622188907
78 0.022488755622188907
79 0.022488755622188907
80 0.01649175412293853
81 0.014492753623188406
82 0.01699150424787606
83 0.015992003998001
84 0.01999000499750125
85 0.01999000499750125
86 0.018490754622688656
87 0.01249375312343828
88 0.01699150424787606
89 0.00849575212393803
90 0.015492253873063468
91 0.01649175412293853
92 0.015992003998001
93 0.017991004497751123
94 0.010494752623688156
95 0.01249375312343828
96 0.014492753623188406
97 0.013493253373313344
98 0.019490254872563718
99 0.010494752623688156
100 0.01249375312343828
101 0.00849575212393803
102 0.008995502248875561
103 0.013993003498250875
104 0.008995502248875561
105 0.010994502748625687
106 0.0079960019990005
107 0.009995002498750625
108 0.010994502748625687
109 0.009495252373813094
110 0.013993003498250875
111 0.00849575212393803
112 0.006496751624187906
113 0.009495252373813094
114 0.00849575212393803
115 0.0079960019990005
116 0.004497751124437781
117 0.009495252373813094
118 0.005497251374312844
119 0.00849575212393803
120 0.00399800099950025
121 0.009495252373813094
122 0.004497751124437781
123 0.008995502248875561
124 0.006496751624187906
125 0.0079960019990005
126 0.004997501249375313
127 0.0069965017491254375
128 0.0074962518740629685
129 0.0069965017491254375
130 0.0079960019990005
131 0.0079960019990005
132 0.004497751124437781
133 0.0074962518740629685
134 0.0034982508745627187
135 0.006496751624187906
136 0.006496751624187906
137 0.005997001499250375
138 0.006496751624187906
139 0.008995502248875561
140 0.005997001499250375
141 0.0034982508745627187
142 0.00399800099950025
143 0.004497751124437781
144 0.0029985007496251873
145 0.0024987506246876563
146 0.004997501249375313
147 0.004497751124437781
148 0.005997001499250375
149 0.0074962518740629685
150 0.0029985007496251873
151 0.0034982508745627187
152 0.0034982508745627187
153 0.0029985007496251873
154 0.004497751124437781
155 0.0034982508745627187
156 0.0034982508745627187
157 0.00399800099950025
158 0.0034982508745627187
159 0.00399800099950025
160 0.00399800099950025
161 0.004497751124437781
162 0.004497751124437781
163 0.001999000499750125
164 0.004497751124437781
165 0.0034982508745627187
166 0.0009995002498750624
167 0.0024987506246876563
168 0.0024987506246876563
169 0.0029985007496251873
170 0.0034982508745627187
171 0.0029985007496251873
172 0.0024987506246876563
173 0.004997501249375313
174 0.004997501249375313
175 0.001999000499750125
176 0.0009995002498750624
177 0.001999000499750125
178 0.004497751124437781
179 0.0034982508745627187
180 0.001999000499750125
181 0.0009995002498750624
182 0.005497251374312844
183 0.001999000499750125
184 0.004997501249375313
185 0.0009995002498750624
186 0.0014992503748125937
187 0.005497251374312844
188 0.004497751124437781
189 0.0029985007496251873
190 0.0034982508745627187
191 0.0024987506246876563
192 0.004497751124437781
193 0.0024987506246876563
194 0.0029985007496251873
195 0.0004997501249375312
196 0.0024987506246876563
197 0.0024987506246876563
198 0.0034982508745627187
199 0.0014992503748125937
200 0.001999000499750125
201 0.0014992503748125937
202 0.0009995002498750624
203 0.0024987506246876563
204 0.0029985007496251873
205 0.0024987506246876563
206 0.001999000499750125
207 0.0009995002498750624
209 0.001999000499750125
210 0.0004997501249375312
211 0.0024987506246876563
212 0.0014992503748125937
213 0.0009995002498750624
214 0.0014992503748125937
215 0.0009995002498750624
216 0.0024987506246876563
217 0.0014992503748125937
218 0.0009995002498750624
219 0.0014992503748125937
220 0.0004997501249375312
221 0.001999000499750125
222 0.0009995002498750624
223 0.00399800099950025
224 0.0029985007496251873
225 0.0009995002498750624
226 0.0024987506246876563
228 0.0004997501249375312
229 0.0014992503748125937
230 0.0004997501249375312
231 0.0009995002498750624
232 0.0024987506246876563
233 0.0009995002498750624
234 0.0004997501249375312
235 0.0009995002498750624
236 0.0024987506246876563
237 0.0014992503748125937
238 0.0004997501249375312
240 0.001999000499750125
241 0.0004997501249375312
242 0.0004997501249375312
243 0.001999000499750125
244 0.0009995002498750624
245 0.001999000499750125
246 0.0009995002498750624
247 0.001999000499750125
248 0.0009995002498750624
249 0.0014992503748125937
250 0.0004997501249375312
251 0.0014992503748125937
252 0.0004997501249375312
253 0.0014992503748125937
254 0.0004997501249375312
255 0.001999000499750125
256 0.0004997501249375312
257 0.0009995002498750624
259 0.0009995002498750624
261 0.0029985007496251873
262 0.0009995002498750624
264 0.0009995002498750624
266 0.0029985007496251873
267 0.0004997501249375312
269 0.0024987506246876563
270 0.0009995002498750624
271 0.0009995002498750624
272 0.0014992503748125937
274 0.0004997501249375312
275 0.0009995002498750624
276 0.0014992503748125937
277 0.0004997501249375312
280 0.0009995002498750624
281 0.0009995002498750624
283 0.0004997501249375312
284 0.0004997501249375312
285 0.0014992503748125937
286 0.0009995002498750624
287 0.0004997501249375312
288 0.0004997501249375312
290 0.0004997501249375312
291 0.0009995002498750624
292 0.0009995002498750624
294 0.0004997501249375312
298 0.0004997501249375312
300 0.0004997501249375312
301 0.0009995002498750624
302 0.0004997501249375312
306 0.0004997501249375312
308 0.0004997501249375312
310 0.0004997501249375312
311 0.0004997501249375312
312 0.0004997501249375312
313 0.0009995002498750624
314 0.0009995002498750624
315 0.0004997501249375312
316 0.0004997501249375312
317 0.0004997501249375312
322 0.0004997501249375312
323 0.0014992503748125937
325 0.0004997501249375312
326 0.0009995002498750624
327 0.0014992503748125937
330 0.0009995002498750624
332 0.0004997501249375312
333 0.0004997501249375312
335 0.0004997501249375312
339 0.0004997501249375312
341 0.001999000499750125
342 0.0004997501249375312
345 0.0009995002498750624
346 0.0004997501249375312
349 0.0004997501249375312
350 0.0004997501249375312
353 0.0009995002498750624
355 0.0004997501249375312
356 0.0004997501249375312
359 0.0004997501249375312
360 0.0004997501249375312
361 0.0004997501249375312
362 0.0004997501249375312
368 0.0004997501249375312
390 0.0004997501249375312
400 0.0004997501249375312
407 0.0004997501249375312
426 0.0004997501249375312
429 0.0004997501249375312
431 0.0004997501249375312
486 0.0004997501249375312
