0.000000000000000000e+00 1.621465217213369314e+01 8.415935020000000804e+03 8.434942499999999200e+03
6.000000000000000125e-03 1.589727507213369329e+01 8.415647549999999683e+03 8.434312620000000607e+03
1.200000000000000025e-02 1.499071237213369301e+01 8.414824880000000121e+03 8.432509780000000319e+03
1.799999999999999864e-02 1.361612207213369352e+01 8.413573150000000169e+03 8.429765639999999621e+03
2.400000000000000050e-02 1.193591147213369297e+01 8.412036630000000514e+03 8.426393939999999930e+03
2.999999999999999889e-02 1.011858007213369426e+01 8.410367659999999887e+03 8.422724770000000717e+03
3.599999999999999728e-02 8.313251202133693951e+00 8.408703470000000380e+03 8.419054739999999583e+03
4.200000000000000261e-02 6.635625612133694062e+00 8.407152169999999387e+03 8.415617819999999483e+03
4.800000000000000100e-02 5.162737502133693646e+00 8.405786860000000161e+03 8.412573159999999916e+03
5.399999999999999939e-02 3.933710482133693898e+00 8.404645679999999629e+03 8.410005380000000514e+03
5.999999999999999778e-02 2.954885212133693706e+00 8.403736220000000685e+03 8.407933779999999388e+03
6.600000000000000311e-02 2.208075412133693849e+00 8.403042880000000878e+03 8.406327989999999772e+03
7.199999999999999456e-02 1.660173812133693749e+00 8.402535640000000058e+03 8.405126459999999497e+03
7.799999999999999989e-02 1.272051762133693753e+00 8.402178470000000743e+03 8.404254080000000613e+03
8.400000000000000522e-02 1.005290112133693903e+00 8.401935820000000604e+03 8.403635840000000826e+03
8.999999999999999667e-02 8.262905931336937959e-01 8.401776710000000094e+03 8.403205500000000029e+03
9.600000000000000200e-02 7.182767891336938604e-01 8.401686960000000909e+03 8.402933230000000549e+03
1.079999999999999988e-01 5.842092211336938901e-01 8.401593389999999999e+03 8.402585250000000087e+03
1.199999999999999956e-01 5.276058171336938107e-01 8.401591759999999340e+03 8.402443279999999504e+03
1.320000000000000062e-01 5.095867951336938706e-01 8.401648499999999331e+03 8.402424179999999978e+03
1.439999999999999891e-01 5.172346261336938644e-01 8.401748260000000300e+03 8.402491920000000391e+03
1.559999999999999998e-01 5.438285561336938523e-01 8.401877130000000761e+03 8.402620269999999437e+03
1.680000000000000104e-01 5.809895921336938329e-01 8.402018509999999878e+03 8.402780220000000554e+03
1.799999999999999933e-01 6.179534331336938857e-01 8.402155000000000655e+03 8.402940669999999955e+03
1.920000000000000040e-01 6.389259271336938939e-01 8.402263929999999164e+03 8.403061240000000907e+03
2.159999999999999976e-01 6.265462921336938384e-01 8.402399910000000091e+03 8.403167670000000726e+03
2.399999999999999911e-01 5.263583891336938159e-01 8.402403619999999137e+03 8.403051470000000336e+03
2.640000000000000124e-01 3.743726251336937927e-01 8.402310869999999341e+03 8.402783419999999751e+03
2.879999999999999782e-01 2.245701551336937996e-01 8.402180519999999888e+03 8.402478960000000370e+03
3.119999999999999996e-01 1.143126341336938162e-01 8.402064660000000003e+03 8.402231739999999263e+03
3.360000000000000209e-01 5.157435313369380936e-02 8.401988030000000435e+03 8.402077880000000732e+03
3.599999999999999867e-01 2.573125053369381202e-02 8.401950249999999869e+03 8.402006769999999960e+03
3.840000000000000080e-01 2.558303073369381370e-02 8.401943209999999453e+03 8.401998690000000352e+03
4.319999999999999951e-01 3.796588883369381162e-02 8.401935079999999289e+03 8.402005569999999352e+03
4.799999999999999822e-01 3.432964443369380947e-02 8.401904189999999289e+03 8.401972120000000359e+03
5.280000000000000249e-01 1.726999833369381385e-02 8.401853499999999258e+03 8.401900190000000293e+03
5.759999999999999565e-01 3.786852013693811116e-03 8.401805360000000292e+03 8.401832969999999477e+03
6.239999999999999991e-01 -1.019466966306188833e-03 8.401766830000000482e+03 8.401783359999999448e+03
6.720000000000000417e-01 1.719997223693811323e-03 8.401727419999999256e+03 8.401744870000000446e+03
7.199999999999999734e-01 2.498014203693811174e-03 8.401684300000000803e+03 8.401703480000000127e+03
7.680000000000000160e-01 -2.711781463061886926e-04 8.401650089999999182e+03 8.401665100000000166e+03
8.639999999999999902e-01 -3.976546056306188952e-03 8.401580550000000585e+03 8.401592010000000300e+03
9.599999999999999645e-01 -4.246683186306188587e-03 8.401517089999999371e+03 8.401532199999999648e+03
1.056000000000000050e+00 -6.551999976306188862e-03 8.401458769999999276e+03 8.401466819999999643e+03
1.151999999999999913e+00 -7.306742486306188646e-03 8.401403009999999995e+03 8.401406059999999343e+03
1.247999999999999998e+00 -6.746120526306188282e-03 8.401338649999999689e+03 8.401341770000000906e+03
1.344000000000000083e+00 -7.701230596306188336e-03 8.401302690000000439e+03 8.401300289999999222e+03
1.439999999999999947e+00 -4.651690826306189262e-03 8.401254080000000613e+03 8.401260609999999360e+03
1.536000000000000032e+00 -6.972692296306188739e-03 8.401213449999999284e+03 8.401217290000000503e+03
1.727999999999999980e+00 -7.220716996306188878e-03 8.401137479999999414e+03 8.401140820000000531e+03
1.919999999999999929e+00 -7.560639096306188793e-03 8.401079999999999927e+03 8.401088120000000345e+03
2.112000000000000099e+00 -8.559906436306189900e-03 8.401016470000000481e+03 8.401018299999999726e+03
2.303999999999999826e+00 -6.419216756306188841e-03 8.400974459999999453e+03 8.400979859999999462e+03
2.495999999999999996e+00 -5.169928946306188641e-03 8.400939350000000559e+03 8.400943590000000768e+03
2.688000000000000167e+00 -4.626360216306188607e-03 8.400897430000000895e+03 8.400902830000000904e+03
2.879999999999999893e+00 -4.360120146306188833e-03 8.400867210000000341e+03 8.400875289999999950e+03
3.072000000000000064e+00 -2.782466266306188839e-03 8.400845030000000406e+03 8.400848640000000159e+03
3.455999999999999961e+00 -2.797497966306188629e-03 8.400801110000000335e+03 8.400804609999999229e+03
3.839999999999999858e+00 -2.775317146306188754e-03 8.400755069999999250e+03 8.400757910000000265e+03
4.224000000000000199e+00 -2.733673246306188818e-03 8.400734700000000885e+03 8.400735679999999775e+03
4.607999999999999652e+00 -1.872853656306188927e-03 8.400716759999999340e+03 8.400723529999999300e+03
4.991999999999999993e+00 -1.874852966306188914e-03 8.400704990000000180e+03 8.400710919999999533e+03
5.376000000000000334e+00 -9.867850093061886381e-04 8.400698019999999815e+03 8.400701039999999921e+03
5.759999999999999787e+00 -1.930922176306188679e-03 8.400691530000000057e+03 8.400691909999999552e+03
6.144000000000000128e+00 4.177792836938112398e-04 8.400682150000000547e+03 8.400685820000000604e+03
6.911999999999999922e+00 3.261630936938112553e-04 8.400672780000000785e+03 8.400677079999999478e+03
7.679999999999999716e+00 -1.806133623061887804e-04 8.400659550000000309e+03 8.400662109999999302e+03
8.448000000000000398e+00 -2.071049886306188751e-03 8.400652749999999287e+03 8.400655109999999695e+03
9.215999999999999304e+00 -2.352755846306188534e-03 8.400651069999999891e+03 8.400649970000000394e+03
9.983999999999999986e+00 -4.892315483061887744e-04 8.400647139999999126e+03 8.400651350000000093e+03
1.075200000000000067e+01 -2.221866786306188855e-03 8.400650030000000697e+03 8.400650439999999435e+03
1.151999999999999957e+01 -7.754612232061887421e-04 8.400649170000000595e+03 8.400655020000000150e+03
1.228800000000000026e+01 -5.900765633061887290e-04 8.400649149999999281e+03 8.400652780000000348e+03
1.382399999999999984e+01 3.543669636938113305e-04 8.400649810000000798e+03 8.400654990000000907e+03
1.535999999999999943e+01 9.886216736938110983e-04 8.400654539999999542e+03 8.400657419999999547e+03
1.689600000000000080e+01 5.326158693811288911e-06 8.400652470000000903e+03 8.400653220000000147e+03
1.843199999999999861e+01 1.041007246938112363e-04 8.400648040000000037e+03 8.400650569999999789e+03
1.996799999999999997e+01 2.685573136938112669e-04 8.400648830000000089e+03 8.400651340000000346e+03
2.150400000000000134e+01 -7.252329133061887314e-04 8.400653309999999692e+03 8.400655389999999898e+03
2.303999999999999915e+01 -4.403076263061887394e-04 8.400655000000000655e+03 8.400656000000000859e+03
2.457600000000000051e+01 2.506464736938112661e-04 8.400656730000000607e+03 8.400658649999999398e+03
2.764799999999999969e+01 4.243421269381128774e-05 8.400654570000000604e+03 8.400658219999999346e+03
3.071999999999999886e+01 -1.141656618306188808e-03 8.400648339999999735e+03 8.400648800000000847e+03
3.379200000000000159e+01 -1.084520373061887213e-04 8.400654920000000857e+03 8.400657919999999649e+03
3.686399999999999721e+01 8.932345636938112668e-04 8.400651970000000802e+03 8.400654179999999542e+03
3.993599999999999994e+01 -2.136948243061887950e-04 8.400649450000000797e+03 8.400653009999999995e+03
4.300800000000000267e+01 6.840843236938111806e-04 8.400645979999999327e+03 8.400651540000000750e+03
4.607999999999999829e+01 3.818132336938113167e-04 8.400651690000000599e+03 8.400656489999999394e+03
4.915200000000000102e+01 7.755002169381125868e-05 8.400653000000000247e+03 8.400656960000000254e+03
5.529599999999999937e+01 -3.247629903061887563e-04 8.400646479999999428e+03 8.400650180000000546e+03
6.143999999999999773e+01 -2.136945030618874527e-05 8.400646259999999529e+03 8.400648699999999735e+03
6.758400000000000318e+01 -3.633122413061887560e-04 8.400648230000000694e+03 8.400650499999999738e+03
7.372799999999999443e+01 -8.508612331561887570e-04 8.400654109999999491e+03 8.400655409999999392e+03
7.987199999999999989e+01 -2.789648883061887326e-04 8.400655930000000808e+03 8.400658779999999751e+03
8.601600000000000534e+01 2.768067736938112670e-04 8.400651079999999638e+03 8.400655029999999897e+03
9.215999999999999659e+01 2.078761236938112293e-04 8.400645290000000386e+03 8.400647989999999481e+03
9.830400000000000205e+01 -9.827825730618876265e-05 8.400642009999999573e+03 8.400644570000000385e+03
1.105919999999999987e+02 8.305966469381129581e-05 8.400647800000000643e+03 8.400651429999999891e+03
1.228799999999999955e+02 2.209616136938113594e-04 8.400645539999999528e+03 8.400648909999999887e+03
1.351680000000000064e+02 6.096578936938113315e-04 8.400647919999999431e+03 8.400651780000000144e+03
1.474559999999999889e+02 2.251403236938112054e-04 8.400654179999999542e+03 8.400656829999999900e+03
1.597439999999999998e+02 6.749289336938111639e-04 8.400655720000000656e+03 8.400659760000000460e+03
1.720320000000000107e+02 2.518379869381130298e-05 8.400645150000000285e+03 8.400648259999999937e+03
1.843199999999999932e+02 6.737681336938112749e-04 8.400653809999999794e+03 8.400657639999999446e+03
1.966080000000000041e+02 5.057966736938113292e-04 8.400657250000000204e+03 8.400660729999999603e+03
2.211839999999999975e+02 -3.336049213061887146e-04 8.400651309999999285e+03 8.400653720000000249e+03
2.457599999999999909e+02 -9.985306630618873743e-05 8.400657149999999092e+03 8.400660019999999349e+03
2.703360000000000127e+02 4.562805436938113151e-04 8.400653539999999339e+03 8.400656870000000708e+03
2.949119999999999777e+02 6.178978369381126282e-05 8.400652939999999944e+03 8.400655609999999797e+03
3.194879999999999995e+02 -1.505780230618878560e-05 8.400660089999999400e+03 8.400663140000000567e+03
3.440640000000000214e+02 1.003943586938112675e-04 8.400663290000000416e+03 8.400666499999999360e+03
3.686399999999999864e+02 2.702116236938113510e-04 8.400655790000000707e+03 8.400659180000000561e+03
3.932160000000000082e+02 8.795057693811235248e-06 8.400666929999999411e+03 8.400669990000000325e+03
4.423679999999999950e+02 1.480433976938111970e-04 8.400662819999999556e+03 8.400665890000000218e+03
4.915199999999999818e+02 1.339689376938113128e-04 8.400669219999999768e+03 8.400671909999999116e+03
5.406720000000000255e+02 1.726438936938112225e-04 8.400667779999999766e+03 8.400670550000000731e+03
5.898239999999999554e+02 1.641064036938113613e-04 8.400677859999999782e+03 8.400680650000000242e+03
6.389759999999999991e+02 -2.041052943061887927e-04 8.400677260000000388e+03 8.400679850000000442e+03
6.881280000000000427e+02 -3.091909213061887684e-04 8.400667299999999159e+03 8.400669859999999971e+03
7.372799999999999727e+02 1.077980569381129568e-05 8.400665419999999358e+03 8.400668130000000019e+03
7.864320000000000164e+02 1.468567693811251122e-06 8.400672899999999572e+03 8.400675649999999223e+03
8.847359999999999900e+02 5.961452669381122043e-05 8.400672379999999976e+03 8.400675370000000839e+03
9.830399999999999636e+02 1.068012669381125743e-05 8.400663329999999405e+03 8.400666289999999208e+03
1.081339999999999918e+03 -7.530451730618876668e-05 8.400662840000000870e+03 8.400665390000000116e+03
1.179650000000000091e+03 6.065986369381125721e-05 8.400660180000000764e+03 8.400663339999999152e+03
1.277950000000000045e+03 -1.014238973061887782e-04 8.400643729999999778e+03 8.400646360000000641e+03
1.376259999999999991e+03 -3.786736630618874576e-05 8.400643690000000788e+03 8.400646399999999630e+03
1.474559999999999945e+03 -7.942761330618879068e-05 8.400641900000000533e+03 8.400644659999999931e+03
1.572859999999999900e+03 -8.348660330618877263e-05 8.400624279999999999e+03 8.400627049999999144e+03
1.769470000000000027e+03 2.482617569381120708e-05 8.400623359999999593e+03 8.400625889999999345e+03
1.966079999999999927e+03 -6.903686306188798298e-06 8.400612470000000030e+03 8.400615219999999681e+03
2.162690000000000055e+03 -1.494775623061887727e-04 8.400621610000000146e+03 8.400623729999999341e+03
2.359300000000000182e+03 1.373663266938113118e-04 8.400628049999999348e+03 8.400630900000000111e+03
2.555900000000000091e+03 -1.342342830618873002e-05 8.400624200000000201e+03 8.400626920000000609e+03
2.752510000000000218e+03 1.345853156938112615e-04 8.400618270000000848e+03 8.400621300000000701e+03
2.949119999999999891e+03 -9.387294130618875545e-05 8.400608539999999266e+03 8.400611319999999978e+03
3.145730000000000018e+03 4.467618769381123504e-05 8.400615309999999226e+03 8.400618089999999938e+03
3.538940000000000055e+03 5.683726769381124838e-05 8.400600220000000263e+03 8.400603039999999964e+03
3.932159999999999854e+03 -1.049909930618878311e-05 8.400587639999999737e+03 8.400590369999999893e+03
4.325380000000000109e+03 1.292393966938112232e-04 8.400575679999999920e+03 8.400578499999999622e+03
4.718590000000000146e+03 -4.958553030618871246e-05 8.400567189999999755e+03 8.400569869999999355e+03
5.111810000000000400e+03 -3.925808130618869268e-05 8.400559800000000905e+03 8.400562449999999444e+03
5.505020000000000437e+03 -1.964795330618878712e-05 8.400539880000000267e+03 8.400542610000000423e+03
5.898239999999999782e+03 -1.405791830618873146e-05 8.400523999999999432e+03 8.400526770000000397e+03
6.291460000000000036e+03 -2.797336430618877021e-05 8.400474469999999201e+03 8.400477100000000064e+03
7.077890000000000327e+03 5.417046069381120221e-05 8.400444670000000770e+03 8.400447449999999662e+03
7.864319999999999709e+03 -2.871970530618874525e-05 8.400424109999999928e+03 8.400426830000000336e+03
8.650750000000000000e+03 -2.003005306188744040e-06 8.400390170000000580e+03 8.400392990000000282e+03
9.437180000000000291e+03 2.657056869381129241e-05 8.400359469999999419e+03 8.400362259999999878e+03
1.022360000000000036e+04 -3.596728030618877216e-05 8.400385669999999664e+03 8.400388390000000072e+03
1.101000000000000000e+04 5.431784069381123941e-05 8.400368420000000697e+03 8.400371170000000347e+03
1.179650000000000000e+04 3.895983169381123708e-05 8.400387790000000678e+03 8.400390559999999823e+03
1.258289999999999964e+04 -1.983767306188745361e-06 8.400349210000000312e+03 8.400351870000000417e+03
1.415579999999999927e+04 5.175548693811256144e-06 8.400352010000000519e+03 8.400354750000000422e+03
1.572860000000000036e+04 -1.870724230618875383e-05 8.400277679999999236e+03 8.400280300000000352e+03
1.730150000000000000e+04 7.516744693811228638e-06 8.400234850000000733e+03 8.400237600000000384e+03
1.887440000000000146e+04 2.459917769381120278e-05 8.400126800000000003e+03 8.400129489999999350e+03
2.044720000000000073e+04 -3.222214930618876819e-05 8.400093129999999292e+03 8.400095869999999195e+03
2.202009999999999854e+04 -9.017966306188764103e-06 8.400062050000000454e+03 8.400064730000000054e+03
2.359300000000000000e+04 1.912294693811309766e-06 8.399983220000000074e+03 8.399985889999999927e+03
2.516579999999999927e+04 1.409750169381130194e-05 8.399865680000000793e+03 8.399868430000000444e+03
2.831159999999999854e+04 -5.004122306188690458e-06 8.399739600000000792e+03 8.399742210000000341e+03
3.145729999999999927e+04 -1.102982930618879014e-05 8.399664249999999811e+03 8.399666999999999462e+03
3.460300000000000000e+04 -6.699720306188703019e-06 8.399562570000000051e+03 8.399565290000000459e+03
3.774869999999999709e+04 2.342597069381123324e-05 8.399415290000000823e+03 8.399418019999999160e+03
4.089450000000000000e+04 1.950436569381121948e-05 8.399438829999999143e+03 8.399441570000000866e+03
4.404019999999999709e+04 6.500013693811271254e-06 8.399331079999999929e+03 8.399333839999999327e+03
4.718590000000000146e+04 -2.795620530618870420e-05 8.399275470000000496e+03 8.399278200000000652e+03
5.033159999999999854e+04 -2.402138030618871430e-05 8.398752089999999953e+03 8.398754769999999553e+03
5.662309999999999854e+04 -2.955181306188718778e-06 8.398573669999999765e+03 8.398576370000000679e+03
6.291459999999999854e+04 -3.955342830618869838e-05 8.398537469999999303e+03 8.398540109999999913e+03
6.920600000000000000e+04 -1.559604630618869215e-05 8.398675900000000183e+03 8.398678579999999783e+03
7.549750000000000000e+04 -5.449660306188776858e-06 8.398762080000000424e+03 8.398764769999999771e+03
8.178889999999999418e+04 2.724563569381124439e-05 8.398770290000000386e+03 8.398773080000000846e+03
8.808039999999999418e+04 -2.290167930618875001e-05 8.398982210000000123e+03 8.398984920000000784e+03
9.437180000000000291e+04 -1.539573930618872138e-05 8.399159369999999399e+03 8.399162060000000565e+03
1.006630000000000000e+05 -3.289601306188721583e-06 8.398289409999999407e+03 8.398292149999999310e+03
1.132460000000000000e+05 -1.680667830618873867e-05 8.398383869999999661e+03 8.398386560000000827e+03
1.258290000000000000e+05 -1.380193930618873674e-05 8.398479069999999410e+03 8.398481770000000324e+03
1.384120000000000000e+05 -4.210065830618874277e-05 8.398470579999999245e+03 8.398473249999999098e+03
1.509950000000000000e+05 -1.602453330618871467e-05 8.398728779999999460e+03 8.398731499999999869e+03
1.635780000000000000e+05 4.100003693811252875e-06 8.398784309999999095e+03 8.398787070000000313e+03
1.761610000000000000e+05 2.368510693811229709e-06 8.398727160000000367e+03 8.398729919999999765e+03
1.887440000000000000e+05 4.084927693811211957e-06 8.398902869999999893e+03 8.398905619999999544e+03
2.013270000000000000e+05 -2.630713830618870361e-05 8.397649530000000595e+03 8.397652190000000701e+03
2.264920000000000000e+05 -4.130608306188708091e-06 8.397856190000000424e+03 8.397858829999999216e+03
2.516580000000000000e+05 1.837535369381127198e-05 8.398452199999999721e+03 8.398454840000000331e+03
2.768240000000000000e+05 -4.966577730618876828e-05 8.399295190000000730e+03 8.399297679999999673e+03
3.019900000000000000e+05 -9.509920306188779891e-06 8.401835409999999683e+03 8.401838060000000041e+03
3.271560000000000000e+05 5.705971469381122298e-05 8.405282289999999193e+03 8.405285040000000663e+03
3.523220000000000000e+05 1.942758236938112301e-04 8.408794649999999820e+03 8.408797860000000583e+03
