0 1.53506562e+01  8.10529555e+03  8.12324993e+03
0.006 1.50623335e+01  8.10503435e+03  8.12267823e+03
0.012 1.42363693e+01  8.10428450e+03  8.12103716e+03
0.018 1.29770093e+01  8.10313647e+03  8.11852503e+03
0.024 1.14255120e+01  8.10171443e+03  8.11541309e+03
0.03 9.73066025e+00  8.10015152e+03  8.11199087e+03
0.036 8.02662448e+00  8.09857005e+03  8.10852348e+03
0.042 6.42014797e+00  8.09706903e+03  8.10522536e+03
0.048 4.98535594e+00  8.09571841e+03  8.10224855e+03
0.054 3.76388161e+00  8.09455846e+03  8.09968171e+03
0.06 2.76866245e+00  8.09360291e+03  8.09755673e+03
0.066 1.99021509e+00  8.09284457e+03  8.09586058e+03
0.072 1.40415478e+00  8.09226220e+03  8.09454970e+03
0.078 9.78577375e-01  8.09182738e+03  8.09356444e+03
0.084 6.80105661e-01  8.09151029e+03  8.09284126e+03
0.09 4.77999824e-01  8.09128371e+03  8.09232105e+03
0.096 3.58915095e-01  8.09113792e+03  8.09198241e+03
0.108 2.24842992e-01  8.09095669e+03  8.09154907e+03
0.12 1.96812803e-01  8.09090500e+03  8.09138938e+03
0.132 2.25686824e-01  8.09094555e+03  8.09140579e+03
0.144 2.90243359e-01  8.09105861e+03  8.09154886e+03
0.156 3.77804499e-01  8.09122507e+03  8.09178059e+03
0.168 4.75374938e-01  8.09142158e+03  8.09206030e+03
0.18 5.68121404e-01  8.09162273e+03  8.09234470e+03
0.192 6.33804542e-01  8.09179594e+03  8.09257701e+03
0.216 6.81004905e-01  8.09203683e+03  8.09285247e+03
0.24 5.92269086e-01  8.09208956e+03  8.09280009e+03
0.264 4.17985428e-01  8.09199132e+03  8.09250628e+03
0.288 2.34880896e-01  8.09182164e+03  8.09213035e+03
0.312 9.80766928e-02  8.09165355e+03  8.09180542e+03
0.336 2.48667338e-02  8.09153020e+03  8.09159542e+03
0.36 3.83655587e-03  8.09146357e+03  8.09149996e+03
0.384 1.44355958e-02  8.09145054e+03  8.09149367e+03
0.432 4.19109235e-02  8.09146655e+03  8.09153282e+03
0.48 4.64185482e-02  8.09146607e+03  8.09153920e+03
0.528 2.73317561e-02  8.09140636e+03  8.09145628e+03
0.576 1.10832152e-02  8.09133167e+03  8.09135789e+03
0.624 3.29280122e-03  8.09128442e+03  8.09130000e+03
0.672 3.34214468e-03  8.09125451e+03  8.09126849e+03
0.72 1.92893003e-03  8.09122412e+03  8.09123789e+03
0.768 -2.98244244e-04  8.09118244e+03  8.09119248e+03
0.864 -4.57104510e-03  8.09111802e+03  8.09112251e+03
0.96 -3.18871678e-03  8.09106471e+03  8.09107649e+03
1.056 -3.20105905e-03  8.09100642e+03  8.09101592e+03
1.152 -3.86894906e-03  8.09096140e+03  8.09096785e+03
1.248 -6.59368614e-03  8.09092137e+03  8.09092915e+03
1.344 -3.57628215e-03  8.09088367e+03  8.09089318e+03
1.44 -2.73805830e-03  8.09084835e+03  8.09085354e+03
1.536 -9.03735892e-04  8.09081915e+03  8.09082784e+03
1.728 -3.59454323e-03  8.09077358e+03  8.09077847e+03
1.92 -1.40145383e-03  8.09073393e+03  8.09073574e+03
2.112 -1.32368830e-04  8.09069558e+03  8.09070048e+03
2.304 -3.97417244e-03  8.09067042e+03  8.09066696e+03
2.496 -2.50130149e-03  8.09064443e+03  8.09064716e+03
2.688 -6.04201507e-03  8.09062451e+03  8.09062458e+03
2.88 -3.65559428e-03  8.09061487e+03  8.09061429e+03
3.072 -1.28376431e-04  8.09060024e+03  8.09060070e+03
3.456 1.73712225e-03  8.09058475e+03  8.09058915e+03
3.84 -3.43732225e-04  8.09056912e+03  8.09056711e+03
4.224 -2.51772293e-05  8.09055297e+03  8.09055508e+03
4.608 -6.58680944e-04  8.09054528e+03  8.09053982e+03
4.992 1.52478072e-03  8.09054633e+03  8.09055009e+03
5.376 -1.78100606e-03  8.09053722e+03  8.09053655e+03
5.76 5.81996699e-05  8.09053809e+03  8.09054089e+03
6.144 6.45434724e-04  8.09053739e+03  8.09053845e+03
6.912 1.05440334e-03  8.09053620e+03  8.09053580e+03
7.68 1.06113155e-03  8.09053370e+03  8.09053530e+03
8.448 -2.26393468e-05  8.09053725e+03  8.09053939e+03
9.216 -1.89709211e-04  8.09053598e+03  8.09053657e+03
9.984 1.05932149e-04  8.09053166e+03  8.09053123e+03
10.752 -2.00895280e-04  8.09052910e+03  8.09053030e+03
11.52 -1.23112393e-04  8.09053085e+03  8.09052917e+03
12.288 7.54744800e-04  8.09053243e+03  8.09053268e+03
13.824 8.47751786e-04  8.09053306e+03  8.09053249e+03
15.36 -8.53197056e-04  8.09053067e+03  8.09053055e+03
16.896 5.30743929e-05  8.09053137e+03  8.09053158e+03
18.432 -4.50369648e-04  8.09052868e+03  8.09052664e+03
19.968 -7.38306402e-04  8.09053006e+03  8.09052648e+03
21.504 -2.17456702e-04  8.09052734e+03  8.09052694e+03
23.04 1.65759156e-03  8.09052584e+03  8.09052791e+03
24.576 2.13065165e-04  8.09052397e+03  8.09052424e+03
27.648 5.12525419e-04  8.09053216e+03  8.09053294e+03
30.72 -4.37054096e-04  8.09053084e+03  8.09053014e+03
33.792 1.00198328e-03  8.09052764e+03  8.09052867e+03
36.864 1.03607087e-03  8.09053027e+03  8.09053187e+03
39.936 3.59650279e-05  8.09052856e+03  8.09052834e+03
43.008 -1.10842496e-04  8.09052933e+03  8.09052928e+03
46.08 -2.98909377e-04  8.09052537e+03  8.09052387e+03
49.152 -6.03234350e-04  8.09052523e+03  8.09052473e+03
55.296 -4.01254496e-04  8.09052669e+03  8.09052671e+03
61.44 3.71334100e-04  8.09052921e+03  8.09053066e+03
67.584 1.70734800e-04  8.09052672e+03  8.09052609e+03
73.728 3.92991534e-07  8.09052587e+03  8.09052613e+03
79.872 1.72404132e-04  8.09052507e+03  8.09052389e+03
86.016 6.29693593e-04  8.09052353e+03  8.09052304e+03
92.16 -3.75528816e-04  8.09052474e+03  8.09052474e+03
98.304 -1.50538106e-04  8.09052300e+03  8.09052306e+03
110.592 -1.72053595e-04  8.09052203e+03  8.09052143e+03
122.88 3.26026142e-05  8.09052098e+03  8.09052025e+03
135.168 -4.37936038e-04  8.09051748e+03  8.09051756e+03
147.456 -1.35079151e-04  8.09051600e+03  8.09051582e+03
159.744 -5.76999514e-05  8.09051956e+03  8.09051954e+03
172.032 2.47260503e-04  8.09051954e+03  8.09051960e+03
184.32 5.52926122e-04  8.09051744e+03  8.09051824e+03
196.608 1.86641232e-04  8.09052009e+03  8.09052060e+03
221.184 2.14885994e-04  8.09051871e+03  8.09051951e+03
245.76 3.25796209e-04  8.09051650e+03  8.09051690e+03
270.336 -1.63589465e-04  8.09052450e+03  8.09052414e+03
294.912 5.94952406e-04  8.09052451e+03  8.09052493e+03
319.488 2.63235251e-04  8.09052167e+03  8.09052158e+03
344.064 3.95608032e-04  8.09051887e+03  8.09051905e+03
368.64 7.28470854e-06  8.09052440e+03  8.09052397e+03
393.216 1.63115188e-04  8.09052198e+03  8.09052233e+03
442.368 6.90603202e-05  8.09051981e+03  8.09051953e+03
491.52 1.74135467e-05  8.09052036e+03  8.09052035e+03
540.672 9.68683549e-05  8.09051519e+03  8.09051504e+03
589.824 1.51511927e-04  8.09051899e+03  8.09051881e+03
638.976 1.38341204e-04  8.09051915e+03  8.09051907e+03
688.128 -8.06731850e-05  8.09052040e+03  8.09052051e+03
737.28 3.42998188e-05  8.09051482e+03  8.09051469e+03
786.432 7.24905975e-05  8.09051994e+03  8.09052017e+03
884.736 1.31917731e-04  8.09051436e+03  8.09051464e+03
983.04 -4.14677494e-05  8.09051363e+03  8.09051351e+03
1081.34 1.57887378e-04  8.09050787e+03  8.09050807e+03
1179.65 3.75977206e-04  8.09049726e+03  8.09049776e+03
1277.95 2.53316408e-05  8.09050217e+03  8.09050217e+03
1376.26 1.38560398e-04  8.09050775e+03  8.09050786e+03
1474.56 1.07995193e-04  8.09050763e+03  8.09050786e+03
1572.86 2.52779215e-04  8.09049949e+03  8.09049981e+03
1769.47 1.75682856e-04  8.09050430e+03  8.09050460e+03
1966.08 3.11780811e-04  8.09049464e+03  8.09049499e+03
2162.69 1.68826125e-04  8.09049006e+03  8.09049017e+03
2359.3 2.24831607e-04  8.09049226e+03  8.09049242e+03
2555.9 1.87249232e-04  8.09048128e+03  8.09048161e+03
2752.51 9.99357895e-05  8.09046629e+03  8.09046627e+03
2949.12 1.82779105e-04  8.09046176e+03  8.09046159e+03
3145.73 1.77392639e-04  8.09044607e+03  8.09044625e+03
3538.94 1.89085512e-04  8.09044562e+03  8.09044576e+03
3932.16 1.98244087e-04  8.09044021e+03  8.09044036e+03
4325.38 1.69085914e-04  8.09043661e+03  8.09043682e+03
4718.59 2.29482499e-04  8.09043309e+03  8.09043326e+03
5111.81 1.21967963e-04  8.09041029e+03  8.09041056e+03
5505.02 1.42733269e-04  8.09039692e+03  8.09039700e+03
5898.24 2.64162171e-04  8.09040797e+03  8.09040825e+03
6291.46 2.26811067e-04  8.09040641e+03  8.09040675e+03
7077.89 1.72838919e-04  8.09039078e+03  8.09039108e+03
7864.32 1.36793490e-04  8.09038208e+03  8.09038219e+03
8650.75 1.88448045e-04  8.09033814e+03  8.09033847e+03
9437.18 1.41949907e-04  8.09030887e+03  8.09030899e+03
10223.6 1.93204185e-04  8.09031999e+03  8.09032013e+03
11010 1.46657532e-04  8.09030327e+03  8.09030342e+03
11796.5 1.31584377e-04  8.09030929e+03  8.09030944e+03
12582.9 1.74084856e-04  8.09030699e+03  8.09030719e+03
14155.8 1.69425821e-04  8.09027269e+03  8.09027284e+03
15728.6 1.14896694e-04  8.09023699e+03  8.09023712e+03
17301.5 1.81355271e-04  8.09025805e+03  8.09025818e+03
18874.4 1.62255430e-04  8.09026501e+03  8.09026518e+03
20447.2 1.76217909e-04  8.09025035e+03  8.09025053e+03
22020.1 1.59658246e-04  8.09021173e+03  8.09021185e+03
23593 1.91762122e-04  8.09018007e+03  8.09018019e+03
25165.8 1.53161602e-04  8.09014702e+03  8.09014718e+03
28311.6 1.54798750e-04  8.09012545e+03  8.09012563e+03
31457.3 1.18378050e-04  8.09010611e+03  8.09010624e+03
34603 1.64260983e-04  8.09008370e+03  8.09008390e+03
37748.7 1.53352787e-04  8.09005313e+03  8.09005332e+03
40894.5 1.51283413e-04  8.09011101e+03  8.09011115e+03
44040.2 1.35833620e-04  8.09014505e+03  8.09014516e+03
47185.9 1.64943882e-04  8.09019343e+03  8.09019361e+03
50331.6 1.36475719e-04  8.09000734e+03  8.09000747e+03
56623.1 1.59949904e-04  8.09001415e+03  8.09001428e+03
62914.6 1.61947774e-04  8.09005063e+03  8.09005076e+03
69206 1.68817259e-04  8.08999214e+03  8.08999228e+03
75497.5 1.45925221e-04  8.09008743e+03  8.09008758e+03
81788.9 1.36707299e-04  8.09005872e+03  8.09005887e+03
88080.4 1.25516688e-04  8.09011630e+03  8.09011641e+03
94371.8 1.23126786e-04  8.09018857e+03  8.09018871e+03
100663 1.40328407e-04  8.09013048e+03  8.09013063e+03
113246 1.69331424e-04  8.09025774e+03  8.09025793e+03
125829 1.73287858e-04  8.09034566e+03  8.09034585e+03
138412 1.48674670e-04  8.09047630e+03  8.09047644e+03
150995 1.52411805e-04  8.09032767e+03  8.09032782e+03
163578 1.66628994e-04  8.09008695e+03  8.09008712e+03
176161 1.62926799e-04  8.08988155e+03  8.08988169e+03
188744 1.63802593e-04  8.09001287e+03  8.09001300e+03
201327 1.47476540e-04  8.08989095e+03  8.08989111e+03
226492 1.65911781e-04  8.08924483e+03  8.08924500e+03
251658 1.52237657e-04  8.08873424e+03  8.08873433e+03
276824 1.33651206e-04  8.08894583e+03  8.08894592e+03
301990 1.72517291e-04  8.08970545e+03  8.08970562e+03
327156 2.61844602e-04  8.09127870e+03  8.09127898e+03
352322 2.43346201e-04  8.09072240e+03  8.09072272e+03

