0.06 0.009315747475734534
0.138 0.04259813329178769
0.24 0.10460940145591642
0.372 0.19767447287893594
0.542 0.3265592195373505
0.766 0.5048485919834909
1.054 0.7443072601942913
1.432 1.0704145340811064
1.92 1.499179664268505
2.5580000000000003 2.0735382173928354
3.384 2.834276013226762
4.46 3.843028958211603
5.8580000000000005 5.152770223325344
7.674 6.877517065001413
10.038 9.123342130495729
13.108 12.063853136440692
17.1 15.902945377257359
22.292 20.89021587225574
29.038 27.242129702543146
37.81 35.48105351225215
49.212 46.31442621800206
64.036 60.37327686126098
83.308 78.89753119159482
108.36 102.9643093363454
140.928 133.4025894881379
183.266 174.4289065648109
238.306 226.04567156180144
309.858 294.4434645546937
402.87600000000003 382.5563919774741
523.8 496.4303396424178
680.998 648.6080831192635
885.3580000000001 843.0167164463683
1151.026 1094.82937044428
1496.394 1417.3941848189172
1945.372 1838.8383860899278
2529.044 2403.2535079613926
3287.8160000000003 3130.9097028579527
4274.222 4064.46374768097
5556.548 5302.065719262084
5556.7480000000005 5302.39521373313
11113.496000000001 10612.960221470425
16670.244 15889.829504149606
22226.992000000002 21138.36459230264
27783.74 26374.53487175217
33340.488 31643.16830405044
38897.236000000004 36916.64939541584
44453.984000000004 42180.35082465978
50010.732 47452.49400513533
55567.48 52744.62448882184
61124.228 58090.00317552485
66680.976 63460.702718238914
72237.724 68845.36605180145
77794.47200000001 74209.439810407
83351.22 79606.96973566829
88907.96800000001 84980.05625722498
94464.716 90384.49358780627
100021.464 95822.86627013776
105578.212 101269.31640688017
111134.96 106665.1521394103
116691.708 111975.99942424505
122248.456 117367.48099156284
127805.204 122732.83018122843
133361.952 128104.21186634887
138918.7 133400.3419325186
144475.448 138686.26857033704
150032.196 143927.51015485538
155588.94400000002 149183.1363373368
161145.692 154416.1726199111
166702.44 159694.49208689394
172259.188 165078.3799726975
177815.93600000002 170475.0074197053
183372.684 175868.8977947513
188929.432 181273.726913141
194486.18 186653.4082427074
200042.928 192079.54354442938
205599.676 197554.57803279185
211156.424 203014.20844455442
216713.172 208542.47672178005
222269.92 214049.24325690977
227826.668 219487.12535728354
233383.416 224842.29108815716
238940.16400000002 230165.36995380773
244496.912 235427.0530021451
250053.66 240535.81974970302
255610.408 245762.89751702387
261167.15600000002 251083.85092229355
266723.904 256376.987231129
272280.652 261719.53284773923
277837.4 266933.8524431994
283394.148 272094.1617213081
288950.896 277147.5305431468
294507.64400000003 282262.58415070944
300064.392 287472.83322310547
305621.14 292825.53456138755
311177.88800000004 298218.6785420799
316734.636 303718.9175155332
322291.384 309260.488331233
327848.132 314678.8849237409
333404.88 319535.25503832876
338961.628 324212.3341464606
344518.376 329067.52019440767
350075.124 333741.8636078111
355631.87200000003 338653.6728422618
361188.62 343593.7746283003
366745.368 348396.2002695562
372302.116 353625.88214223355
377858.864 359031.8253697916
383415.612 364626.4641544681
388972.36 370539.4374133017
394529.108 377621.9935923859
