0.000000000000000000e+00 2.843035782401790001e+01 1.391314990000000080e+03 1.421766069999999900e+03
6.000000000000000125e-03 2.809861772401789892e+01 1.391032879999999977e+03 1.421143039999999928e+03
1.200000000000000025e-02 2.712133702401790103e+01 1.390201489999999922e+03 1.419307029999999941e+03
1.799999999999999864e-02 2.554994142401789858e+01 1.388863209999999981e+03 1.416352329999999938e+03
2.400000000000000050e-02 2.346373512401789796e+01 1.387082869999999957e+03 1.412423810000000003e+03
2.999999999999999889e-02 2.096202482401789879e+01 1.384941049999999905e+03 1.407702320000000100e+03
3.599999999999999728e-02 1.815519992401790006e+01 1.382526509999999917e+03 1.402388310000000047e+03
4.200000000000000261e-02 1.515606132401789985e+01 1.379929030000000012e+03 1.396685979999999972e+03
4.800000000000000100e-02 1.207238032401789951e+01 1.377233490000000074e+03 1.390789939999999888e+03
5.399999999999999939e-02 9.001277624017898660e+00 1.374515740000000051e+03 1.384875340000000051e+03
5.999999999999999778e-02 6.025635714017900213e+00 1.371840290000000095e+03 1.379091989999999896e+03
6.600000000000000311e-02 3.212459054017899884e+00 1.369259759999999915e+03 1.373562030000000050e+03
7.199999999999999456e-02 6.128782270178998459e-01 1.366815650000000005e+03 1.368380640000000085e+03
7.799999999999999989e-02 -1.736619375982100255e+00 1.364539989999999989e+03 1.363618829999999889e+03
8.400000000000000522e-02 -3.812186695982100026e+00 1.362457360000000108e+03 1.359327359999999999e+03
8.999999999999999667e-02 -5.600269515982099655e+00 1.360586759999999913e+03 1.355540929999999889e+03
9.600000000000000200e-02 -7.022081485982099913e+00 1.359002930000000106e+03 1.352417130000000043e+03
1.079999999999999988e-01 -9.141494655982100426e+00 1.356445840000000089e+03 1.347528139999999894e+03
1.199999999999999956e-01 -1.014470777598210027e+01 1.354899940000000015e+03 1.344808899999999994e+03
1.320000000000000062e-01 -1.012388087598210085e+01 1.354368320000000040e+03 1.344171740000000000e+03
1.439999999999999891e-01 -9.212203535982100178e+00 1.354776699999999892e+03 1.345405500000000075e+03
1.559999999999999998e-01 -7.588450465982099935e+00 1.355964369999999917e+03 1.348163970000000063e+03
1.680000000000000104e-01 -5.476437475982099734e+00 1.357698470000000043e+03 1.351983310000000074e+03
1.799999999999999933e-01 -3.130903475982100392e+00 1.359710440000000062e+03 1.356334769999999935e+03
1.920000000000000040e-01 -8.730297349821001252e-01 1.361695519999999988e+03 1.360594039999999950e+03
2.159999999999999976e-01 2.780101344017899656e+00 1.365012989999999945e+03 1.367641000000000076e+03
2.399999999999999911e-01 4.548261744017899844e+00 1.366910080000000107e+03 1.371445960000000014e+03
2.640000000000000124e-01 4.541130194017900301e+00 1.367458750000000009e+03 1.372159000000000106e+03
2.879999999999999782e-01 3.547505654017899968e+00 1.367164530000000013e+03 1.371025049999999965e+03
3.119999999999999996e-01 2.396256644017899617e+00 1.366612329999999929e+03 1.369420139999999947e+03
3.360000000000000209e-01 1.548054484017899801e+00 1.366189779999999928e+03 1.368180720000000065e+03
3.599999999999999867e-01 1.040612964017899822e+00 1.365930110000000013e+03 1.367386029999999892e+03
3.840000000000000080e-01 6.858591420178998810e-01 1.365593910000000051e+03 1.366622069999999894e+03
4.319999999999999951e-01 -7.078089928210014314e-02 1.364522760000000062e+03 1.364624919999999975e+03
4.799999999999999822e-01 -6.364340779821000549e-01 1.363421149999999898e+03 1.362826219999999921e+03
5.280000000000000249e-01 -4.788891949821001415e-01 1.363271780000000035e+03 1.362798479999999927e+03
5.759999999999999565e-01 1.806812080178998581e-01 1.363925700000000006e+03 1.364173729999999978e+03
6.239999999999999991e-01 6.424968870178998648e-01 1.364528029999999944e+03 1.365346960000000081e+03
6.720000000000000417e-01 6.750201050178998852e-01 1.364727079999999887e+03 1.365653299999999945e+03
7.199999999999999734e-01 4.696454940178998450e-01 1.364604689999999891e+03 1.365323689999999942e+03
7.680000000000000160e-01 2.497051010178998331e-01 1.364295689999999922e+03 1.364745889999999918e+03
8.639999999999999902e-01 1.050467710178998593e-01 1.363938400000000001e+03 1.364202489999999898e+03
9.599999999999999645e-01 1.987565670178998434e-01 1.364040629999999965e+03 1.364408439999999928e+03
1.056000000000000050e+00 1.949249770178998475e-01 1.364087579999999889e+03 1.364456650000000081e+03
1.151999999999999913e+00 1.577682850178998564e-01 1.364038680000000113e+03 1.364367520000000013e+03
1.247999999999999998e+00 1.153924920178998614e-01 1.363944619999999986e+03 1.364210430000000088e+03
1.344000000000000083e+00 1.258547010178998338e-01 1.363952669999999898e+03 1.364220370000000003e+03
1.439999999999999947e+00 1.332890260178998532e-01 1.363972310000000107e+03 1.364225719999999910e+03
1.536000000000000032e+00 1.234194310178998583e-01 1.363951649999999972e+03 1.364187300000000050e+03
1.727999999999999980e+00 1.308474680178998428e-01 1.363911859999999933e+03 1.364138789999999972e+03
1.919999999999999929e+00 1.463274460178998482e-01 1.363888969999999972e+03 1.364108639999999923e+03
2.112000000000000099e+00 1.619121440178998561e-01 1.363878580000000056e+03 1.364093389999999999e+03
2.303999999999999826e+00 1.786943290178998334e-01 1.363862980000000107e+03 1.364095129999999926e+03
2.495999999999999996e+00 1.851502760178998508e-01 1.363853350000000091e+03 1.364087109999999939e+03
2.688000000000000167e+00 1.926410100178998497e-01 1.363848799999999983e+03 1.364081599999999980e+03
2.879999999999999893e+00 1.970925660178998451e-01 1.363844659999999976e+03 1.364087520000000040e+03
3.072000000000000064e+00 2.012718180178998395e-01 1.363839969999999994e+03 1.364093319999999949e+03
3.455999999999999961e+00 1.957527890178998586e-01 1.363835790000000088e+03 1.364090570000000071e+03
3.839999999999999858e+00 1.903615090178998326e-01 1.363842579999999998e+03 1.364095810000000029e+03
4.224000000000000199e+00 1.811149650178998372e-01 1.363829250000000002e+03 1.364074319999999943e+03
4.607999999999999652e+00 1.744334260178998508e-01 1.363827119999999923e+03 1.364063110000000052e+03
4.991999999999999993e+00 1.658228910178998483e-01 1.363824769999999944e+03 1.364048980000000029e+03
5.376000000000000334e+00 1.580034800178998500e-01 1.363818559999999934e+03 1.364025789999999915e+03
5.759999999999999787e+00 1.544172380178998327e-01 1.363815190000000030e+03 1.364016470000000027e+03
6.144000000000000128e+00 1.485043790178998402e-01 1.363808240000000069e+03 1.364005850000000009e+03
6.911999999999999922e+00 1.389162120178998316e-01 1.363793589999999995e+03 1.363977229999999963e+03
7.679999999999999716e+00 1.335665940178998312e-01 1.363783899999999903e+03 1.363961970000000065e+03
8.448000000000000398e+00 1.282022440178998413e-01 1.363775910000000067e+03 1.363948259999999891e+03
9.215999999999999304e+00 1.183127870178998647e-01 1.363768019999999979e+03 1.363930249999999887e+03
9.983999999999999986e+00 1.160170950178998628e-01 1.363755760000000009e+03 1.363908050000000003e+03
1.075200000000000067e+01 1.108596980178998548e-01 1.363748250000000098e+03 1.363896279999999933e+03
1.151999999999999957e+01 1.042491940178998655e-01 1.363742259999999987e+03 1.363879359999999906e+03
1.228800000000000026e+01 1.004220600178998557e-01 1.363732169999999996e+03 1.363869089999999915e+03
1.382399999999999984e+01 9.374326641789985926e-02 1.363727699999999913e+03 1.363851850000000013e+03
1.535999999999999943e+01 8.507012451789985885e-02 1.363718119999999999e+03 1.363829259999999977e+03
1.689600000000000080e+01 7.762668931789985793e-02 1.363710759999999937e+03 1.363813900000000103e+03
1.843199999999999861e+01 7.438025301789985555e-02 1.363698000000000093e+03 1.363798009999999977e+03
1.996799999999999997e+01 6.970752341789986095e-02 1.363692749999999933e+03 1.363786820000000034e+03
2.150400000000000134e+01 6.206029611789985745e-02 1.363689339999999902e+03 1.363774419999999964e+03
2.303999999999999915e+01 5.908232981789986182e-02 1.363683870000000070e+03 1.363764779999999973e+03
2.457600000000000051e+01 5.494943031789985971e-02 1.363680149999999912e+03 1.363754689999999982e+03
2.764799999999999969e+01 4.748914671789986053e-02 1.363671689999999899e+03 1.363735940000000028e+03
3.071999999999999886e+01 4.317582041789985725e-02 1.363657359999999926e+03 1.363716300000000047e+03
3.379200000000000159e+01 3.930237591789986079e-02 1.363654009999999971e+03 1.363705740000000105e+03
3.686399999999999721e+01 3.470354641789985539e-02 1.363649010000000089e+03 1.363693950000000086e+03
3.993599999999999994e+01 3.170012851789985597e-02 1.363642920000000004e+03 1.363683700000000044e+03
4.300800000000000267e+01 2.772031461789985912e-02 1.363644219999999905e+03 1.363681739999999991e+03
4.607999999999999829e+01 2.520306091789985964e-02 1.363643270000000030e+03 1.363678779999999961e+03
4.915200000000000102e+01 2.308569731789985799e-02 1.363645070000000032e+03 1.363677650000000085e+03
5.529599999999999937e+01 1.901032301789985779e-02 1.363637770000000046e+03 1.363664080000000013e+03
6.143999999999999773e+01 1.638740831789985836e-02 1.363637140000000045e+03 1.363658460000000105e+03
6.758400000000000318e+01 1.408581331789985833e-02 1.363637619999999970e+03 1.363656610000000001e+03
7.372799999999999443e+01 1.218641791789985829e-02 1.363634109999999964e+03 1.363649750000000040e+03
7.987199999999999989e+01 8.501111027899858202e-03 1.363632700000000114e+03 1.363644909999999982e+03
8.601600000000000534e+01 7.738949097899858534e-03 1.363635199999999941e+03 1.363645510000000058e+03
9.215999999999999659e+01 6.541271837899858416e-03 1.363630760000000009e+03 1.363640470000000050e+03
9.830400000000000205e+01 5.837227727899858831e-03 1.363629969999999958e+03 1.363638079999999945e+03
1.105919999999999987e+02 3.543597327899858634e-03 1.363628069999999980e+03 1.363632380000000012e+03
1.228799999999999955e+02 2.591973877899858732e-03 1.363627790000000005e+03 1.363632309999999961e+03
1.351680000000000064e+02 2.194008507899858785e-03 1.363627199999999903e+03 1.363629619999999932e+03
1.474559999999999889e+02 2.094495437899858772e-03 1.363629770000000008e+03 1.363631830000000036e+03
1.597439999999999998e+02 1.053936237899858776e-03 1.363629480000000058e+03 1.363630349999999908e+03
1.720320000000000107e+02 1.015246098998587245e-04 1.363630169999999907e+03 1.363629660000000058e+03
1.843199999999999932e+02 6.085089149985873914e-05 1.363633430000000089e+03 1.363632679999999937e+03
1.966080000000000041e+02 -1.968118751001412463e-04 1.363632710000000088e+03 1.363631959999999935e+03
2.211839999999999975e+02 4.796969698587331762e-07 1.363637369999999919e+03 1.363636359999999968e+03
2.457599999999999909e+02 3.009408568998587163e-04 1.363629490000000033e+03 1.363629830000000084e+03
2.703360000000000127e+02 -1.886282510014126651e-05 1.363627019999999902e+03 1.363626809999999978e+03
2.949119999999999777e+02 -1.106641231001412692e-04 1.363628960000000006e+03 1.363627930000000106e+03
3.194879999999999995e+02 -7.653946201001412359e-04 1.363629860000000008e+03 1.363628079999999954e+03
3.440640000000000214e+02 -5.170092801001412381e-04 1.363630560000000060e+03 1.363629560000000083e+03
3.686399999999999864e+02 -7.499040751001411886e-04 1.363626459999999952e+03 1.363623970000000099e+03
3.932160000000000082e+02 -9.558628971001412742e-04 1.363621480000000020e+03 1.363617970000000014e+03
4.423679999999999950e+02 -6.959596421001411869e-04 1.363614710000000059e+03 1.363610820000000103e+03
4.915199999999999818e+02 7.426937148998588199e-04 1.363616919999999936e+03 1.363617680000000064e+03
5.406720000000000255e+02 1.291323977899858783e-03 1.363622959999999921e+03 1.363624520000000075e+03
5.898239999999999554e+02 8.071842818998587778e-04 1.363620920000000069e+03 1.363623479999999972e+03
6.389759999999999991e+02 -3.643913871001412631e-04 1.363622640000000047e+03 1.363622360000000072e+03
6.881280000000000427e+02 -4.671471590014126543e-05 1.363620380000000068e+03 1.363620290000000068e+03
7.372799999999999727e+02 -3.923631611001412675e-04 1.363628420000000006e+03 1.363628400000000056e+03
7.864320000000000164e+02 -6.057127891001412448e-04 1.363628570000000082e+03 1.363628680000000031e+03
8.847359999999999900e+02 -4.859159461001412764e-04 1.363625639999999976e+03 1.363626700000000028e+03
9.830399999999999636e+02 3.591031438998587111e-04 1.363621830000000045e+03 1.363622669999999971e+03
1.081339999999999918e+03 -6.999239611001412857e-04 1.363623170000000073e+03 1.363623109999999997e+03
1.179650000000000091e+03 -9.092962520014127414e-05 1.363625070000000051e+03 1.363625029999999924e+03
1.277950000000000045e+03 1.517911638998587431e-04 1.363623669999999947e+03 1.363623810000000049e+03
1.376259999999999991e+03 -1.023300072100141169e-03 1.363627649999999903e+03 1.363625500000000102e+03
1.474559999999999945e+03 -1.402107861001412675e-04 1.363630100000000084e+03 1.363629740000000083e+03
1.572859999999999900e+03 3.519074109985873401e-05 1.363634530000000041e+03 1.363634999999999991e+03
1.769470000000000027e+03 -4.854896131001412663e-04 1.363640259999999898e+03 1.363638429999999971e+03
1.966079999999999927e+03 4.421421098998587138e-04 1.363640589999999975e+03 1.363640329999999949e+03
2.162690000000000055e+03 -2.129312801001412671e-04 1.363643700000000081e+03 1.363642720000000054e+03
2.359300000000000182e+03 -7.694471571001411988e-04 1.363634330000000091e+03 1.363632900000000063e+03
2.555900000000000091e+03 1.155060008998587347e-04 1.363633610000000090e+03 1.363634639999999990e+03
2.752510000000000218e+03 4.848426939985873616e-05 1.363628279999999904e+03 1.363626870000000054e+03
2.949119999999999891e+03 -9.890910330014126585e-05 1.363628380000000107e+03 1.363628600000000006e+03
3.145730000000000018e+03 7.940168499858734697e-06 1.363636889999999994e+03 1.363637269999999944e+03
3.538940000000000055e+03 -1.936924551001412489e-04 1.363627729999999929e+03 1.363626760000000104e+03
3.932159999999999854e+03 -2.932827711001412740e-04 1.363618500000000040e+03 1.363618420000000015e+03
4.325380000000000109e+03 6.560832929985872927e-05 1.363623769999999922e+03 1.363624800000000050e+03
4.718590000000000146e+03 -5.607478221001412208e-04 1.363622010000000046e+03 1.363621699999999919e+03
5.111810000000000400e+03 -6.352236490014126426e-05 1.363624469999999974e+03 1.363623409999999922e+03
5.505020000000000437e+03 -3.454636980014126461e-05 1.363607369999999946e+03 1.363608019999999897e+03
5.898239999999999782e+03 2.253717268998587536e-04 1.363607989999999972e+03 1.363608040000000074e+03
6.291460000000000036e+03 3.849053828998587399e-04 1.363634749999999940e+03 1.363634819999999991e+03
7.077890000000000327e+03 9.935062089985872470e-05 1.363635579999999891e+03 1.363635780000000068e+03
7.864319999999999709e+03 1.449573898998587386e-04 1.363621889999999894e+03 1.363622039999999970e+03
8.650750000000000000e+03 1.147263088998587210e-04 1.363638050000000021e+03 1.363638490000000047e+03
9.437180000000000291e+03 4.027350528998587410e-04 1.363620550000000094e+03 1.363621010000000069e+03
1.022360000000000036e+04 -2.936381140014126628e-05 1.363613910000000033e+03 1.363614389999999958e+03
1.101000000000000000e+04 2.385917228998587277e-04 1.363611480000000029e+03 1.363612550000000056e+03
1.179650000000000000e+04 -2.137454571001412605e-04 1.363603980000000092e+03 1.363604070000000092e+03
1.258289999999999964e+04 -2.462485310014126650e-05 1.363627369999999928e+03 1.363627289999999903e+03
1.415579999999999927e+04 -1.515937221001412616e-04 1.363633329999999887e+03 1.363632959999999912e+03
1.572860000000000036e+04 -4.088647460014126558e-05 1.363640200000000050e+03 1.363640229999999974e+03
1.730150000000000000e+04 7.867937929985873010e-05 1.363631779999999935e+03 1.363631750000000011e+03
1.887440000000000146e+04 1.432707728998587539e-04 1.363657650000000103e+03 1.363658020000000079e+03
2.044720000000000073e+04 -3.968724271001412688e-04 1.363662280000000010e+03 1.363661350000000084e+03
2.202009999999999854e+04 2.340801138998587373e-04 1.363668660000000045e+03 1.363669180000000097e+03
2.359300000000000000e+04 1.385876548998587283e-04 1.363678529999999910e+03 1.363678370000000086e+03
2.516579999999999927e+04 -2.271759401001412671e-04 1.363642640000000029e+03 1.363642509999999902e+03
2.831159999999999854e+04 -4.503531440014126849e-05 1.363613800000000083e+03 1.363613430000000108e+03
3.145729999999999927e+04 1.422904068998587452e-04 1.363633379999999988e+03 1.363633669999999938e+03
3.460300000000000000e+04 -1.683416381001412681e-04 1.363649629999999888e+03 1.363649220000000014e+03
3.774869999999999709e+04 -9.147959120014127429e-05 1.363667349999999942e+03 1.363667310000000043e+03
4.089450000000000000e+04 3.082163569985873537e-05 1.363669859999999971e+03 1.363669949999999972e+03
4.404019999999999709e+04 4.910596459985873348e-05 1.363683590000000095e+03 1.363683649999999943e+03
4.718590000000000146e+04 -7.346948440014126598e-05 1.363681749999999965e+03 1.363681649999999991e+03
5.033159999999999854e+04 1.472705228998587388e-04 1.363691190000000006e+03 1.363691289999999981e+03
5.662309999999999854e+04 4.533716979985873347e-05 1.363762850000000071e+03 1.363762899999999945e+03
6.291459999999999854e+04 1.207040468998587271e-04 1.363789970000000039e+03 1.363789950000000090e+03
6.920600000000000000e+04 4.258094349985873508e-05 1.363780349999999999e+03 1.363780310000000100e+03
7.549750000000000000e+04 -5.683513300014126236e-05 1.363825170000000071e+03 1.363825059999999894e+03
8.178889999999999418e+04 1.297427818998587350e-04 1.363878870000000006e+03 1.363878989999999931e+03
8.808039999999999418e+04 -1.565487031001412655e-04 1.363927149999999983e+03 1.363926809999999932e+03
9.437180000000000291e+04 -1.813693350014126553e-05 1.363852000000000089e+03 1.363852270000000090e+03
1.006630000000000000e+05 6.993372429985873328e-05 1.363889359999999897e+03 1.363889400000000023e+03
1.132460000000000000e+05 1.930315749985873406e-05 1.363800850000000082e+03 1.363800809999999956e+03
1.258290000000000000e+05 6.178242059985873278e-05 1.363865950000000112e+03 1.363866099999999960e+03
1.384120000000000000e+05 -2.297519110141266140e-06 1.363855090000000018e+03 1.363855109999999968e+03
1.509950000000000000e+05 8.261407499858734282e-06 1.363943970000000036e+03 1.363943980000000010e+03
1.635780000000000000e+05 3.296694399858732839e-06 1.363899979999999914e+03 1.363899859999999990e+03
1.761610000000000000e+05 -6.374905710141266787e-06 1.363773999999999887e+03 1.363774089999999887e+03
1.887440000000000000e+05 -9.923399310014126957e-05 1.363793120000000044e+03 1.363792940000000044e+03
2.013270000000000000e+05 8.227759379985872862e-05 1.363401180000000068e+03 1.363401149999999916e+03
2.264920000000000000e+05 -2.592964680014126671e-05 1.363233909999999923e+03 1.363234079999999949e+03
2.516580000000000000e+05 -6.414352830014126287e-05 1.363131300000000010e+03 1.363131339999999909e+03
2.768240000000000000e+05 -8.933946520141265938e-06 1.363194680000000062e+03 1.363194809999999961e+03
3.019900000000000000e+05 4.253791569985873562e-05 1.362831429999999955e+03 1.362831529999999930e+03
3.271560000000000000e+05 -1.534847331001412576e-04 1.363223250000000007e+03 1.363223199999999906e+03
3.523220000000000000e+05 -1.811093371001412482e-04 1.363257560000000012e+03 1.363257450000000063e+03
