1 4.476261869065468
2 2.4072963518240877
3 1.2578710644677662
4 0.6656671664167916
5 0.375312343828086
6 0.20339830084957522
7 0.11744127936031984
8 0.06596701649175413
9 0.0399800099950025
10 0.017491254372813594
11 0.009495252373813094
12 0.004997501249375313
13 0.004497751124437781
14 0.0009995002498750624
15 0.0004997501249375312
17 0.0014992503748125937
19 0.0004997501249375312
20 0.0004997501249375312
22 0.0004997501249375312
939 0.0004997501249375312
947 0.0009995002498750624
949 0.0009995002498750624
950 0.0009995002498750624
951 0.001999000499750125
952 0.0014992503748125937
953 0.0004997501249375312
954 0.0004997501249375312
955 0.0014992503748125937
956 0.0004997501249375312
957 0.001999000499750125
958 0.0024987506246876563
959 0.0029985007496251873
960 0.005497251374312844
961 0.004997501249375313
962 0.0079960019990005
963 0.010494752623688156
964 0.010994502748625687
965 0.013993003498250875
966 0.009495252373813094
967 0.014992503748125937
968 0.013993003498250875
969 0.01899050474762619
970 0.020989505247376312
971 0.022488755622188907
972 0.02948525737131434
973 0.04047976011994003
974 0.027486256871564217
975 0.033483258370814596
976 0.037481259370314844
977 0.04697651174412794
978 0.04547726136931534
979 0.04397801099450275
980 0.04847576211894053
981 0.050974512743628186
982 0.05547226386806597
983 0.051974012993503245
984 0.044977511244377814
985 0.054972513743128434
986 0.03648175912043978
987 0.037481259370314844
988 0.03498250874562719
989 0.02448775612193903
990 0.017491254372813594
991 0.01699150424787606
992 0.01649175412293853
993 0.014492753623188406
994 0.009495252373813094
995 0.005497251374312844
996 0.0004997501249375312
997 0.0004997501249375312
998 0.0004997501249375312
999 0.0004997501249375312
