1 221.0944527736132
2 65.73813093453273
3 28.174912543728137
4 15.16191904047976
5 9.08895552223888
6 6.0299850074962515
7 4.339330334832583
8 3.1669165417291354
9 2.5347326336831584
10 1.9240379810094952
11 1.5477261369315343
12 1.2413793103448276
13 1.0899550224887555
14 0.8825587206396801
15 0.7371314342828585
16 0.656671664167916
17 0.584207896051974
18 0.48125937031484256
19 0.4752623688155922
20 0.43278360819590206
21 0.36481759120439783
22 0.35582208895552225
23 0.3008495752123938
24 0.24437781109445278
25 0.2383808095952024
26 0.23138430784607697
27 0.2048975512243878
28 0.1889055472263868
29 0.17641179410294852
30 0.14942528735632185
31 0.14342828585707146
32 0.14142928535732133
33 0.12893553223388307
34 0.11044477761119441
35 0.10694652673663169
36 0.10394802598700649
37 0.10144927536231885
38 0.0879560219890055
39 0.08495752123938032
40 0.07896051974012994
41 0.07446276861569215
42 0.06596701649175413
43 0.06296851574212893
44 0.06696651674162919
45 0.04547726136931534
46 0.054972513743128434
47 0.05147426286856572
48 0.041979010494752625
49 0.047976011994003
50 0.043478260869565216
51 0.050974512743628186
52 0.041979010494752625
53 0.0384807596201899
54 0.03648175912043978
55 0.033483258370814596
56 0.035982008995502246
57 0.02848575712143928
58 0.029985007496251874
59 0.027486256871564217
60 0.02048975512243878
61 0.033483258370814596
62 0.02348825587206397
63 0.020989505247376312
64 0.0239880059970015
65 0.02048975512243878
66 0.026986506746626688
67 0.020989505247376312
68 0.017991004497751123
69 0.02048975512243878
70 0.020989505247376312
71 0.019490254872563718
72 0.01649175412293853
73 0.01899050474762619
74 0.015992003998001
75 0.014492753623188406
76 0.014992503748125937
77 0.009495252373813094
78 0.013493253373313344
79 0.014492753623188406
80 0.013493253373313344
81 0.012993503248375811
82 0.01199400299850075
83 0.01199400299850075
84 0.01199400299850075
85 0.014492753623188406
86 0.004497751124437781
87 0.008995502248875561
88 0.005997001499250375
89 0.0079960019990005
90 0.00849575212393803
91 0.00849575212393803
92 0.00849575212393803
93 0.0074962518740629685
94 0.006496751624187906
95 0.0079960019990005
96 0.0069965017491254375
97 0.0074962518740629685
98 0.006496751624187906
99 0.0074962518740629685
100 0.006496751624187906
101 0.0069965017491254375
102 0.0079960019990005
103 0.0034982508745627187
104 0.0024987506246876563
105 0.0069965017491254375
106 0.004497751124437781
107 0.0034982508745627187
108 0.004497751124437781
109 0.0034982508745627187
110 0.004997501249375313
111 0.001999000499750125
112 0.0014992503748125937
113 0.0034982508745627187
114 0.0034982508745627187
115 0.0009995002498750624
116 0.0024987506246876563
117 0.0014992503748125937
118 0.004497751124437781
119 0.0009995002498750624
120 0.0009995002498750624
121 0.0014992503748125937
122 0.001999000499750125
123 0.004497751124437781
124 0.001999000499750125
125 0.0014992503748125937
126 0.0029985007496251873
127 0.0014992503748125937
128 0.0034982508745627187
129 0.0014992503748125937
130 0.004497751124437781
131 0.001999000499750125
132 0.0014992503748125937
133 0.0034982508745627187
134 0.0004997501249375312
135 0.0014992503748125937
136 0.0014992503748125937
137 0.001999000499750125
138 0.0029985007496251873
139 0.0009995002498750624
140 0.0029985007496251873
141 0.0004997501249375312
142 0.0009995002498750624
143 0.0024987506246876563
144 0.0009995002498750624
145 0.001999000499750125
147 0.0014992503748125937
148 0.0014992503748125937
149 0.0014992503748125937
150 0.0009995002498750624
151 0.0009995002498750624
152 0.0004997501249375312
153 0.0004997501249375312
154 0.0024987506246876563
155 0.0009995002498750624
156 0.0009995002498750624
157 0.0004997501249375312
158 0.0004997501249375312
159 0.0009995002498750624
160 0.0004997501249375312
161 0.0014992503748125937
162 0.0009995002498750624
163 0.0004997501249375312
165 0.0004997501249375312
166 0.0004997501249375312
168 0.0014992503748125937
169 0.0014992503748125937
170 0.0004997501249375312
173 0.0004997501249375312
174 0.0004997501249375312
175 0.0009995002498750624
176 0.0004997501249375312
178 0.0004997501249375312
180 0.0004997501249375312
181 0.0004997501249375312
182 0.0009995002498750624
184 0.0004997501249375312
185 0.0009995002498750624
187 0.0009995002498750624
188 0.0004997501249375312
190 0.0004997501249375312
191 0.0014992503748125937
192 0.0004997501249375312
194 0.0004997501249375312
203 0.0004997501249375312
206 0.0004997501249375312
209 0.0014992503748125937
213 0.0004997501249375312
216 0.0004997501249375312
217 0.0004997501249375312
220 0.0004997501249375312
221 0.0004997501249375312
223 0.0004997501249375312
224 0.0004997501249375312
228 0.0004997501249375312
230 0.0004997501249375312
244 0.0004997501249375312
250 0.0004997501249375312
253 0.0004997501249375312
255 0.0004997501249375312
257 0.0004997501249375312
