0 2.65172980e+01  7.71465779e+02  7.99839149e+02
0.006 2.62343935e+01  7.71229166e+02  7.99311759e+02
0.012 2.53961839e+01  7.70527608e+02  7.97748514e+02
0.018 2.40331778e+01  7.69384822e+02  7.95203967e+02
0.024 2.21938012e+01  7.67838182e+02  7.91764399e+02
0.03 1.99413573e+01  7.65936271e+02  7.87542335e+02
0.036 1.73502715e+01  7.63735902e+02  7.82669830e+02
0.042 1.45020112e+01  7.61298977e+02  7.77291244e+02
0.048 1.14810582e+01  7.58689496e+02  7.71556229e+02
0.054 8.37125490e+00  7.55970972e+02  7.65613488e+02
0.06 5.25274717e+00  7.53204423e+02  7.59605693e+02
0.066 2.19964458e+00  7.50446980e+02  7.53665736e+02
0.072 -7.21584819e-01  7.47751065e+02  7.47914268e+02
0.078 -3.45304992e+00  7.45164026e+02  7.42458371e+02
0.084 -5.94582307e+00  7.42728062e+02  7.37391046e+02
0.09 -8.15992695e+00  7.40480289e+02  7.32791254e+02
0.096 -9.98083916e+00  7.38514620e+02  7.28870285e+02
0.108 -1.27696192e+01  7.35232921e+02  7.22543780e+02
0.12 -1.41509917e+01  7.33081253e+02  7.18782769e+02
0.132 -1.41505026e+01  7.32117384e+02  7.17627952e+02
0.144 -1.29025059e+01  7.32298444e+02  7.18907315e+02
0.156 -1.06390950e+01  7.33484135e+02  7.22250999e+02
0.168 -7.67029137e+00  7.35455101e+02  7.27130445e+02
0.18 -4.35241018e+00  7.37944402e+02  7.32922305e+02
0.192 -1.12970747e+00  7.40671615e+02  7.38911695e+02
0.216 4.14681108e+00  7.45802501e+02  7.49497093e+02
0.24 6.78344811e+00  7.49607882e+02  7.56237652e+02
0.264 6.82928135e+00  7.51608939e+02  7.58622197e+02
0.288 5.30490268e+00  7.51982549e+02  7.57759053e+02
0.312 3.33420709e+00  7.51192796e+02  7.55179008e+02
0.336 1.63050656e+00  7.49734617e+02  7.52076958e+02
0.36 4.45119543e-01  7.48024638e+02  7.49133772e+02
0.384 -1.81965569e-01  7.46442940e+02  7.46774879e+02
0.432 -8.45898850e-01  7.44130252e+02  7.43407719e+02
0.48 -1.08982507e+00  7.43456406e+02  7.42172572e+02
0.528 -8.42391430e-01  7.44113037e+02  7.43016656e+02
0.576 1.03257552e-01  7.45497239e+02  7.45519531e+02
0.624 1.04492322e+00  7.46844882e+02  7.48038803e+02
0.672 1.11996422e+00  7.47177509e+02  7.48556414e+02
0.72 2.72572231e-01  7.46218052e+02  7.46704740e+02
0.768 -1.77712402e-01  7.45358974e+02  7.45287395e+02
0.864 1.49360844e-01  7.45437865e+02  7.45615340e+02
0.96 8.64255103e-02  7.45699719e+02  7.45865223e+02
1.056 6.40745389e-02  7.45568306e+02  7.45726978e+02
1.152 1.73082315e-01  7.45605342e+02  7.45874758e+02
1.248 3.87987508e-02  7.45474253e+02  7.45597607e+02
1.344 9.22555201e-02  7.45531763e+02  7.45702676e+02
1.44 3.99234245e-02  7.45470509e+02  7.45595181e+02
1.536 7.34047361e-02  7.45487843e+02  7.45643692e+02
1.728 5.69820873e-02  7.45456427e+02  7.45589797e+02
1.92 6.49212412e-02  7.45458958e+02  7.45596576e+02
2.112 6.14784543e-02  7.45437396e+02  7.45562958e+02
2.304 6.88157972e-02  7.45451544e+02  7.45586202e+02
2.496 7.63902796e-02  7.45420469e+02  7.45546167e+02
2.688 7.94351886e-02  7.45427606e+02  7.45561064e+02
2.88 9.45501538e-02  7.45408157e+02  7.45549307e+02
3.072 9.72731382e-02  7.45411743e+02  7.45552911e+02
3.456 1.07051437e-01  7.45407311e+02  7.45553868e+02
3.84 1.15531505e-01  7.45400066e+02  7.45549427e+02
4.224 1.15807169e-01  7.45400505e+02  7.45550632e+02
4.608 1.12839026e-01  7.45407284e+02  7.45557283e+02
4.992 1.10278060e-01  7.45406741e+02  7.45557786e+02
5.376 1.07172447e-01  7.45410365e+02  7.45560338e+02
5.76 1.03034397e-01  7.45407355e+02  7.45556108e+02
6.144 9.96266369e-02  7.45409792e+02  7.45556177e+02
6.912 9.74404429e-02  7.45401946e+02  7.45547601e+02
7.68 9.71311456e-02  7.45391984e+02  7.45531993e+02
8.448 9.79344007e-02  7.45393317e+02  7.45534882e+02
9.216 9.58365677e-02  7.45389449e+02  7.45524517e+02
9.984 9.24401909e-02  7.45384792e+02  7.45519860e+02
10.752 9.17677434e-02  7.45384303e+02  7.45516887e+02
11.52 9.13272236e-02  7.45388860e+02  7.45520401e+02
12.288 8.90669874e-02  7.45389011e+02  7.45517729e+02
13.824 8.54918714e-02  7.45384114e+02  7.45509703e+02
15.36 8.47039946e-02  7.45382340e+02  7.45508174e+02
16.896 8.37260824e-02  7.45377598e+02  7.45502863e+02
18.432 8.37017962e-02  7.45375335e+02  7.45497308e+02
19.968 8.06195164e-02  7.45375706e+02  7.45492844e+02
21.504 8.11285487e-02  7.45370363e+02  7.45489176e+02
23.04 7.90465924e-02  7.45371819e+02  7.45486195e+02
24.576 7.81345821e-02  7.45369858e+02  7.45484975e+02
27.648 7.66963113e-02  7.45368419e+02  7.45481894e+02
30.72 7.44703141e-02  7.45361294e+02  7.45471962e+02
33.792 7.32649958e-02  7.45360843e+02  7.45468889e+02
36.864 7.23478130e-02  7.45364686e+02  7.45471690e+02
39.936 7.13186028e-02  7.45362624e+02  7.45468595e+02
43.008 7.02357729e-02  7.45361570e+02  7.45466684e+02
46.08 7.11412854e-02  7.45358483e+02  7.45462290e+02
49.152 7.05723131e-02  7.45357530e+02  7.45461173e+02
55.296 6.82505714e-02  7.45353453e+02  7.45454728e+02
61.44 6.69710802e-02  7.45352759e+02  7.45451080e+02
67.584 6.57270091e-02  7.45352054e+02  7.45449679e+02
73.728 6.60971487e-02  7.45348461e+02  7.45446215e+02
79.872 6.47382881e-02  7.45352060e+02  7.45447221e+02
86.016 6.36847115e-02  7.45350040e+02  7.45444100e+02
92.16 6.33393287e-02  7.45347725e+02  7.45440769e+02
98.304 6.25179832e-02  7.45348869e+02  7.45441691e+02
110.592 6.21563153e-02  7.45343139e+02  7.45435543e+02
122.88 6.01910059e-02  7.45339853e+02  7.45430395e+02
135.168 6.04344816e-02  7.45341673e+02  7.45431897e+02
147.456 5.96879203e-02  7.45344191e+02  7.45434394e+02
159.744 5.83763732e-02  7.45340555e+02  7.45427976e+02
172.032 5.76636258e-02  7.45341056e+02  7.45428379e+02
184.32 5.66219442e-02  7.45339050e+02  7.45423601e+02
196.608 5.60094261e-02  7.45339743e+02  7.45424510e+02
221.184 5.52739987e-02  7.45337242e+02  7.45422099e+02
245.76 5.44917390e-02  7.45336635e+02  7.45419981e+02
270.336 5.35259082e-02  7.45335304e+02  7.45417664e+02
294.912 5.29575565e-02  7.45336658e+02  7.45418368e+02
319.488 5.21238088e-02  7.45334121e+02  7.45413941e+02
344.064 5.15196810e-02  7.45330541e+02  7.45409445e+02
368.64 5.06760723e-02  7.45328576e+02  7.45407053e+02
393.216 4.99239269e-02  7.45328493e+02  7.45406132e+02
442.368 4.89331383e-02  7.45324464e+02  7.45400373e+02
491.52 4.86819489e-02  7.45326185e+02  7.45402258e+02
540.672 4.77382321e-02  7.45323561e+02  7.45398405e+02
589.824 4.70899543e-02  7.45322638e+02  7.45396756e+02
638.976 4.61758394e-02  7.45321173e+02  7.45393832e+02
688.128 4.53127835e-02  7.45320144e+02  7.45391541e+02
737.28 4.43436078e-02  7.45319063e+02  7.45389113e+02
786.432 4.35829439e-02  7.45321616e+02  7.45390393e+02
884.736 4.24423367e-02  7.45322530e+02  7.45389676e+02
983.04 4.05495984e-02  7.45326866e+02  7.45391550e+02
1081.34 3.96454482e-02  7.45330024e+02  7.45394220e+02
1179.65 3.94394651e-02  7.45336174e+02  7.45400441e+02
1277.95 3.84113531e-02  7.45335666e+02  7.45398501e+02
1376.26 3.68115045e-02  7.45335586e+02  7.45396009e+02
1474.56 3.58999615e-02  7.45339785e+02  7.45399415e+02
1572.86 3.49411792e-02  7.45342878e+02  7.45401004e+02
1769.47 3.42539018e-02  7.45345707e+02  7.45403017e+02
1966.08 3.23374035e-02  7.45361128e+02  7.45414628e+02
2162.69 3.05789605e-02  7.45367343e+02  7.45417608e+02
2359.3 3.03985670e-02  7.45364116e+02  7.45414450e+02
2555.9 2.98297947e-02  7.45372949e+02  7.45421991e+02
2752.51 2.82942059e-02  7.45383661e+02  7.45430739e+02
2949.12 2.76419537e-02  7.45389774e+02  7.45434783e+02
3145.73 2.68301108e-02  7.45393488e+02  7.45435939e+02
3538.94 2.49040531e-02  7.45399671e+02  7.45437716e+02
3932.16 2.35606165e-02  7.45404581e+02  7.45440387e+02
4325.38 2.19575072e-02  7.45407507e+02  7.45441090e+02
4718.59 2.06606327e-02  7.45420530e+02  7.45451746e+02
5111.81 1.92902479e-02  7.45449269e+02  7.45477503e+02
5505.02 1.77316276e-02  7.45470122e+02  7.45493844e+02
5898.24 1.68450020e-02  7.45484213e+02  7.45505316e+02
6291.46 1.57314760e-02  7.45513807e+02  7.45532105e+02
7077.89 1.50199339e-02  7.45496608e+02  7.45513431e+02
7864.32 1.23330293e-02  7.45527799e+02  7.45539762e+02
8650.75 9.19984204e-03  7.45566763e+02  7.45575175e+02
9437.18 7.12488860e-03  7.45596580e+02  7.45601705e+02
10223.6 5.64603461e-03  7.45593721e+02  7.45595466e+02
11010 4.43801528e-03  7.45592665e+02  7.45594370e+02
11796.5 3.54921533e-03  7.45568758e+02  7.45569102e+02
12582.9 3.37970444e-03  7.45672484e+02  7.45671264e+02
14155.8 2.59000188e-03  7.45728443e+02  7.45724989e+02
15728.6 1.40782926e-03  7.45832927e+02  7.45828779e+02
17301.5 6.88661259e-04  7.45911878e+02  7.45905605e+02
18874.4 3.36009706e-04  7.46036327e+02  7.46029177e+02
20447.2 7.15830595e-04  7.45989758e+02  7.45981689e+02
22020.1 9.99033230e-04  7.45920597e+02  7.45913886e+02
23593 2.85527221e-03  7.45850928e+02  7.45847971e+02
25165.8 3.18150211e-03  7.45882271e+02  7.45879359e+02
28311.6 2.41460755e-03  7.45621025e+02  7.45617573e+02
31457.3 -1.09979708e-03  7.45362033e+02  7.45355284e+02
34603 -3.09966852e-03  7.45100428e+02  7.45090644e+02
37748.7 -3.02876080e-03  7.45149618e+02  7.45135743e+02
40894.5 -3.52596751e-03  7.45150790e+02  7.45133805e+02
44040.2 -2.64868450e-03  7.45285719e+02  7.45269012e+02
47185.9 8.57534081e-04  7.45261288e+02  7.45250158e+02
50331.6 8.28082201e-04  7.45359564e+02  7.45352096e+02
56623.1 -1.13042303e-03  7.44896016e+02  7.44890139e+02
62914.6 -1.08399247e-03  7.44206714e+02  7.44204979e+02
69206 -1.22354780e-04  7.43888094e+02  7.43892420e+02
75497.5 7.96082655e-05  7.43584048e+02  7.43587429e+02
81788.9 1.29257340e-03  7.43613489e+02  7.43619211e+02
88080.4 -7.12514013e-04  7.43876627e+02  7.43873882e+02
94371.8 -9.93952088e-04  7.44635754e+02  7.44634647e+02
100663 2.91708510e-03  7.44894283e+02  7.44903286e+02
113246 2.19813227e-03  7.45360961e+02  7.45364358e+02
125829 -6.14300486e-03  7.45550099e+02  7.45535782e+02
138412 -3.00061156e-03  7.45756450e+02  7.45755819e+02
150995 -7.68461476e-04  7.46511732e+02  7.46509115e+02
163578 4.83323117e-03  7.48099464e+02  7.48104532e+02
176161 3.37155195e-03  7.50046755e+02  7.50046191e+02
188744 8.02272858e-03  7.50107842e+02  7.50105580e+02
201327 3.79025421e-03  7.46057817e+02  7.46056107e+02
226492 4.54989146e-03  7.43752621e+02  7.43755494e+02

