0.000000000000000000e+00 2.416859602501172688e+01 2.125649019999999837e+03 2.152149449999999888e+03
3.000000000000000062e-03 2.406690972501172610e+01 2.125561329999999998e+03 2.151956490000000031e+03
6.000000000000000125e-03 2.376451552501172770e+01 2.125300529999999981e+03 2.151382570000000214e+03
8.999999999999999320e-03 2.326917562501172654e+01 2.124873160000000098e+03 2.150442030000000159e+03
1.200000000000000025e-02 2.259328032501172601e+01 2.124289589999999862e+03 2.149157729999999901e+03
1.499999999999999944e-02 2.175317892501172778e+01 2.123563560000000052e+03 2.147559850000000097e+03
1.799999999999999864e-02 2.076836422501172663e+01 2.122711409999999887e+03 2.145684429999999793e+03
2.100000000000000130e-02 1.966058632501172809e+01 2.121751429999999800e+03 2.143571710000000166e+03
2.400000000000000050e-02 1.845296362501172638e+01 2.120703050000000076e+03 2.141264549999999872e+03
2.699999999999999969e-02 1.716914382501172653e+01 2.119586200000000190e+03 2.138806900000000041e+03
2.999999999999999889e-02 1.583255302501172679e+01 2.118420599999999922e+03 2.136242349999999988e+03
3.300000000000000155e-02 1.446575512501172689e+01 2.117225260000000162e+03 2.133612990000000082e+03
3.599999999999999728e-02 1.308993102501172601e+01 2.116017989999999827e+03 2.130958389999999781e+03
3.899999999999999994e-02 1.172447612501172642e+01 2.114815099999999802e+03 2.128314850000000206e+03
4.200000000000000261e-02 1.038670892501172638e+01 2.113631100000000060e+03 2.125714829999999893e+03
4.499999999999999833e-02 9.091679915011726010e+00 2.112478540000000066e+03 2.123186630000000150e+03
4.800000000000000100e-02 7.868492325011726685e+00 2.111380619999999908e+03 2.120782920000000104e+03
5.399999999999999939e-02 5.597674435011726679e+00 2.109320450000000164e+03 2.116284979999999905e+03
5.999999999999999778e-02 3.639697865011726652e+00 2.107503859999999804e+03 2.112344030000000203e+03
6.600000000000000311e-02 2.015816035011726903e+00 2.105948949999999968e+03 2.109003709999999955e+03
7.199999999999999456e-02 7.199248580117266760e-01 2.104652320000000145e+03 2.106258020000000215e+03
7.799999999999999989e-02 -2.738474679882733631e-01 2.103595760000000155e+03 2.104065509999999904e+03
8.400000000000000522e-02 -1.003294294988273494e+00 2.102752880000000005e+03 2.102363769999999931e+03
8.999999999999999667e-02 -1.511109964988273546e+00 2.102094750000000204e+03 2.101082120000000032e+03
9.600000000000000200e-02 -1.804052234988273495e+00 2.101627399999999852e+03 2.100223620000000210e+03
1.079999999999999988e-01 -2.082386084988273378e+00 2.100999949999999899e+03 2.099155040000000099e+03
1.199999999999999956e-01 -2.011902054988273125e+00 2.100780709999999999e+03 2.098893009999999776e+03
1.320000000000000062e-01 -1.731327494988273541e+00 2.100884100000000217e+03 2.099205489999999827e+03
1.439999999999999891e-01 -1.318438674988273496e+00 2.101242110000000139e+03 2.099938180000000102e+03
1.559999999999999998e-01 -8.238525929882734022e-01 2.101781280000000152e+03 2.100958399999999983e+03
1.680000000000000104e-01 -2.928467519882733683e-01 2.102418090000000120e+03 2.102129460000000108e+03
1.799999999999999933e-01 2.273456060117265976e-01 2.103067680000000109e+03 2.103312570000000051e+03
1.920000000000000040e-01 6.664137150117266373e-01 2.103628270000000157e+03 2.104331070000000182e+03
2.159999999999999976e-01 1.272686705011726538e+00 2.104431000000000040e+03 2.105778960000000097e+03
2.399999999999999911e-01 1.400311455011726602e+00 2.104685820000000149e+03 2.106193330000000060e+03
2.640000000000000124e-01 1.152445825011726432e+00 2.104511179999999968e+03 2.105785899999999856e+03
2.879999999999999782e-01 7.424175470117266862e-01 2.104118550000000141e+03 2.104976799999999912e+03
3.119999999999999996e-01 3.569965730117266589e-01 2.103697040000000015e+03 2.104146569999999883e+03
3.360000000000000209e-01 9.327562321172662430e-02 2.103367380000000139e+03 2.103522950000000037e+03
3.599999999999999867e-01 -3.338099258827337962e-02 2.103174309999999878e+03 2.103176230000000032e+03
3.840000000000000080e-01 -4.422844038827337954e-02 2.103116309999999885e+03 2.103098210000000108e+03
4.319999999999999951e-01 5.904340961726615988e-03 2.103108000000000175e+03 2.103156840000000102e+03
4.799999999999999822e-01 4.300020041172662039e-02 2.103115369999999984e+03 2.103234910000000127e+03
5.280000000000000249e-01 2.577661461172661359e-02 2.103074290000000019e+03 2.103182389999999941e+03
5.759999999999999565e-01 3.317774707266155695e-04 2.103014099999999871e+03 2.103085939999999937e+03
6.239999999999999991e-01 -3.690197548273384254e-03 2.102965110000000095e+03 2.103021159999999782e+03
6.720000000000000417e-01 -8.845653528273385302e-03 2.102926109999999881e+03 2.102971779999999853e+03
7.199999999999999734e-01 -2.227784128827338395e-02 2.102885189999999966e+03 2.102924860000000081e+03
7.680000000000000160e-01 -2.543381798827338419e-02 2.102858630000000176e+03 2.102896119999999883e+03
8.639999999999999902e-01 -3.244644978827337933e-02 2.102832910000000084e+03 2.102851569999999811e+03
9.599999999999999645e-01 -3.699560508827338251e-02 2.102750799999999799e+03 2.102760380000000168e+03
1.056000000000000050e+00 -3.296427408827338340e-02 2.102722429999999804e+03 2.102734689999999773e+03
1.151999999999999913e+00 -3.992890348827338176e-02 2.102688050000000203e+03 2.102682389999999941e+03
1.247999999999999998e+00 -2.970693118827338539e-02 2.102691460000000006e+03 2.102693189999999959e+03
1.344000000000000083e+00 -2.041166688827338385e-02 2.102636530000000221e+03 2.102646490000000085e+03
1.439999999999999947e+00 -1.711484138827338436e-02 2.102620780000000195e+03 2.102631949999999961e+03
1.536000000000000032e+00 -1.899865048827338587e-02 2.102606450000000223e+03 2.102606630000000223e+03
1.727999999999999980e+00 -1.554832618827338420e-02 2.102585300000000188e+03 2.102586920000000191e+03
1.919999999999999929e+00 -1.950673088827338530e-02 2.102563940000000002e+03 2.102560509999999795e+03
2.112000000000000099e+00 -1.259122658827338537e-02 2.102556950000000143e+03 2.102547959999999875e+03
2.303999999999999826e+00 -8.060778898273383841e-03 2.102554479999999785e+03 2.102557479999999941e+03
2.495999999999999996e+00 -1.382392848827338275e-02 2.102545869999999923e+03 2.102538529999999810e+03
2.688000000000000167e+00 -9.926325208273384382e-03 2.102548159999999825e+03 2.102541240000000016e+03
2.879999999999999893e+00 -8.266067238273385603e-03 2.102535300000000007e+03 2.102531179999999949e+03
3.072000000000000064e+00 -2.989901588273384536e-03 2.102527189999999791e+03 2.102530090000000200e+03
3.455999999999999961e+00 -7.902720878273384805e-03 2.102534470000000056e+03 2.102530709999999999e+03
3.839999999999999858e+00 -8.346892222733844893e-04 2.102530459999999948e+03 2.102529349999999795e+03
4.224000000000000199e+00 -6.289202618273384560e-03 2.102537800000000061e+03 2.102532839999999851e+03
4.607999999999999652e+00 -2.439300438273384313e-03 2.102537609999999859e+03 2.102544609999999921e+03
4.991999999999999993e+00 2.216051881726615463e-03 2.102529889999999796e+03 2.102532970000000205e+03
5.376000000000000334e+00 2.594780631726615553e-03 2.102515019999999822e+03 2.102521060000000034e+03
5.759999999999999787e+00 3.113857281726615384e-03 2.102528119999999944e+03 2.102530690000000050e+03
6.144000000000000128e+00 6.324398697266155360e-04 2.102523709999999937e+03 2.102522969999999987e+03
6.911999999999999922e+00 -3.065365842733844422e-04 2.102524060000000190e+03 2.102523310000000038e+03
7.679999999999999716e+00 1.381394241726615485e-03 2.102520840000000135e+03 2.102520079999999780e+03
8.448000000000000398e+00 1.675968691726615559e-03 2.102519850000000133e+03 2.102529709999999795e+03
9.215999999999999304e+00 -3.559472848273384418e-03 2.102520799999999781e+03 2.102515710000000126e+03
9.983999999999999986e+00 -3.328981432733844588e-04 2.102532229999999799e+03 2.102534040000000005e+03
1.075200000000000067e+01 1.384883071726615480e-03 2.102537429999999858e+03 2.102539519999999811e+03
1.151999999999999957e+01 1.387450991726615467e-03 2.102544469999999819e+03 2.102547399999999925e+03
1.228800000000000026e+01 -1.621824927338443132e-05 2.102531190000000151e+03 2.102533879999999954e+03
1.382399999999999984e+01 5.755298757266155436e-04 2.102533410000000003e+03 2.102532420000000002e+03
1.535999999999999943e+01 3.432675131726615342e-03 2.102528310000000147e+03 2.102532409999999800e+03
1.689600000000000080e+01 -5.802517532733843676e-04 2.102518720000000030e+03 2.102518430000000080e+03
1.843199999999999861e+01 -1.009961021273384288e-03 2.102526389999999992e+03 2.102524300000000039e+03
1.996799999999999997e+01 -2.459427198273384397e-03 2.102529709999999795e+03 2.102529520000000048e+03
2.150400000000000134e+01 2.383212367266155751e-04 2.102526550000000043e+03 2.102529309999999896e+03
2.303999999999999915e+01 -1.072128627273384593e-03 2.102526330000000144e+03 2.102527979999999843e+03
2.457600000000000051e+01 -7.666513822733844177e-04 2.102528040000000146e+03 2.102526289999999790e+03
2.764799999999999969e+01 3.939837677266155554e-04 2.102529140000000098e+03 2.102528719999999794e+03
3.071999999999999886e+01 8.783616517266156290e-04 2.102526350000000093e+03 2.102529370000000199e+03
3.379200000000000159e+01 9.424296017266156362e-04 2.102525349999999889e+03 2.102525340000000142e+03
3.686399999999999721e+01 -6.916370892733844124e-04 2.102529230000000098e+03 2.102527939999999944e+03
3.993599999999999994e+01 -6.003932772733844379e-04 2.102529070000000047e+03 2.102528119999999944e+03
4.300800000000000267e+01 4.691114407266156047e-04 2.102530650000000151e+03 2.102532220000000052e+03
4.607999999999999829e+01 -1.402424703323844519e-04 2.102527500000000146e+03 2.102527399999999943e+03
4.915200000000000102e+01 1.332746401726615619e-03 2.102528960000000097e+03 2.102531610000000001e+03
5.529599999999999937e+01 -5.798299622733844774e-04 2.102525939999999991e+03 2.102525000000000091e+03
6.143999999999999773e+01 1.102476621726615523e-03 2.102528009999999995e+03 2.102529989999999998e+03
6.758400000000000318e+01 7.995398637266155559e-04 2.102531070000000000e+03 2.102532569999999851e+03
7.372799999999999443e+01 -1.161925738273384551e-03 2.102528060000000096e+03 2.102526749999999993e+03
7.987199999999999989e+01 -1.101184741273384532e-03 2.102529089999999997e+03 2.102526829999999791e+03
8.601600000000000534e+01 4.544956477266155802e-04 2.102533960000000206e+03 2.102535580000000209e+03
9.215999999999999659e+01 8.531993057266154794e-04 2.102535280000000057e+03 2.102534720000000107e+03
9.830400000000000205e+01 -1.027864018273384403e-03 2.102532909999999902e+03 2.102531649999999900e+03
1.105919999999999987e+02 -3.913677682733844674e-04 2.102535150000000158e+03 2.102534410000000207e+03
1.228799999999999955e+02 -5.880110982733844846e-04 2.102533899999999903e+03 2.102533219999999801e+03
1.351680000000000064e+02 6.343851772661556442e-05 2.102531570000000102e+03 2.102531809999999950e+03
1.474559999999999889e+02 4.317208847266155568e-04 2.102534340000000157e+03 2.102533899999999903e+03
1.597439999999999998e+02 -6.194920452733844582e-04 2.102538790000000063e+03 2.102538430000000062e+03
1.720320000000000107e+02 -2.422816002733844455e-04 2.102533750000000055e+03 2.102534189999999853e+03
1.843199999999999932e+02 -5.806810802733845030e-04 2.102537130000000161e+03 2.102536410000000160e+03
1.966080000000000041e+02 -4.084958052733844171e-04 2.102541250000000218e+03 2.102541070000000218e+03
2.211839999999999975e+02 -5.317473612733844210e-04 2.102541499999999814e+03 2.102541369999999915e+03
2.457599999999999909e+02 -3.774011632733844778e-04 2.102536889999999858e+03 2.102536439999999857e+03
2.703360000000000127e+02 2.812213967266155449e-04 2.102538869999999861e+03 2.102539180000000215e+03
2.949119999999999777e+02 -4.955643072733844582e-04 2.102536430000000109e+03 2.102537299999999959e+03
3.194879999999999995e+02 -7.601066987338443606e-05 2.102537890000000061e+03 2.102537089999999807e+03
3.440640000000000214e+02 3.307840257266155362e-04 2.102536759999999958e+03 2.102538019999999960e+03
3.686399999999999864e+02 4.516053087266155581e-04 2.102529820000000200e+03 2.102529289999999946e+03
3.932160000000000082e+02 2.776131367266155572e-04 2.102536270000000059e+03 2.102536810000000060e+03
4.423679999999999950e+02 -2.291569772733844496e-04 2.102536039999999957e+03 2.102536349999999857e+03
4.915199999999999818e+02 -1.643518125733844459e-04 2.102534850000000006e+03 2.102535260000000108e+03
5.406720000000000255e+02 3.290899897266155705e-04 2.102534070000000156e+03 2.102534799999999905e+03
5.898239999999999554e+02 -4.250138102733844311e-04 2.102539589999999862e+03 2.102538550000000214e+03
6.389759999999999991e+02 -1.079531791733844503e-04 2.102537220000000161e+03 2.102537040000000161e+03
6.881280000000000427e+02 1.292965447266155839e-04 2.102539690000000064e+03 2.102540489999999863e+03
7.372799999999999727e+02 -1.171013155733844431e-04 2.102547099999999773e+03 2.102546820000000025e+03
7.864320000000000164e+02 6.424628726615547831e-06 2.102542660000000069e+03 2.102542860000000019e+03
8.847359999999999900e+02 -1.567485554733844498e-04 2.102545759999999973e+03 2.102545259999999871e+03
9.830399999999999636e+02 7.347669072661555190e-05 2.102548209999999926e+03 2.102548459999999977e+03
1.081339999999999918e+03 1.627383407266155412e-04 2.102541439999999966e+03 2.102541259999999966e+03
1.179650000000000091e+03 -1.603557351733844553e-04 2.102541259999999966e+03 2.102541409999999814e+03
1.277950000000000045e+03 1.175099367266155617e-04 2.102535170000000107e+03 2.102536129999999957e+03
1.376259999999999991e+03 -2.221639205733844428e-04 2.102527430000000095e+03 2.102527369999999792e+03
1.474559999999999945e+03 2.440315972661555007e-05 2.102525270000000091e+03 2.102525909999999840e+03
1.572859999999999900e+03 9.014733772661555648e-05 2.102520199999999932e+03 2.102520579999999882e+03
1.769470000000000027e+03 9.608775726615545248e-06 2.102506330000000162e+03 2.102506730000000061e+03
1.966079999999999927e+03 -3.305436627338443755e-05 2.102512799999999970e+03 2.102513240000000224e+03
2.162690000000000055e+03 -2.129009227338444360e-05 2.102513570000000072e+03 2.102513780000000224e+03
2.359300000000000182e+03 8.478071772661556482e-05 2.102497049999999945e+03 2.102497409999999945e+03
2.555900000000000091e+03 -1.128502968733844421e-04 2.102500390000000152e+03 2.102500169999999798e+03
2.752510000000000218e+03 1.412260787266155513e-04 2.102506240000000162e+03 2.102506710000000112e+03
2.949119999999999891e+03 1.426901227266155498e-04 2.102504879999999957e+03 2.102504980000000160e+03
3.145730000000000018e+03 1.530995872661556462e-05 2.102501819999999952e+03 2.102501920000000155e+03
3.538940000000000055e+03 -8.667467197338445161e-05 2.102494110000000092e+03 2.102494169999999940e+03
3.932159999999999854e+03 -1.273886639733844465e-04 2.102497420000000147e+03 2.102497370000000046e+03
4.325380000000000109e+03 -1.213745537733844419e-04 2.102494799999999941e+03 2.102494790000000194e+03
4.718590000000000146e+03 -4.434094487338444851e-05 2.102492490000000089e+03 2.102492650000000140e+03
5.111810000000000400e+03 7.841118472661556056e-05 2.102474279999999908e+03 2.102474250000000211e+03
5.505020000000000437e+03 3.075648772661555234e-05 2.102444980000000214e+03 2.102445250000000215e+03
5.898239999999999782e+03 -1.906438867733844297e-04 2.102464939999999842e+03 2.102464930000000095e+03
6.291460000000000036e+03 -1.834120443733844546e-04 2.102454850000000079e+03 2.102454799999999977e+03
7.077890000000000327e+03 5.426954726615553426e-06 2.102456850000000031e+03 2.102457219999999779e+03
7.864319999999999709e+03 5.208232172661557066e-05 2.102484980000000178e+03 2.102485239999999976e+03
8.650750000000000000e+03 -1.173831330733844354e-04 2.102494380000000092e+03 2.102494610000000193e+03
9.437180000000000291e+03 9.384827726615551030e-06 2.102484280000000126e+03 2.102484640000000127e+03
1.022360000000000036e+04 7.208415726615570148e-06 2.102476970000000165e+03 2.102477190000000064e+03
1.101000000000000000e+04 1.929250472661555487e-05 2.102465360000000146e+03 2.102465799999999945e+03
1.179650000000000000e+04 8.173641726615549783e-06 2.102462109999999939e+03 2.102462179999999989e+03
1.258289999999999964e+04 -3.245640427338443814e-05 2.102454400000000078e+03 2.102454439999999977e+03
1.415579999999999927e+04 -4.130470317338443844e-05 2.102473010000000158e+03 2.102473160000000007e+03
1.572860000000000036e+04 -4.843566273384446695e-06 2.102421789999999874e+03 2.102422019999999975e+03
1.730150000000000000e+04 1.247623472661556600e-05 2.102447380000000067e+03 2.102447569999999814e+03
1.887440000000000146e+04 9.204445372661555270e-05 2.102428789999999935e+03 2.102429119999999784e+03
2.044720000000000073e+04 4.514348372661555102e-05 2.102403369999999995e+03 2.102403679999999895e+03
2.202009999999999854e+04 4.663360772661555797e-05 2.102438149999999951e+03 2.102438450000000103e+03
2.359300000000000000e+04 -3.373926827338444734e-05 2.102433219999999892e+03 2.102433399999999892e+03
2.516579999999999927e+04 -8.506696567338445218e-05 2.102465819999999894e+03 2.102465929999999844e+03
2.831159999999999854e+04 -3.475716627338444435e-05 2.102444089999999960e+03 2.102444280000000163e+03
3.145729999999999927e+04 1.494164972661555873e-05 2.102484080000000176e+03 2.102484399999999823e+03
3.460300000000000000e+04 9.760565726615552141e-06 2.102432650000000194e+03 2.102432909999999993e+03
3.774869999999999709e+04 2.537942172661555905e-05 2.102447500000000218e+03 2.102447770000000219e+03
4.089450000000000000e+04 1.239703372661555896e-05 2.102457049999999981e+03 2.102457249999999931e+03
4.404019999999999709e+04 -4.026327327338444825e-05 2.102504939999999806e+03 2.102505160000000160e+03
4.718590000000000146e+04 2.717891472661556869e-05 2.102484629999999925e+03 2.102484930000000077e+03
5.033159999999999854e+04 1.416865972661554497e-05 2.102481490000000122e+03 2.102481749999999920e+03
5.662309999999999854e+04 -1.954839127338444359e-05 2.102449799999999868e+03 2.102450060000000121e+03
6.291459999999999854e+04 1.567605472661554988e-05 2.102455080000000180e+03 2.102455280000000130e+03
6.920600000000000000e+04 -4.322052273384450116e-06 2.102478340000000117e+03 2.102478520000000117e+03
7.549750000000000000e+04 -1.842162273384454450e-06 2.102466469999999845e+03 2.102466679999999997e+03
8.178889999999999418e+04 -2.701958227338443607e-05 2.102430179999999837e+03 2.102430370000000039e+03
8.808039999999999418e+04 2.455001872661555489e-05 2.102515409999999974e+03 2.102515669999999773e+03
9.437180000000000291e+04 1.226366272661557071e-05 2.102578919999999925e+03 2.102579130000000077e+03
1.006630000000000000e+05 -4.487000917338444621e-05 2.102263080000000173e+03 2.102263280000000123e+03
1.132460000000000000e+05 -2.971485327338443787e-05 2.102500599999999849e+03 2.102500810000000001e+03
1.258290000000000000e+05 -2.528520027338443713e-05 2.102410269999999855e+03 2.102410420000000158e+03
1.384120000000000000e+05 2.388720172661555185e-05 2.102424939999999879e+03 2.102425150000000031e+03
1.509950000000000000e+05 -3.131308273384434196e-06 2.102333389999999781e+03 2.102333639999999832e+03
1.635780000000000000e+05 2.019372872661556479e-05 2.103267839999999978e+03 2.103268030000000181e+03
1.761610000000000000e+05 4.499423272661556318e-05 2.102843089999999847e+03 2.102843260000000100e+03
