2.774131230762931976e-05 3.189324776748564448e-04
3.308730245218711888e-05 5.292244031430750348e-04
3.946351100562123178e-05 2.758770976986342320e-04
4.706846994073543198e-05 -8.734208601825503744e-05
5.613897005378818149e-05 4.176133570643194648e-04
6.695743376974725618e-05 4.343042974418582472e-04
7.986070875070417393e-05 2.688467636084126066e-04
9.525055610847502237e-05 5.146537788196602460e-04
1.136061597862258050e-04 1.693137729808133788e-03
1.354990466058298435e-04 -2.425698875432337736e-05
1.616108815370320305e-04 9.249945306670946318e-04
1.927546922684608764e-04 5.798195511504002477e-04
2.299001839365338688e-04 3.449729624713348663e-04
2.742039322209551509e-04 2.406972734131317213e-03
3.270453949101252548e-04 3.868567025145327500e-04
3.900698632057980684e-04 3.915656477884378768e-03
4.652396901145879212e-04 2.837320339716064687e-03
5.548953909923614453e-04 2.649690942070491179e-03
6.618285186905007540e-04 3.411642896392657470e-03
7.893685823713971275e-04 4.711703557497493727e-03
9.414867163293377025e-04 5.029865913020451461e-03
1.122919326687301126e-03 7.892529430270368504e-03
1.339315565878654475e-03 1.026017706481425693e-02
1.597413226733398334e-03 7.971635627230199556e-03
1.905248532871905900e-03 9.495072246324754231e-03
2.272406357516891344e-03 1.392801000963424934e-02
2.710318661628572864e-03 1.505430568840515279e-02
3.232620443642415190e-03 2.000674394162781436e-02
3.855574283791339020e-03 2.382187701334436206e-02
4.598576701780425491e-03 2.423574852454739650e-02
5.484762093952737748e-03 2.514668133737482658e-02
6.541723054355878461e-03 3.069606810351215020e-02
7.802369507890628830e-03 3.695009323151042524e-02
9.305953405827207398e-03 3.523504677806332808e-02
1.109929088898527899e-02 4.363560583956577199e-02
1.323821997229964256e-02 4.991869913600877756e-02
1.578933913777397224e-02 5.263570286417829092e-02
1.883208096929164799e-02 5.527090470033030334e-02
2.246118539473944062e-02 5.907688780314522548e-02
2.678964954321948894e-02 6.937843199726090315e-02
3.195224606518794197e-02 6.755261192451567087e-02
3.810971946322909421e-02 7.543281834745198255e-02
4.545379109196220901e-02 8.289355734028028277e-02
5.421312866459714053e-02 8.752063319847661060e-02
6.466046613488948824e-02 9.730723074607501577e-02
7.712109564175546883e-02 1.024316681968331783e-01
9.198299592485545406e-02 1.129142262955566134e-01
1.097089125732159387e-01 1.241976576363921364e-01
1.308507662419505224e-01 1.407019354296447922e-01
1.560668374566103189e-01 1.512270558417255772e-01
1.861422630775490250e-01 1.619764505093896079e-01
2.220134826097476533e-01 1.901000703866966013e-01
2.647973955273872915e-01 2.179440679999761765e-01
3.158261374663427490e-01 2.414379649454963528e-01
3.766885580889051122e-01 2.815606640295237328e-01
4.492796920907797253e-01 3.229499327022072874e-01
5.358597636977993073e-01 3.744195125061375307e-01
6.391245618380683169e-01 4.458152390327166925e-01
7.622893772167362858e-01 5.460036666664419558e-01
9.091891147890275304e-01 6.691849069508549741e-01
1.084397698770277918e+00 8.084927479560257702e-01
1.293370488021227116e+00 9.908369691334082408e-01
1.542614136106390976e+00 1.238342615437568295e+00
1.839889184850649340e+00 1.440004358228787362e+00
2.194451699421561486e+00 1.600482652572783548e+00
2.617341468576044328e+00 1.770114401939733462e+00
3.121725743580283208e+00 1.957927084358776382e+00
3.723309218584199609e+00 2.191399074837153016e+00
4.440823017749998769e+00 2.468922791021292529e+00
5.296607914417913676e+00 2.761012190338180350e+00
6.317309941635183002e+00 3.137797161717140071e+00
7.534710052833625937e+00 3.543021838747867136e+00
8.986713665275251728e+00 3.981400295986356141e+00
1.071853089705455631e+01 4.514750653554219006e+00
1.278408424595049553e+01 6.036461931996329078e+00
1.524768754013393135e+01 1.255615366527839427e+01
1.818604843715735697e+01 3.141493737346213422e+01
2.169065682177065923e+01 4.753812901018493164e+01
2.587063346859567048e+01 4.807052021730314095e+01
3.085612766666731588e+01 3.410338169315383539e+01
3.680236959552706821e+01 1.018708960993750168e+01
4.389450362914136861e+01 3.701848409260858119e+00
5.235335305917023874e+01 3.584145035537747770e+00
6.244229573013058854e+01 1.952619780948607886e+00
7.447546466875489557e+01 3.586531528315670125e-01
8.882752904535702498e+01 -3.360672117811326354e-01
1.059453600108122089e+02 -2.310492101842135382e-01
1.263619446409364997e+02 -1.340929758170559746e-02
1.507129812179560417e+02 2.260852928580740218e-01
1.797566725658424218e+02 2.162740372202273942e-01
2.143973337320847747e+02 4.662983041538668744e-02
2.557135490733460017e+02 4.751482677736286742e-01
3.049917554543768006e+02 -2.837134631774550497e-01
3.637662972190095161e+02 -2.828583687956570669e-02
4.338672000995217672e+02 7.859071423436844728e-02
5.174771515703843079e+02 -4.767013287226297691e-01
6.171994618076076904e+02 2.795446913370995892e-02
7.361391213111120351e+02 1.592671236070885288e-01
8.779994790300344221e+02 4.270617296526286327e-02
1.047197551196597942e+03 -2.547516166397776520e-04
