0.06 0.0010012230324448997
0.138 0.00417890508991069
0.24 0.010283865055363432
0.372 0.021092775137469544
0.542 0.03634593106230507
0.766 0.05622371565486215
1.054 0.0798170934416165
1.432 0.10715950772679142
1.92 0.13962864403280872
2.5580000000000003 0.17883723884390693
3.384 0.22629604346929938
4.46 0.27890032406611703
5.8580000000000005 0.3291097978930499
7.674 0.38234293336808095
10.038 0.4348409557554198
13.108 0.49369440291220745
17.1 0.5598502601944932
22.292 0.6352895328245709
29.038 0.7256528810574061
37.81 0.8261619806181144
49.212 0.9708048626874239
64.036 1.1334511936704694
83.308 1.365739552339604
108.36 1.6257671469028256
140.928 1.9491590388818758
183.266 2.39729037959021
238.306 2.9705575625130454
309.858 3.721003486498729
402.87600000000003 4.687680280210134
523.8 5.869802791847409
680.998 7.502623559698538
885.3580000000001 9.623651042926074
1151.026 12.401908850008843
1496.394 15.830785447546111
1945.372 20.512302971855725
2529.044 26.598056268178357
3287.8160000000003 34.44928598979579
4274.222 44.33692817078964
5556.548 57.29092482287475
5556.7480000000005 57.29223111348156
11113.496000000001 113.85840649680893
16670.244 170.2542480813823
22226.992000000002 226.37581890599623
27783.74 282.77421429762586
33340.488 339.0881001173476
38897.236000000004 395.62553048194104
44453.984000000004 452.6734260579537
50010.732 509.95851072032605
55567.48 567.350105759288
61124.228 625.4380010223724
66680.976 683.4468507895615
72237.724 741.3620289308096
77794.47200000001 799.7568776697897
83351.22 857.9867930936371
88907.96800000001 916.169276387033
94464.716 975.351607996132
100021.464 1034.008942885783
105578.212 1093.152102351946
111134.96 1152.1244732198975
116691.708 1212.0799158285856
122248.456 1271.9331472791368
127805.204 1331.8447931505873
133361.952 1392.3204899807113
138918.7 1452.8210229064155
144475.448 1513.6288917067989
150032.196 1573.938363837011
155588.94400000002 1633.6244474521422
161145.692 1693.13748037006
166702.44 1751.822862631075
172259.188 1809.8438910250798
177815.93600000002 1867.0833261410962
183372.684 1922.6804302887901
188929.432 1976.6694297614113
194486.18 2028.6212063970063
200042.928 2080.6456294442664
205599.676 2131.168105374585
211156.424 2182.107624570421
216713.172 2232.7728356314806
222269.92 2281.2038795666654
227826.668 2331.003178450619
233383.416 2377.226917918235
238940.16400000002 2426.959247580837
244496.912 2476.4743700567446
250053.66 2528.6533311190647
255610.408 2581.855288129342
261167.15600000002 2631.3290911420454
266723.904 2680.371511707782
272280.652 2738.7544427389635
