0.06 0.0008145640966670999
0.138 0.003509762730302223
0.24 0.008916901290685073
0.372 0.01869019482997024
0.542 0.032959001333185224
0.766 0.0521275926442238
1.054 0.07547417292614401
1.432 0.10332984667893848
1.92 0.1356429015176141
2.5580000000000003 0.17621756663112084
3.384 0.22726498693876446
4.46 0.28655446658273726
5.8580000000000005 0.3532104609309541
7.674 0.42190354663956026
10.038 0.4939839189690093
13.108 0.5765309509478126
17.1 0.6656002312943664
22.292 0.7792040728473499
29.038 0.9168636753964431
37.81 1.0726505542235885
49.212 1.2598126175243436
64.036 1.481673151731015
83.308 1.738566452543692
108.36 2.0534084020083525
140.928 2.4707383653407073
183.266 2.9757091802575504
238.306 3.587424839843573
309.858 4.364125859018382
402.87600000000003 5.325278174476194
523.8 6.465767222299617
680.998 7.9129846717337795
885.3580000000001 9.84535498182875
1151.026 12.29137661596481
1496.394 15.275312370319703
1945.372 19.431876322353805
2529.044 24.917826369074298
3287.8160000000003 31.88915339203838
4274.222 40.912727276764876
5556.548 52.86059851554405
5556.7480000000005 52.865620206626026
11113.496000000001 103.85281187036954
16670.244 154.9164712005349
22226.992000000002 205.86291307180713
27783.74 256.91177621042806
33340.488 308.0327250431332
38897.236000000004 359.25811368964054
44453.984000000004 410.68082111914896
50010.732 462.377697959249
55567.48 514.0010393602549
61124.228 565.3913067514217
66680.976 616.9197631182594
72237.724 668.5581377251746
77794.47200000001 720.5816365814724
83351.22 772.8092830953165
88907.96800000001 825.0462058062794
94464.716 877.2221362519414
100021.464 929.5692898847088
105578.212 982.7155305406083
111134.96 1035.7111668400428
116691.708 1088.5450445256286
122248.456 1141.4587915493396
127805.204 1194.7625951562854
133361.952 1247.2184546809235
138918.7 1300.0691207577406
144475.448 1352.9652949950646
150032.196 1405.9203482298008
155588.94400000002 1458.730436850685
161145.692 1511.269398137562
166702.44 1563.8694736526495
172259.188 1616.299515641977
177815.93600000002 1667.9243976394423
183372.684 1719.8203079720536
188929.432 1771.6742275626557
194486.18 1824.4100569721534
200042.928 1877.1893513543391
205599.676 1929.906383604259
211156.424 1981.7142392954295
216713.172 2033.3442329786255
222269.92 2084.4619071658535
227826.668 2135.175170715243
233383.416 2185.031006161579
238940.16400000002 2236.165635847981
244496.912 2286.2423194092603
250053.66 2336.489236047787
255610.408 2386.4302130944056
261167.15600000002 2436.6135342192633
266723.904 2486.2003308769104
272280.652 2536.808257549709
277837.4 2586.931873981992
283394.148 2638.100629968171
288950.896 2690.677742526249
294507.64400000003 2741.8987719829643
300064.392 2791.727727051791
305621.14 2841.4118788964397
311177.88800000004 2890.611280088986
316734.636 2938.4489226199958
322291.384 2986.4999216798647
327848.132 3034.149225988993
333404.88 3083.1136969423264
338961.628 3132.4326768723986
344518.376 3182.994487805037
350075.124 3228.8067437293703
355631.87200000003 3273.071180652074
361188.62 3317.2191577920757
366745.368 3366.0257612765454
372302.116 3415.2917570096083
377858.864 3463.2467370281697
383415.612 3504.1814490043507
388972.36 3545.633003612298
394529.108 3584.692800476339
