0.06 0.0031248973214016685
0.138 0.014038620131091957
0.24 0.03469009239653599
0.372 0.06777165396594349
0.542 0.11310564424165746
0.766 0.17342339616805227
1.054 0.25105838611014797
1.432 0.3536984930344219
1.92 0.4892023988653393
2.5580000000000003 0.667682505451379
3.384 0.9052119779885772
4.46 1.211040760952886
5.8580000000000005 1.612309475547952
7.674 2.1406878259794566
10.038 2.8325503734654056
13.108 3.725424970113088
17.1 4.871556129409601
22.292 6.380811453464246
29.038 8.370767356021153
37.81 10.92833549758739
49.212 14.248009610860736
64.036 18.607782309954324
83.308 24.25353943134322
108.36 31.478737170323445
140.928 41.09748199635428
183.266 53.4343555687435
238.306 69.32322406732371
309.858 90.13271107397073
402.87600000000003 117.37242298516864
523.8 153.15473984452478
680.998 198.99829558101752
885.3580000000001 258.3344520400017
1151.026 335.8461223175528
1496.394 436.23307107115374
1945.372 568.0291757028696
2529.044 733.5609627985751
3287.8160000000003 954.7497084222024
4274.222 1244.3181634342616
5556.548 1617.7541884423888
5556.7480000000005 1617.839476073965
11113.496000000001 3221.167540577176
16670.244 4829.658989592916
22226.992000000002 6439.1847838758185
27783.74 8048.080010509089
33340.488 9651.967641524681
38897.236000000004 11247.724141245597
44453.984000000004 12844.002022940675
50010.732 14442.464725399785
55567.48 16019.368048035903
61124.228 17599.30504575993
66680.976 19169.609393402814
72237.724 20745.89241261417
77794.47200000001 22322.341617546394
83351.22 23896.41829004059
88907.96800000001 25466.62698031469
94464.716 27021.07876605885
100021.464 28580.60069214791
105578.212 30159.665592550722
111134.96 31744.853217918193
116691.708 33322.0462069667
122248.456 34903.00998854196
127805.204 36492.944277919254
133361.952 38092.7711332072
138918.7 39692.7596655932
144475.448 41310.83991633924
150032.196 42934.479009677285
155588.94400000002 44571.58059682896
161145.692 46189.88521609886
166702.44 47802.18446656263
172259.188 49393.72938471412
177815.93600000002 50978.498097682444
183372.684 52562.04119271333
188929.432 54148.15450438689
194486.18 55725.546231848486
200042.928 57287.019527204415
205599.676 58845.523577605636
211156.424 60423.2042473673
216713.172 62013.94058051626
222269.92 63607.38753699305
227826.668 65187.38856669263
233383.416 66791.52522540739
238940.16400000002 68397.44913872391
244496.912 69999.54041698093
250053.66 71621.10324437328
255610.408 73243.44549696048
261167.15600000002 74923.93012651287
266723.904 76611.20374221272
272280.652 78297.88995066198
277837.4 80017.11398214143
283394.148 81728.80744048319
288950.896 83491.7091118796
294507.64400000003 85194.98868373391
300064.392 86881.17181179539
305621.14 88532.67046873237
311177.88800000004 90193.32347790299
316734.636 91822.61638964895
322291.384 93485.64318093975
327848.132 95095.92021512882
333404.88 96724.21768293134
338961.628 98312.55112609323
344518.376 99849.09807848136
350075.124 101380.79608535353
355631.87200000003 102914.09113434603
361188.62 104351.67959784812
366745.368 105865.70556574198
372302.116 107296.24674880556
377858.864 108597.46646338937
383415.612 109839.20145165689
388972.36 111397.02989245996
394529.108 113187.4810145243
