0.06 0.0015743878843308926
0.138 0.006349804923950326
0.24 0.014809967972153896
0.372 0.02873028691878393
0.542 0.04702758247493036
0.766 0.06942363728183322
1.054 0.09521456705735831
1.432 0.12543656321592628
1.92 0.16106451542202543
2.5580000000000003 0.20455730005438794
3.384 0.2547208995747668
4.46 0.3053937699986743
5.8580000000000005 0.3542734279206876
7.674 0.4054882386451561
10.038 0.4614629754162276
13.108 0.525355515299759
17.1 0.604324644220465
22.292 0.7038214629368269
29.038 0.8369850260551283
37.81 0.9955643129779558
49.212 1.2048593577521418
64.036 1.4795325650841307
83.308 1.8110077572667431
108.36 2.2554557718273682
140.928 2.817256726597801
183.266 3.5429250637780494
238.306 4.510079555949594
309.858 5.72309497036719
402.87600000000003 7.367182177675285
523.8 9.463607694415465
680.998 12.261349963574979
885.3580000000001 15.855278693670815
1151.026 20.56080818347473
1496.394 26.492410181420613
1945.372 34.43967856764212
2529.044 44.553786104912334
3287.8160000000003 57.78460722586559
4274.222 74.92223246146267
5556.548 97.42130019618507
5556.7480000000005 97.4188912961005
11113.496000000001 194.4464003187208
16670.244 290.94788571591414
22226.992000000002 387.81044319063835
27783.74 484.5828738058401
33340.488 581.153668382366
38897.236000000004 677.423379532996
44453.984000000004 774.2029654067563
50010.732 870.8047530317274
55567.48 968.1282152888102
61124.228 1065.7922389159744
66680.976 1163.042186347372
72237.724 1260.962463902128
77794.47200000001 1359.2565511982489
83351.22 1457.6584574441943
88907.96800000001 1555.9252863526322
94464.716 1654.4627818921429
100021.464 1753.2650397259235
105578.212 1852.2243628367105
111134.96 1950.9985888915205
116691.708 2049.4587681605904
122248.456 2146.822092968827
127805.204 2244.432236821636
133361.952 2341.9737602155515
138918.7 2440.043297402112
144475.448 2538.7831289810747
150032.196 2637.7798644764616
155588.94400000002 2737.2900544710687
161145.692 2836.651355812439
166702.44 2936.209061654214
172259.188 3035.6594024570504
177815.93600000002 3135.378154522652
183372.684 3233.449005823617
188929.432 3330.4665167974804
194486.18 3428.4901952549276
200042.928 3527.241338298726
205599.676 3625.604238841045
211156.424 3723.3940570473887
216713.172 3822.5741982011914
222269.92 3921.7022990072223
227826.668 4019.6842959287615
233383.416 4119.888654139245
238940.16400000002 4219.991168340792
244496.912 4319.3220741986
250053.66 4417.796659680545
255610.408 4515.765130615542
261167.15600000002 4611.992398664855
266723.904 4710.645212473814
272280.652 4810.244056540366
277837.4 4912.425690359605
283394.148 5015.415191411073
288950.896 5115.881700873383
294507.64400000003 5216.7034814717745
300064.392 5317.911764210351
305621.14 5415.7063387377875
311177.88800000004 5514.872079076899
316734.636 5616.6874312406435
322291.384 5719.595151639222
327848.132 5823.031042850038
333404.88 5929.290326157131
338961.628 6034.776034404532
344518.376 6137.068361716854
350075.124 6237.439448594571
355631.87200000003 6342.1459138203145
361188.62 6452.336413785416
366745.368 6549.375497618217
372302.116 6646.379622719204
377858.864 6727.731406180814
383415.612 6809.945439682451
388972.36 6865.414918714616
394529.108 6951.474156080205
