0.000000000000000000e+00 1.467086068216978312e+01 9.468138469999999870e+03 9.485676460000000588e+03
6.000000000000000125e-03 1.440018268216978292e+01 9.467884449999999561e+03 9.485125089999999545e+03
1.200000000000000025e-02 1.362638238216978337e+01 9.467156960000000254e+03 9.483545589999999720e+03
1.799999999999999864e-02 1.245111168216978292e+01 9.466048360000000685e+03 9.481137169999999969e+03
2.400000000000000050e-02 1.101082538216978257e+01 9.464684530000000450e+03 9.478170260000000781e+03
2.999999999999999889e-02 9.447451062169783143e+00 9.463198930000000473e+03 9.474930480000000898e+03
3.599999999999999728e-02 7.887053582169782473e+00 9.461712390000000596e+03 9.471675730000000840e+03
4.200000000000000261e-02 6.427982612169782506e+00 9.460320729999999458e+03 9.468610810000000129e+03
4.800000000000000100e-02 5.136373642169782983e+00 9.459089509999999791e+03 9.465876619999999093e+03
5.399999999999999939e-02 4.046693852169783057e+00 9.458053850000000239e+03 9.463550149999999121e+03
5.999999999999999778e-02 3.165962492169782649e+00 9.457222110000000612e+03 9.461652070000000094e+03
6.600000000000000311e-02 2.480575592169782517e+00 9.456582159999999931e+03 9.460159869999999501e+03
7.199999999999999456e-02 1.964236912169782467e+00 9.456108889999999519e+03 9.459023489999999583e+03
7.799999999999999989e-02 1.585299352169782461e+00 9.455771380000000136e+03 9.458180189999999129e+03
8.400000000000000522e-02 1.312332052169782548e+00 9.455538580000000366e+03 9.457566220000000612e+03
8.999999999999999667e-02 1.117556972169782448e+00 9.455383019999999306e+03 9.457124439999999595e+03
9.600000000000000200e-02 9.880710561697826355e-01 9.455292229999999108e+03 9.456830389999999170e+03
1.079999999999999988e-01 8.083557901697826509e-01 9.455191150000000562e+03 9.456430249999999432e+03
1.199999999999999956e-01 7.079613211697826092e-01 9.455175160000000687e+03 9.456230040000000372e+03
1.320000000000000062e-01 6.505883471697826437e-01 9.455211380000000645e+03 9.456149970000000394e+03
1.439999999999999891e-01 6.223397061697826249e-01 9.455285330000000613e+03 9.456154300000000148e+03
1.559999999999999998e-01 6.155250381697826567e-01 9.455385430000000270e+03 9.456218549999999595e+03
1.680000000000000104e-01 6.219302281697826063e-01 9.455498330000000351e+03 9.456317259999999806e+03
1.799999999999999933e-01 6.319508131697826325e-01 9.455610000000000582e+03 9.456423640000000887e+03
1.920000000000000040e-01 6.328728591697826422e-01 9.455702559999999721e+03 9.456504960000000210e+03
2.159999999999999976e-01 5.967175251697826033e-01 9.455825329999999667e+03 9.456568970000000263e+03
2.399999999999999911e-01 4.964204891697825972e-01 9.455840420000000449e+03 9.456460859999999229e+03
2.640000000000000124e-01 3.583979801697826373e-01 9.455771600000000035e+03 9.456229779999999664e+03
2.879999999999999782e-01 2.246040311697826142e-01 9.455666149999999107e+03 9.455966909999999189e+03
3.119999999999999996e-01 1.242943251697826018e-01 9.455566029999999955e+03 9.455747209999999541e+03
3.360000000000000209e-01 6.556620966978260467e-02 9.455495849999999336e+03 9.455605390000000625e+03
3.599999999999999867e-01 4.143320926978260460e-02 9.455462569999999687e+03 9.455540489999999409e+03
3.840000000000000080e-01 4.022813586978260525e-02 9.455461509999999180e+03 9.455533890000000611e+03
4.319999999999999951e-01 4.488975126978260455e-02 9.455466399999999339e+03 9.455540829999999914e+03
4.799999999999999822e-01 3.630672726978260295e-02 9.455447799999999916e+03 9.455511599999999817e+03
5.280000000000000249e-01 2.270596756978261049e-02 9.455405489999999190e+03 9.455449440000000322e+03
5.759999999999999565e-01 1.208028266978260733e-02 9.455363429999999425e+03 9.455396029999999882e+03
6.239999999999999991e-01 7.146839389782608416e-03 9.455326719999999113e+03 9.455355069999999614e+03
6.720000000000000417e-01 5.591464699782608579e-03 9.455292830000000322e+03 9.455318330000000060e+03
7.199999999999999734e-01 3.085535659782609116e-03 9.455263119999999617e+03 9.455282769999999800e+03
7.680000000000000160e-01 1.122853419782608676e-03 9.455232120000000577e+03 9.455248809999999139e+03
8.639999999999999902e-01 4.933082697826086070e-04 9.455169599999999264e+03 9.455180730000000040e+03
9.599999999999999645e-01 -1.093561819217391245e-03 9.455113020000000688e+03 9.455122929999999542e+03
1.056000000000000050e+00 -3.398397860217391292e-03 9.455058129999999437e+03 9.455069219999999405e+03
1.151999999999999913e+00 -5.884632570217391417e-03 9.455009519999999611e+03 9.455016009999999369e+03
1.247999999999999998e+00 -6.818072830217391037e-03 9.454958979999999428e+03 9.454961639999999534e+03
1.344000000000000083e+00 -5.709255720217390820e-03 9.454910910000000513e+03 9.454907049999999799e+03
1.439999999999999947e+00 -4.983709050217391238e-03 9.454874400000000605e+03 9.454872279999999591e+03
1.536000000000000032e+00 -4.434768950217391273e-03 9.454841549999999188e+03 9.454841599999999744e+03
1.727999999999999980e+00 -1.914106310217391325e-03 9.454773510000000897e+03 9.454776970000000802e+03
1.919999999999999929e+00 -4.424227370217391660e-03 9.454717699999999240e+03 9.454716290000000299e+03
2.112000000000000099e+00 -1.856887360217391279e-03 9.454668809999999212e+03 9.454672510000000329e+03
2.303999999999999826e+00 -4.138337250217391690e-03 9.454624780000000101e+03 9.454624420000000100e+03
2.495999999999999996e+00 -1.047562916217391164e-03 9.454582979999999225e+03 9.454587509999999384e+03
2.688000000000000167e+00 -2.213373600217391230e-03 9.454550530000000435e+03 9.454559730000000854e+03
2.879999999999999893e+00 -2.243851920217391268e-03 9.454520300000000134e+03 9.454525540000000547e+03
3.072000000000000064e+00 -4.590768170217390809e-03 9.454492770000000746e+03 9.454493580000000293e+03
3.455999999999999961e+00 -9.562103232173913090e-04 9.454452509999999165e+03 9.454455959999999322e+03
3.839999999999999858e+00 -2.072930390217391124e-03 9.454416719999999259e+03 9.454415870000000723e+03
4.224000000000000199e+00 -2.537184060217391457e-03 9.454385510000000068e+03 9.454383640000000014e+03
4.607999999999999652e+00 5.767963178260869257e-05 9.454366190000000643e+03 9.454370839999999589e+03
4.991999999999999993e+00 -1.975850160217391353e-03 9.454353250000000116e+03 9.454356069999999818e+03
5.376000000000000334e+00 -3.813003280217391530e-03 9.454340729999999894e+03 9.454340469999999186e+03
5.759999999999999787e+00 -2.193638350217391036e-03 9.454335090000000491e+03 9.454337600000000748e+03
6.144000000000000128e+00 -2.170609800217391042e-03 9.454332159999999931e+03 9.454331550000000789e+03
6.911999999999999922e+00 -1.919576910217391354e-03 9.454323909999999159e+03 9.454323720000000321e+03
7.679999999999999716e+00 -1.130596145217391268e-03 9.454320149999999558e+03 9.454323930000000473e+03
8.448000000000000398e+00 -1.100518673217391321e-03 9.454315420000000813e+03 9.454313940000000002e+03
9.215999999999999304e+00 -2.524720940217391185e-03 9.454310030000000552e+03 9.454309160000000702e+03
9.983999999999999986e+00 -1.250059371217391441e-03 9.454309119999999893e+03 9.454309199999999691e+03
1.075200000000000067e+01 -1.577443322173913186e-04 9.454310740000000806e+03 9.454309289999999237e+03
1.151999999999999957e+01 1.961811279782608476e-03 9.454309230000000753e+03 9.454315389999999752e+03
1.228800000000000026e+01 -5.347836522173912525e-04 9.454305560000000696e+03 9.454306839999999283e+03
1.382399999999999984e+01 -4.850571362173913175e-04 9.454303350000000137e+03 9.454304659999999785e+03
1.535999999999999943e+01 1.065035669782608699e-03 9.454306309999999939e+03 9.454308189999999740e+03
1.689600000000000080e+01 1.199424479782608757e-03 9.454301820000000589e+03 9.454304200000000492e+03
1.843199999999999861e+01 4.986405097826087686e-04 9.454301629999999932e+03 9.454305189999999129e+03
1.996799999999999997e+01 -9.007639112173913181e-04 9.454305809999999838e+03 9.454305589999999938e+03
2.150400000000000134e+01 -1.421947872173913181e-04 9.454300769999999829e+03 9.454301610000000437e+03
2.303999999999999915e+01 -8.234239662173912459e-04 9.454300849999999627e+03 9.454299300000000585e+03
2.457600000000000051e+01 -8.525195752173913384e-04 9.454298960000000079e+03 9.454299569999999221e+03
2.764799999999999969e+01 -6.418173598173913070e-04 9.454298090000000229e+03 9.454299409999999625e+03
3.071999999999999886e+01 7.786396697826087395e-04 9.454301849999999831e+03 9.454303009999999631e+03
3.379200000000000159e+01 -1.418846721739134252e-05 9.454296089999999822e+03 9.454297249999999622e+03
3.686399999999999721e+01 9.834187397826086620e-04 9.454294959999999264e+03 9.454299730000000636e+03
3.993599999999999994e+01 -4.223692822173912963e-04 9.454294320000000880e+03 9.454294449999999415e+03
4.300800000000000267e+01 -7.520127024173913237e-04 9.454294470000000729e+03 9.454295000000000073e+03
4.607999999999999829e+01 6.015439497826086373e-04 9.454297389999999723e+03 9.454300590000000739e+03
4.915200000000000102e+01 5.181822297826088001e-04 9.454302309999999125e+03 9.454304840000000695e+03
5.529599999999999937e+01 -5.140767252173912691e-04 9.454299290000000838e+03 9.454300610000000233e+03
6.143999999999999773e+01 7.455094578260874731e-05 9.454301199999999881e+03 9.454302840000000288e+03
6.758400000000000318e+01 4.371068078260875300e-05 9.454294509999999718e+03 9.454296280000000479e+03
7.372799999999999443e+01 -6.381189921739129252e-05 9.454292460000000574e+03 9.454294149999999718e+03
7.987199999999999989e+01 1.666441497826087054e-04 9.454297720000000481e+03 9.454299269999999524e+03
8.601600000000000534e+01 4.704906497826086362e-04 9.454294589999999516e+03 9.454296909999999116e+03
9.215999999999999659e+01 -1.665875662173912745e-04 9.454289960000000065e+03 9.454291250000000218e+03
9.830400000000000205e+01 -3.631554802173912852e-04 9.454283579999999347e+03 9.454285089999999400e+03
1.105919999999999987e+02 -3.423368821739132886e-05 9.454286070000000109e+03 9.454287329999999201e+03
1.228799999999999955e+02 -2.414974652173913251e-04 9.454284709999999905e+03 9.454286019999999553e+03
1.351680000000000064e+02 -2.916884142173913064e-04 9.454281629999999495e+03 9.454283999999999651e+03
1.474559999999999889e+02 -5.660825242173912622e-04 9.454280080000000453e+03 9.454280189999999493e+03
1.597439999999999998e+02 -5.182167562173912783e-04 9.454277019999999538e+03 9.454277949999999691e+03
1.720320000000000107e+02 6.011202278260866817e-05 9.454281559999999445e+03 9.454282259999999951e+03
1.843199999999999932e+02 9.432325278260875363e-05 9.454279010000000198e+03 9.454281049999999595e+03
1.966080000000000041e+02 -2.659953382173913124e-04 9.454274590000000899e+03 9.454275840000000244e+03
2.211839999999999975e+02 1.423291667826087322e-04 9.454280600000000049e+03 9.454283050000000003e+03
2.457599999999999909e+02 1.623509737826087096e-04 9.454276239999999234e+03 9.454277669999999489e+03
2.703360000000000127e+02 1.715511617826087241e-04 9.454276089999999385e+03 9.454277609999999186e+03
2.949119999999999777e+02 -2.060119552173912726e-04 9.454282269999999698e+03 9.454283299999999144e+03
3.194879999999999995e+02 6.682417782608680509e-06 9.454289969999999812e+03 9.454291639999999461e+03
3.440640000000000214e+02 -3.839704202173912909e-04 9.454286599999999453e+03 9.454287829999999303e+03
3.686399999999999864e+02 -8.929355021739134295e-05 9.454294490000000224e+03 9.454295819999999367e+03
3.932160000000000082e+02 -4.084486642173913240e-04 9.454288780000000770e+03 9.454289699999999357e+03
4.423679999999999950e+02 1.751655047826087457e-04 9.454286700000000565e+03 9.454288399999999456e+03
4.915199999999999818e+02 2.443727878260874321e-05 9.454287309999999707e+03 9.454288860000000568e+03
5.406720000000000255e+02 -2.668392042173913133e-04 9.454282279999999446e+03 9.454283840000000055e+03
5.898239999999999554e+02 -1.468928752173913202e-04 9.454278120000000854e+03 9.454279520000000048e+03
6.389759999999999991e+02 -1.290066221739131699e-05 9.454264549999999872e+03 9.454265779999999722e+03
6.881280000000000427e+02 6.254130878260869084e-05 9.454260469999999259e+03 9.454261379999999917e+03
7.372799999999999727e+02 5.486047478260873585e-05 9.454264310000000478e+03 9.454265530000000581e+03
7.864320000000000164e+02 4.709853178260869997e-05 9.454261160000000018e+03 9.454262679999999818e+03
8.847359999999999900e+02 -5.852869217391298666e-06 9.454258330000000569e+03 9.454259570000000167e+03
9.830399999999999636e+02 -2.443218042173912839e-04 9.454250840000000608e+03 9.454252270000000863e+03
1.081339999999999918e+03 3.692678078260865689e-05 9.454249309999999241e+03 9.454251000000000204e+03
1.179650000000000091e+03 -6.960156221739132159e-05 9.454257470000000467e+03 9.454258760000000620e+03
1.277950000000000045e+03 4.134453478260872918e-05 9.454254660000000513e+03 9.454256559999999808e+03
1.376259999999999991e+03 1.555266127826087415e-04 9.454264800000000832e+03 9.454266460000000734e+03
1.474559999999999945e+03 -2.092649921739127110e-05 9.454258700000000317e+03 9.454260159999999814e+03
1.572859999999999900e+03 -2.527240921739132111e-05 9.454247069999999439e+03 9.454248620000000301e+03
1.769470000000000027e+03 3.110127378260873869e-05 9.454257209999999759e+03 9.454258920000000217e+03
1.966079999999999927e+03 -8.808829621739127421e-05 9.454244839999999385e+03 9.454246259999999893e+03
2.162690000000000055e+03 -6.979922121739124807e-05 9.454222079999999551e+03 9.454223439999999755e+03
2.359300000000000182e+03 -5.286993621739124842e-05 9.454215449999999691e+03 9.454216889999999694e+03
2.555900000000000091e+03 1.647274478260875568e-05 9.454196719999999914e+03 9.454198360000000321e+03
2.752510000000000218e+03 8.744950782608659767e-06 9.454197360000000117e+03 9.454199080000000322e+03
2.949119999999999891e+03 -2.302124521739133678e-05 9.454192329999999856e+03 9.454193789999999353e+03
3.145730000000000018e+03 -3.012555521739125521e-05 9.454192789999999150e+03 9.454194359999999506e+03
3.538940000000000055e+03 -9.631679121739134593e-05 9.454183580000000802e+03 9.454184979999999996e+03
3.932159999999999854e+03 -1.085937202173912954e-04 9.454187729999999647e+03 9.454189140000000407e+03
4.325380000000000109e+03 -3.571362521739124794e-05 9.454190060000000813e+03 9.454191530000000057e+03
4.718590000000000146e+03 -5.898881621739125378e-05 9.454176849999999831e+03 9.454178309999999328e+03
5.111810000000000400e+03 -4.431597721739127457e-05 9.454189399999999296e+03 9.454191029999999955e+03
5.505020000000000437e+03 -6.542710021739130653e-05 9.454174970000000030e+03 9.454176299999999173e+03
5.898239999999999782e+03 -4.134449921739129143e-05 9.454193709999999555e+03 9.454195279999999912e+03
6.291460000000000036e+03 -5.150653021739125086e-05 9.454133770000000368e+03 9.454135270000000673e+03
7.077890000000000327e+03 -2.874104221739124613e-05 9.454117539999999281e+03 9.454119129999999132e+03
7.864319999999999709e+03 5.612014578260874752e-05 9.454073809999999867e+03 9.454075510000000577e+03
8.650750000000000000e+03 -2.304189421739133523e-05 9.454051480000000083e+03 9.454052960000000894e+03
9.437180000000000291e+03 -4.649529521739124462e-05 9.454032110000000102e+03 9.454033629999999903e+03
1.022360000000000036e+04 -4.442281021739134979e-05 9.454004530000000159e+03 9.454005909999999858e+03
1.101000000000000000e+04 -1.931649421739131157e-05 9.453966119999999137e+03 9.453967650000000503e+03
1.179650000000000000e+04 1.221620478260873697e-05 9.453951320000000123e+03 9.453952849999999671e+03
1.258289999999999964e+04 -7.340052217391320778e-06 9.453916610000000219e+03 9.453918079999999463e+03
1.415579999999999927e+04 2.238955178260869112e-05 9.453887290000000576e+03 9.453888909999999669e+03
1.572860000000000036e+04 4.123217826086785984e-07 9.453886730000000171e+03 9.453888310000000274e+03
1.730150000000000000e+04 -9.799766217391298224e-06 9.453902019999999538e+03 9.453903570000000400e+03
1.887440000000000146e+04 1.475524278260866365e-05 9.453880999999999403e+03 9.453882620000000315e+03
2.044720000000000073e+04 -1.240970421739133293e-05 9.453849200000000565e+03 9.453850769999999102e+03
2.202009999999999854e+04 -1.952336217391327858e-06 9.453849000000000160e+03 9.453850510000000213e+03
2.359300000000000000e+04 -3.879449217391293427e-06 9.453778679999999440e+03 9.453780210000000807e+03
2.516579999999999927e+04 -1.622345721739133165e-05 9.453769759999999224e+03 9.453771300000000338e+03
2.831159999999999854e+04 -1.196808021739132789e-05 9.453689800000000105e+03 9.453691339999999400e+03
3.145729999999999927e+04 -1.078183221739131750e-05 9.453663829999999507e+03 9.453665399999999863e+03
3.460300000000000000e+04 -1.535869721739128134e-05 9.453525240000000849e+03 9.453526719999999841e+03
3.774869999999999709e+04 1.837101782608684293e-06 9.453437110000000757e+03 9.453438690000000861e+03
4.089450000000000000e+04 -8.602472217391298435e-06 9.453370030000000042e+03 9.453371540000000095e+03
4.404019999999999709e+04 -2.355196421739127934e-05 9.453262769999999364e+03 9.453264310000000478e+03
4.718590000000000146e+04 -4.209005217391324598e-06 9.453128919999999198e+03 9.453130470000000059e+03
5.033159999999999854e+04 -1.704736921739132167e-05 9.452750120000000607e+03 9.452751679999999396e+03
5.662309999999999854e+04 -1.587639021739133995e-05 9.452751679999999396e+03 9.452753259999999500e+03
6.291459999999999854e+04 -1.584278521739128625e-05 9.452584860000000845e+03 9.452586419999999634e+03
6.920600000000000000e+04 -5.246687121739134277e-05 9.452412210000000414e+03 9.452413679999999658e+03
7.549750000000000000e+04 -4.434926821739128191e-05 9.452470620000000054e+03 9.452472120000000359e+03
8.178889999999999418e+04 -7.927312217391284388e-06 9.452321570000000065e+03 9.452323140000000421e+03
8.808039999999999418e+04 -1.978635721739134459e-05 9.452312019999999393e+03 9.452313570000000254e+03
9.437180000000000291e+04 -4.415031521739132183e-05 9.452231939999999668e+03 9.452233439999999973e+03
1.006630000000000000e+05 -2.008438521739126272e-05 9.451445040000000517e+03 9.451446589999999560e+03
1.132460000000000000e+05 -1.448423217391284559e-06 9.451656709999999293e+03 9.451658279999999650e+03
1.258290000000000000e+05 -1.191280021739125547e-05 9.451850140000000465e+03 9.451851650000000518e+03
1.384120000000000000e+05 -2.104048021739129883e-05 9.451894560000000638e+03 9.451896090000000186e+03
1.509950000000000000e+05 -1.943119021739130124e-05 9.452399929999999586e+03 9.452401449999999386e+03
1.635780000000000000e+05 5.459529782608709032e-06 9.452685260000000198e+03 9.452686820000000807e+03
1.761610000000000000e+05 -6.705616217391320404e-06 9.452728129999999510e+03 9.452729670000000624e+03
1.887440000000000000e+05 3.734306782608677253e-06 9.452853139999999257e+03 9.452854690000000119e+03
2.013270000000000000e+05 3.005901578260865032e-05 9.451538979999999356e+03 9.451540619999999763e+03
2.264920000000000000e+05 3.866227782608686048e-06 9.451865460000000894e+03 9.451867019999999684e+03
2.516580000000000000e+05 3.390770278260870491e-05 9.453833150000000387e+03 9.453834790000000794e+03
2.768240000000000000e+05 1.710999978260865917e-05 9.455010080000000016e+03 9.455011580000000322e+03
3.019900000000000000e+05 7.239010178260868456e-05 9.456078059999999823e+03 9.456079659999999421e+03
3.271560000000000000e+05 6.076515978260875299e-05 9.458196630000000368e+03 9.458198109999999360e+03
3.523220000000000000e+05 7.077751978260872229e-05 9.459119800000000396e+03 9.459121530000000348e+03
