0.06 0.020306399519409452
0.138 0.08826043156180689
0.24 0.20780825753278795
0.372 0.3821526525950875
0.542 0.6213618006687434
0.766 0.9574625788937097
1.054 1.409809785060858
1.432 2.0083380488531866
1.92 2.796186994525282
2.5580000000000003 3.848928582515175
3.384 5.251173769828537
4.46 7.06549727282813
5.8580000000000005 9.448492258839087
7.674 12.574016925681509
10.038 16.67108934263501
13.108 21.949951634694187
17.1 28.867759482233094
22.292 38.038069153569275
29.038 49.72987413369911
37.81 64.55304582358724
49.212 84.0336680346121
64.036 109.53608287532326
83.308 142.01394487905344
108.36 185.10214378668897
140.928 241.15731813797638
183.266 315.9611888519615
238.306 410.3838620782881
309.858 533.5192409984757
402.87600000000003 693.7991001492676
523.8 901.3165712493933
680.998 1174.5273362529026
885.3580000000001 1534.0179211327136
1151.026 1989.8727860501103
1496.394 2585.658175910035
1945.372 3366.9098087425955
2529.044 4386.683431428837
3287.8160000000003 5690.485468128427
4274.222 7404.027744070622
5556.548 9593.117535724092
5556.7480000000005 9593.672611572747
11113.496000000001 19187.25343568285
16670.244 28790.423562964028
22226.992000000002 38397.26500205502
27783.74 47959.681357259105
33340.488 57569.99538620806
38897.236000000004 67145.71104419757
44453.984000000004 76819.04437585422
50010.732 86568.05258987687
55567.48 96302.34359025145
61124.228 106121.67431212284
66680.976 115861.84849094987
72237.724 125692.03088414032
77794.47200000001 135563.65557675224
83351.22 145498.47096516087
88907.96800000001 155407.5874559247
94464.716 165225.29258797574
100021.464 174928.47505557703
105578.212 184500.72291338933
111134.96 194123.82239244794
116691.708 203886.82546074307
122248.456 213673.92389271557
127805.204 223294.85087060978
133361.952 232912.01455937818
138918.7 242618.51089809323
144475.448 252535.71171446732
150032.196 262423.7981313491
155588.94400000002 272404.13528429845
161145.692 282062.95178146806
166702.44 291633.03430742945
172259.188 301283.15620481316
177815.93600000002 310939.70356176933
183372.684 320792.1711297114
188929.432 330856.979056134
194486.18 341118.3251820404
200042.928 351376.57692430116
205599.676 361303.31956268905
211156.424 371593.0049486465
216713.172 382275.9646845726
222269.92 393297.73236248014
227826.668 404239.8037493424
233383.416 415368.5289233907
238940.16400000002 425993.59382209746
244496.912 436355.9789786889
250053.66 446584.20482908376
255610.408 457506.36384685186
261167.15600000002 469683.5446667372
266723.904 480863.5043565232
272280.652 491186.97234116384
277837.4 500435.4034042206
