0.06 0.009300517699671844
0.138 0.04204171669139528
0.24 0.10296744519381618
0.372 0.1949093779978618
0.542 0.3205211041287166
0.766 0.49488582667242464
1.054 0.7273856345714154
1.432 1.0502344379134458
1.92 1.4713450338095329
2.5580000000000003 2.0348073799554562
3.384 2.7772011919778237
4.46 3.7762090872771266
5.8580000000000005 5.0717154397884245
7.674 6.788166772154315
10.038 9.041938606848666
13.108 11.938477062439864
17.1 15.603988215916374
22.292 20.48105219137944
29.038 26.916800659589732
37.81 35.06870821157449
49.212 45.64662162159678
64.036 59.76352487811452
83.308 77.72705732254624
108.36 100.95029341736515
140.928 131.32017343671146
183.266 171.09533363068655
238.306 222.5290395011006
309.858 288.57110750313785
402.87600000000003 376.0705700149724
523.8 489.10129294276436
680.998 635.9656670224789
885.3580000000001 834.6124204114234
1151.026 1081.4004544195736
1496.394 1408.0023699702078
1945.372 1822.2561838744673
2529.044 2366.4237435222294
3287.8160000000003 3074.1493123411674
4274.222 3990.6087665623077
5556.548 5176.802832612057
5556.7480000000005 5176.92758882206
11113.496000000001 10347.733587873749
16670.244 15492.219933852051
22226.992000000002 20553.840784572716
27783.74 25623.47496566234
33340.488 30706.3273565167
38897.236000000004 35777.67969303474
44453.984000000004 40889.48752758833
50010.732 46040.74010125161
55567.48 51161.15258913321
61124.228 56292.421721954575
66680.976 61456.66313661714
72237.724 66635.98237270779
77794.47200000001 71783.91235102099
83351.22 76857.88136073809
88907.96800000001 81931.47551999461
94464.716 87096.39841776581
100021.464 92302.95652366085
105578.212 97566.83387183696
111134.96 102802.04799068846
116691.708 108057.64123951267
122248.456 113419.88433887964
127805.204 118794.6773189394
133361.952 124144.97775349324
138918.7 129547.57662003476
144475.448 134800.83026695412
150032.196 140158.78689999218
155588.94400000002 145442.71187177673
161145.692 150801.8350231059
166702.44 155854.06403333685
172259.188 160912.46989485176
177815.93600000002 165974.83515333902
183372.684 170881.34237670345
188929.432 175696.70886229683
194486.18 180479.99109949855
200042.928 185415.1794943744
205599.676 190218.87754384393
211156.424 195003.9347219837
216713.172 199865.76797162832
222269.92 205381.92991115223
227826.668 210517.06388634047
