0.000000000000000000e+00 2.842739754838192567e+01 7.741421159999999873e+02 8.045725019999999859e+02
6.000000000000000125e-03 2.812422864838192638e+01 7.738851150000000416e+02 8.040043020000000524e+02
1.200000000000000025e-02 2.722666814838192550e+01 7.731237380000000030e+02 8.023214090000000169e+02
1.799999999999999864e-02 2.576936974838192640e+01 7.718855780000000095e+02 7.995863679999999931e+02
2.400000000000000050e-02 2.380713364838192447e+01 7.702139519999999493e+02 7.958977280000000292e+02
2.999999999999999889e-02 2.141117594838192772e+01 7.681648020000000088e+02 7.913832320000000209e+02
3.599999999999999728e-02 1.866456884838192565e+01 7.658029830000000402e+02 7.861915589999999838e+02
4.200000000000000261e-02 1.565735344838192589e+01 7.631983960000000025e+02 7.804835849999999482e+02
4.800000000000000100e-02 1.248180814838192632e+01 7.604223970000000463e+02 7.744240690000000313e+02
5.399999999999999939e-02 9.228258848381926782e+00 7.575447940000000244e+02 7.681744629999999461e+02
5.999999999999999778e-02 5.981693238381925681e+00 7.546316269999999804e+02 7.618872949999999946e+02
6.600000000000000311e-02 2.819296518381925853e+00 7.517437380000000076e+02 7.557022590000000264e+02
7.199999999999999456e-02 -1.911016366180742776e-01 7.489360649999999850e+02 7.497439200000000028e+02
7.799999999999999989e-02 -2.991777521618073976e+00 7.462574469999999565e+02 7.441207419999999502e+02
8.400000000000000522e-02 -5.535233751618074294e+00 7.437507510000000366e+02 7.389250419999999622e+02
8.999999999999999667e-02 -7.783886311618074316e+00 7.414530929999999671e+02 7.342334710000000086e+02
9.600000000000000200e-02 -9.623873451618074171e+00 7.394626150000000280e+02 7.302609250000000429e+02
1.079999999999999988e-01 -1.243228735161807386e+01 7.361765420000000404e+02 7.238946069999999509e+02
1.199999999999999956e-01 -1.382399735161807364e+01 7.340799789999999803e+02 7.201621860000000197e+02
1.320000000000000062e-01 -1.385179405161807331e+01 7.332046199999999772e+02 7.190512499999999818e+02
1.439999999999999891e-01 -1.267241025161807322e+01 7.334731769999999642e+02 7.203329569999999649e+02
1.559999999999999998e-01 -1.053252605161807409e+01 7.347084599999999455e+02 7.235858779999999797e+02
1.680000000000000104e-01 -7.746100571618073971e+00 7.366605939999999464e+02 7.282470349999999826e+02
1.799999999999999933e-01 -4.660703171618074236e+00 7.390467630000000554e+02 7.336862170000000560e+02
1.920000000000000040e-01 -1.698715371618074288e+00 7.415740039999999453e+02 7.391985630000000356e+02
2.159999999999999976e-01 3.113243038381925842e+00 7.461986030000000483e+02 7.487834890000000314e+02
2.399999999999999911e-01 5.544790208381925822e+00 7.495114210000000412e+02 7.548039459999999963e+02
2.640000000000000124e-01 5.775993158381925952e+00 7.512631280000000515e+02 7.571126329999999598e+02
2.879999999999999782e-01 4.774811698381926206e+00 7.517521490000000313e+02 7.568912780000000566e+02
3.119999999999999996e-01 3.468718678381926157e+00 7.514082789999999932e+02 7.554438559999999825e+02
3.360000000000000209e-01 2.329735918381925952e+00 7.505457860000000210e+02 7.535433669999999893e+02
3.599999999999999867e-01 1.439151188381925683e+00 7.493665969999999561e+02 7.514808309999999665e+02
3.840000000000000080e-01 7.598134313819256969e-01 7.480740570000000389e+02 7.494155359999999746e+02
4.319999999999999951e-01 -3.141932036180742904e-01 7.458895370000000185e+02 7.458368530000000192e+02
4.799999999999999822e-01 -9.583113226180742794e-01 7.448777340000000322e+02 7.438301940000000059e+02
5.280000000000000249e-01 -1.000191750618074193e+00 7.449824240000000373e+02 7.437367040000000316e+02
5.759999999999999565e-01 -2.979998826180742522e-01 7.458426050000000487e+02 7.453996379999999817e+02
6.239999999999999991e-01 6.706369923819257561e-01 7.470670880000000125e+02 7.478128699999999753e+02
6.720000000000000417e-01 1.061697288381925786e+00 7.477375799999999799e+02 7.490184169999999995e+02
7.199999999999999734e-01 5.379255293819257266e-01 7.472424469999999701e+02 7.480003420000000460e+02
7.680000000000000160e-01 8.855909568192572856e-02 7.465272119999999632e+02 7.467671040000000175e+02
8.639999999999999902e-01 1.753598853819257342e-01 7.463530779999999822e+02 7.466089210000000094e+02
9.599999999999999645e-01 8.367603888192573502e-02 7.464171270000000504e+02 7.465720340000000306e+02
1.056000000000000050e+00 8.640532658192573434e-02 7.463860230000000229e+02 7.465548519999999826e+02
1.151999999999999913e+00 2.184896943819257253e-01 7.464693809999999985e+02 7.468025870000000168e+02
1.247999999999999998e+00 9.861221728192573477e-02 7.463405360000000428e+02 7.465472200000000385e+02
1.344000000000000083e+00 1.158171583819257305e-01 7.463701760000000149e+02 7.465720440000000053e+02
1.439999999999999947e+00 8.002265288192572656e-02 7.463027899999999590e+02 7.464710189999999557e+02
1.536000000000000032e+00 1.036483853819257367e-01 7.463040260000000217e+02 7.465004639999999654e+02
1.727999999999999980e+00 9.581760218192572620e-02 7.463061969999999974e+02 7.464803520000000390e+02
1.919999999999999929e+00 1.014720553819257326e-01 7.462824419999999463e+02 7.464579629999999497e+02
2.112000000000000099e+00 1.009552603819257321e-01 7.462808069999999816e+02 7.464506800000000339e+02
2.303999999999999826e+00 1.091868693819257330e-01 7.462536189999999579e+02 7.464191789999999855e+02
2.495999999999999996e+00 1.160562093819257345e-01 7.462661620000000084e+02 7.464360910000000331e+02
2.688000000000000167e+00 1.230509453819257359e-01 7.462497059999999465e+02 7.464261729999999488e+02
2.879999999999999893e+00 1.322130493819257402e-01 7.462449149999999918e+02 7.464139330000000427e+02
3.072000000000000064e+00 1.391877773819257258e-01 7.462394000000000460e+02 7.464177849999999808e+02
3.455999999999999961e+00 1.504001843819257334e-01 7.462351400000000012e+02 7.464213119999999435e+02
3.839999999999999858e+00 1.546677253819257192e-01 7.462286490000000185e+02 7.464193460000000186e+02
4.224000000000000199e+00 1.559379693819257229e-01 7.462359279999999444e+02 7.464307300000000396e+02
4.607999999999999652e+00 1.539091443819257388e-01 7.462410889999999881e+02 7.464386640000000170e+02
4.991999999999999993e+00 1.506276823819257260e-01 7.462482860000000073e+02 7.464472600000000284e+02
5.376000000000000334e+00 1.502732213819257256e-01 7.462479160000000320e+02 7.464454190000000153e+02
5.759999999999999787e+00 1.479077373819257246e-01 7.462435679999999820e+02 7.464420659999999543e+02
6.144000000000000128e+00 1.456375523819257445e-01 7.462412749999999733e+02 7.464389429999999948e+02
6.911999999999999922e+00 1.416003333819257359e-01 7.462384630000000243e+02 7.464257939999999962e+02
7.679999999999999716e+00 1.422914293819257381e-01 7.462368519999999990e+02 7.464243269999999484e+02
8.448000000000000398e+00 1.426523563819257212e-01 7.462319820000000163e+02 7.464178679999999986e+02
9.215999999999999304e+00 1.380560483819257278e-01 7.462300259999999525e+02 7.464123899999999594e+02
9.983999999999999986e+00 1.367007843819257329e-01 7.462246549999999843e+02 7.464031790000000228e+02
1.075200000000000067e+01 1.342811763819257431e-01 7.462192680000000564e+02 7.463999209999999493e+02
1.151999999999999957e+01 1.339102703819257389e-01 7.462226729999999861e+02 7.463993759999999611e+02
1.228800000000000026e+01 1.334761773819257424e-01 7.462224019999999882e+02 7.464012860000000273e+02
1.382399999999999984e+01 1.305136813819257335e-01 7.462181869999999435e+02 7.463893590000000131e+02
1.535999999999999943e+01 1.301937213819257255e-01 7.462181739999999763e+02 7.463900190000000521e+02
1.689600000000000080e+01 1.288061283819257330e-01 7.462145289999999704e+02 7.463856939999999440e+02
1.843199999999999861e+01 1.281990783819257351e-01 7.462084660000000440e+02 7.463779329999999845e+02
1.996799999999999997e+01 1.281157383819257201e-01 7.462058230000000094e+02 7.463779799999999796e+02
2.150400000000000134e+01 1.246590813819257182e-01 7.462037679999999682e+02 7.463702889999999570e+02
2.303999999999999915e+01 1.257669643819257221e-01 7.462065450000000055e+02 7.463712199999999939e+02
2.457600000000000051e+01 1.242367683819257246e-01 7.462058759999999893e+02 7.463701320000000123e+02
2.764799999999999969e+01 1.226769133819257257e-01 7.462018960000000334e+02 7.463651190000000497e+02
3.071999999999999886e+01 1.207350723819257260e-01 7.462021549999999479e+02 7.463630080000000362e+02
3.379200000000000159e+01 1.202652933819257364e-01 7.461933820000000424e+02 7.463517679999999928e+02
3.686399999999999721e+01 1.180513463819257286e-01 7.461961139999999659e+02 7.463523139999999785e+02
3.993599999999999994e+01 1.170484133819257311e-01 7.461986239999999952e+02 7.463529859999999871e+02
4.300800000000000267e+01 1.166880183819257316e-01 7.461941130000000157e+02 7.463488240000000360e+02
4.607999999999999829e+01 1.148472513819257246e-01 7.461891719999999850e+02 7.463409110000000055e+02
4.915200000000000102e+01 1.140560553819257306e-01 7.461886980000000449e+02 7.463399319999999761e+02
5.529599999999999937e+01 1.125047483819257288e-01 7.461872530000000552e+02 7.463367580000000316e+02
6.143999999999999773e+01 1.108209363819257359e-01 7.461829729999999472e+02 7.463302169999999478e+02
6.758400000000000318e+01 1.100153843819257349e-01 7.461793940000000021e+02 7.463256999999999834e+02
7.372799999999999443e+01 1.076790733819257273e-01 7.461800490000000536e+02 7.463237830000000486e+02
7.987199999999999989e+01 1.072085043819257372e-01 7.461745429999999715e+02 7.463173070000000280e+02
8.601600000000000534e+01 1.061397503819257321e-01 7.461745720000000119e+02 7.463156699999999546e+02
9.215999999999999659e+01 1.048709993819257336e-01 7.461708929999999782e+02 7.463100369999999657e+02
9.830400000000000205e+01 1.038509553819257358e-01 7.461696739999999863e+02 7.463068580000000338e+02
1.105919999999999987e+02 1.021556293819257250e-01 7.461672449999999799e+02 7.463016750000000457e+02
1.228799999999999955e+02 1.000108843819257354e-01 7.461609799999999950e+02 7.462940820000000031e+02
1.351680000000000064e+02 9.804426858192573369e-02 7.461577119999999468e+02 7.462883359999999584e+02
1.474559999999999889e+02 9.624369808192573261e-02 7.461552759999999580e+02 7.462835270000000492e+02
1.597439999999999998e+02 9.459906928192572673e-02 7.461493829999999434e+02 7.462749700000000530e+02
1.720320000000000107e+02 9.282862178192573255e-02 7.461453320000000531e+02 7.462691029999999728e+02
1.843199999999999932e+02 9.127099688192573390e-02 7.461438859999999522e+02 7.462659290000000283e+02
1.966080000000000041e+02 8.940304148192572409e-02 7.461394199999999728e+02 7.462585850000000391e+02
2.211839999999999975e+02 8.657907708192573437e-02 7.461334779999999682e+02 7.462491129999999657e+02
2.457599999999999909e+02 8.390107408192573613e-02 7.461250860000000102e+02 7.462378149999999550e+02
2.703360000000000127e+02 8.151286258192573519e-02 7.461206300000000056e+02 7.462298600000000306e+02
2.949119999999999777e+02 7.929382068192572519e-02 7.461134150000000318e+02 7.462198379999999815e+02
3.194879999999999995e+02 7.698923928192573374e-02 7.461058460000000423e+02 7.462091390000000501e+02
3.440640000000000214e+02 7.477279778192573445e-02 7.461044900000000553e+02 7.462039409999999862e+02
3.686399999999999864e+02 7.284205618192572673e-02 7.460982490000000098e+02 7.461960100000000011e+02
3.932160000000000082e+02 7.080909938192572750e-02 7.460943939999999657e+02 7.461898929999999837e+02
4.423679999999999950e+02 6.711199018192573473e-02 7.460886809999999514e+02 7.461795369999999821e+02
4.915199999999999818e+02 6.370413748192572945e-02 7.460800659999999880e+02 7.461669739999999820e+02
5.406720000000000255e+02 6.066846698192573245e-02 7.460714689999999791e+02 7.461551490000000513e+02
5.898239999999999554e+02 5.792491188192572943e-02 7.460605160000000069e+02 7.461392640000000256e+02
6.389759999999999991e+02 5.540959568192573015e-02 7.460534040000000005e+02 7.461279980000000478e+02
6.881280000000000427e+02 5.288822478192573007e-02 7.460474239999999782e+02 7.461186569999999847e+02
7.372799999999999727e+02 5.046809758192573325e-02 7.460428859999999531e+02 7.461112630000000081e+02
7.864320000000000164e+02 4.864566158192572959e-02 7.460403069999999843e+02 7.461056690000000344e+02
8.847359999999999900e+02 4.439666788192572766e-02 7.460342409999999518e+02 7.460929660000000467e+02
9.830399999999999636e+02 4.099547628192572873e-02 7.460346919999999500e+02 7.460881859999999506e+02
1.081339999999999918e+03 3.842136688192573230e-02 7.460272969999999759e+02 7.460769510000000082e+02
1.179650000000000091e+03 3.550332758192573102e-02 7.460224080000000413e+02 7.460672389999999723e+02
1.277950000000000045e+03 3.328031868192573434e-02 7.460183690000000070e+02 7.460607690000000503e+02
1.376259999999999991e+03 3.126298498192572883e-02 7.460113999999999805e+02 7.460501779999999599e+02
1.474559999999999945e+03 2.954740418192573423e-02 7.460058159999999816e+02 7.460425930000000108e+02
1.572859999999999900e+03 2.780980378192573349e-02 7.460000589999999647e+02 7.460352659999999787e+02
1.769470000000000027e+03 2.495524908192573582e-02 7.459885669999999891e+02 7.460207070000000158e+02
1.966079999999999927e+03 2.146247418192573364e-02 7.459761320000000069e+02 7.460035179999999855e+02
2.162690000000000055e+03 1.836286678192573449e-02 7.459606629999999541e+02 7.459852039999999533e+02
2.359300000000000182e+03 1.568745728192573463e-02 7.459494600000000446e+02 7.459710069999999860e+02
2.555900000000000091e+03 1.231524018192573476e-02 7.459367879999999786e+02 7.459555840000000444e+02
2.752510000000000218e+03 1.038951128192573507e-02 7.459208340000000135e+02 7.459377180000000180e+02
2.949119999999999891e+03 8.584075591925734161e-03 7.459115030000000388e+02 7.459258740000000216e+02
3.145730000000000018e+03 7.299525011925734122e-03 7.458996859999999742e+02 7.459122999999999593e+02
3.538940000000000055e+03 5.225376311925734700e-03 7.458890189999999620e+02 7.458976030000000037e+02
3.932159999999999854e+03 3.404474511925734224e-03 7.458896220000000312e+02 7.458963589999999613e+02
4.325380000000000109e+03 2.354332631925734609e-03 7.458861560000000281e+02 7.458935930000000099e+02
4.718590000000000146e+03 1.458778681925734181e-03 7.458775600000000168e+02 7.458855589999999438e+02
5.111810000000000400e+03 -1.814057330742657487e-04 7.458609569999999849e+02 7.458685030000000324e+02
5.505020000000000437e+03 -1.518948758074265904e-03 7.458468779999999470e+02 7.458528529999999819e+02
5.898239999999999782e+03 -1.971758298074265895e-03 7.458475049999999555e+02 7.458506240000000389e+02
6.291460000000000036e+03 -3.533442348074265511e-03 7.458525630000000319e+02 7.458521170000000211e+02
7.077890000000000327e+03 -5.644454428074265409e-03 7.458739669999999933e+02 7.458691370000000234e+02
7.864319999999999709e+03 -6.265887678074265506e-03 7.458720499999999447e+02 7.458668189999999640e+02
8.650750000000000000e+03 -5.446512128074265310e-03 7.458379449999999906e+02 7.458353889999999637e+02
9.437180000000000291e+03 -3.280156658074265437e-03 7.458192340000000513e+02 7.458169759999999542e+02
1.022360000000000036e+04 -3.242536048074265778e-03 7.458119189999999890e+02 7.458086479999999483e+02
1.101000000000000000e+04 -3.615324248074265612e-03 7.458113630000000285e+02 7.458081250000000182e+02
1.179650000000000000e+04 -5.902851898074265753e-03 7.457903880000000072e+02 7.457850180000000364e+02
1.258289999999999964e+04 -5.324398848074265479e-03 7.457666510000000244e+02 7.457608699999999544e+02
1.415579999999999927e+04 -1.375618628074265883e-03 7.457300689999999577e+02 7.457242680000000519e+02
1.572860000000000036e+04 2.319497191925734211e-03 7.458129320000000462e+02 7.458112260000000333e+02
1.730150000000000000e+04 2.439165041925734235e-03 7.458065179999999827e+02 7.458063019999999597e+02
1.887440000000000146e+04 1.985002611925734510e-03 7.457803930000000037e+02 7.457796140000000378e+02
2.044720000000000073e+04 2.322016131925734323e-03 7.456906900000000178e+02 7.456916220000000521e+02
2.202009999999999854e+04 2.218814021925734608e-03 7.456382969999999659e+02 7.456360809999999901e+02
2.359300000000000000e+04 1.776607111925734015e-03 7.456198719999999867e+02 7.456173690000000533e+02
2.516579999999999927e+04 1.122694071925734284e-03 7.456243849999999611e+02 7.456244369999999435e+02
2.831159999999999854e+04 -1.224246748074265742e-03 7.454779519999999593e+02 7.454771009999999478e+02
3.145729999999999927e+04 8.555190619257341863e-04 7.452968509999999469e+02 7.452920530000000099e+02
3.460300000000000000e+04 -1.026157587074265701e-03 7.452854350000000068e+02 7.452794519999999920e+02
3.774869999999999709e+04 2.720223941925734371e-03 7.453672020000000202e+02 7.453699500000000171e+02
4.089450000000000000e+04 2.975452631925734354e-03 7.452311120000000528e+02 7.452352339999999913e+02
4.404019999999999709e+04 2.938196791925734314e-03 7.450210739999999987e+02 7.450249659999999494e+02
4.718590000000000146e+04 2.059891141925734512e-03 7.449742559999999685e+02 7.449770140000000538e+02
5.033159999999999854e+04 -6.442453880742657520e-04 7.449886089999999967e+02 7.449851529999999684e+02
5.662309999999999854e+04 1.286672821925734277e-03 7.448913380000000188e+02 7.448892290000000003e+02
6.291459999999999854e+04 2.879274031925734435e-03 7.448251209999999674e+02 7.448349970000000440e+02
6.920600000000000000e+04 3.379877821925734386e-03 7.450188920000000508e+02 7.450287419999999656e+02
7.549750000000000000e+04 -1.067677140074265721e-03 7.451529849999999442e+02 7.451549169999999549e+02
8.178889999999999418e+04 1.019758771925734220e-03 7.452065679999999475e+02 7.452062339999999949e+02
8.808039999999999418e+04 4.519739559257342850e-04 7.452240379999999504e+02 7.452260929999999917e+02
9.437180000000000291e+04 1.887967581925734323e-03 7.451316319999999678e+02 7.451325170000000071e+02
1.006630000000000000e+05 -4.955460920742657755e-04 7.450838380000000143e+02 7.450827870000000530e+02
1.132460000000000000e+05 -3.351767483742657330e-04 7.445696140000000014e+02 7.445701659999999720e+02
1.258290000000000000e+05 1.514133281925734249e-03 7.443204899999999498e+02 7.443241779999999608e+02
1.384120000000000000e+05 -9.948051070742657681e-04 7.447554750000000467e+02 7.447548379999999497e+02
1.509950000000000000e+05 1.084426591925734219e-03 7.453351820000000316e+02 7.453361979999999676e+02
1.635780000000000000e+05 -3.109723548074265660e-03 7.460418019999999615e+02 7.460388639999999896e+02
1.761610000000000000e+05 1.060797621925734261e-03 7.457124219999999468e+02 7.457146219999999630e+02
1.887440000000000000e+05 9.019252092573425009e-05 7.463227120000000241e+02 7.463266889999999876e+02
2.013270000000000000e+05 -2.546896180742657593e-04 7.452864090000000488e+02 7.452879719999999679e+02
2.264920000000000000e+05 -1.973008508074265872e-03 7.458642760000000180e+02 7.458634960000000547e+02
2.516580000000000000e+05 -1.149031475074265745e-03 7.483429250000000366e+02 7.483450790000000552e+02
2.768240000000000000e+05 -1.588574568074265728e-03 7.479927519999999959e+02 7.479959700000000566e+02
3.019900000000000000e+05 -2.133681770742657533e-04 7.474969350000000077e+02 7.475038110000000415e+02
3.271560000000000000e+05 2.836310159257342104e-04 7.507240860000000566e+02 7.507275180000000319e+02
3.523220000000000000e+05 -3.112859648074265632e-03 7.544064580000000433e+02 7.544068630000000439e+02
