0.000000000000000000e+00 4.330968593273260581e+01 3.361842199999999821e+02 3.818158030000000167e+02
6.000000000000000125e-03 4.285011613273260878e+01 3.357810289999999895e+02 3.809519020000000182e+02
1.200000000000000025e-02 4.149173003273260463e+01 3.345887329999999906e+02 3.783975629999999910e+02
1.799999999999999864e-02 3.929347213273260309e+01 3.326570770000000152e+02 3.742606809999999768e+02
2.400000000000000050e-02 3.634804283273260239e+01 3.300638139999999794e+02 3.687104029999999852e+02
2.999999999999999889e-02 3.277475483273260437e+01 3.269083939999999870e+02 3.619638199999999983e+02
3.599999999999999728e-02 2.871093903273260395e+01 3.233045569999999884e+02 3.542701309999999921e+02
4.200000000000000261e-02 2.430294313273260443e+01 3.193728370000000041e+02 3.458943340000000148e+02
4.800000000000000100e-02 1.969766653273260459e+01 3.152338690000000270e+02 3.371022449999999822e+02
5.399999999999999939e-02 1.503535783273260584e+01 3.110031010000000151e+02 3.281481620000000134e+02
5.999999999999999778e-02 1.044409983273260600e+01 3.067871719999999982e+02 3.192658420000000206e+02
6.600000000000000311e-02 6.036114822732606022e+00 3.026818739999999934e+02 3.106628529999999841e+02
7.199999999999999456e-02 1.905769272732606323e+00 2.987713810000000194e+02 3.025178319999999985e+02
7.799999999999999989e-02 -1.871015967267393609e+00 2.951282640000000015e+02 2.949799039999999763e+02
8.400000000000000522e-02 -5.236331547267393915e+00 2.918138169999999718e+02 2.881693809999999871e+02
8.999999999999999667e-02 -8.149213447267394272e+00 2.888783020000000192e+02 2.821789850000000115e+02
9.600000000000000200e-02 -1.046203186726739531e+01 2.864722830000000044e+02 2.773067940000000249e+02
1.079999999999999988e-01 -1.387059176726739373e+01 2.827940879999999879e+02 2.698974190000000135e+02
1.199999999999999956e-01 -1.540461426726739447e+01 2.809420789999999784e+02 2.661739670000000046e+02
1.320000000000000062e-01 -1.528986706726739442e+01 2.807750149999999962e+02 2.657833909999999946e+02
1.439999999999999891e-01 -1.388398766726739453e+01 2.819597949999999855e+02 2.680472579999999994e+02
1.559999999999999998e-01 -1.162773056726739540e+01 2.840338219999999865e+02 2.720739629999999920e+02
1.680000000000000104e-01 -8.982712197267394671e+00 2.865003120000000081e+02 2.769175010000000157e+02
1.799999999999999933e-01 -6.363921807267393760e+00 2.889251489999999762e+02 2.817418119999999817e+02
1.920000000000000040e-01 -4.210700407267394141e+00 2.908783680000000231e+02 2.857068959999999720e+02
2.159999999999999976e-01 -1.213861437267393706e+00 2.935273270000000139e+02 2.912446249999999850e+02
2.399999999999999911e-01 2.020895923260619328e-02 2.945184560000000147e+02 2.936180439999999976e+02
2.640000000000000124e-01 5.800296757326062203e-01 2.949045110000000136e+02 2.948764820000000100e+02
2.879999999999999782e-01 1.426224312732606192e+00 2.956864979999999719e+02 2.968643250000000080e+02
3.119999999999999996e-01 2.716741312732606328e+00 2.970903240000000096e+02 2.998812540000000126e+02
3.360000000000000209e-01 3.924827142732606244e+00 2.985388760000000161e+02 3.027936290000000099e+02
3.599999999999999867e-01 4.456007052732606333e+00 2.993326460000000111e+02 3.043158829999999853e+02
3.840000000000000080e-01 4.022874762732606690e+00 2.990899679999999989e+02 3.037783989999999790e+02
4.319999999999999951e-01 2.449885432732606283e+00 2.977222479999999791e+02 3.009654219999999896e+02
4.799999999999999822e-01 1.076723762732606282e+00 2.964723179999999729e+02 2.981865139999999883e+02
5.280000000000000249e-01 -8.488854716739381578e-02 2.953168279999999868e+02 2.955208489999999983e+02
5.759999999999999565e-01 -9.329119262673938318e-01 2.943062019999999848e+02 2.933610969999999725e+02
6.239999999999999991e-01 -8.304682642673938409e-01 2.943470730000000231e+02 2.933890920000000051e+02
6.720000000000000417e-01 -2.544222922673938236e-01 2.948992890000000102e+02 2.945552270000000021e+02
7.199999999999999734e-01 1.682795127326061901e-01 2.951551440000000071e+02 2.953537739999999872e+02
7.680000000000000160e-01 5.732861927326061702e-01 2.954925299999999879e+02 2.962455239999999890e+02
8.639999999999999902e-01 9.333729927326062104e-01 2.958580559999999764e+02 2.971428290000000061e+02
9.599999999999999645e-01 5.495822917326061985e-01 2.954757979999999975e+02 2.963179959999999937e+02
1.056000000000000050e+00 2.448707947326062007e-01 2.951385569999999916e+02 2.955606230000000210e+02
1.151999999999999913e+00 2.883602377326061617e-01 2.951133669999999825e+02 2.955516670000000090e+02
1.247999999999999998e+00 4.396603787326061608e-01 2.952289010000000076e+02 2.958727710000000002e+02
1.344000000000000083e+00 4.952558967326061712e-01 2.952736479999999801e+02 2.960184610000000021e+02
1.439999999999999947e+00 4.225893497326062009e-01 2.951854850000000283e+02 2.958180520000000229e+02
1.536000000000000032e+00 3.691809687326061962e-01 2.951346110000000067e+02 2.956759289999999964e+02
1.727999999999999980e+00 3.849585327326061623e-01 2.951425160000000005e+02 2.957086949999999774e+02
1.919999999999999929e+00 3.960368927326061717e-01 2.951331129999999803e+02 2.956968590000000177e+02
2.112000000000000099e+00 3.867858187326062014e-01 2.951292399999999816e+02 2.956628479999999968e+02
2.303999999999999826e+00 4.040265987326062125e-01 2.951078509999999824e+02 2.956478149999999800e+02
2.495999999999999996e+00 4.084946687326062031e-01 2.951321530000000166e+02 2.956729260000000181e+02
2.688000000000000167e+00 4.208296127326061620e-01 2.951209049999999934e+02 2.956643990000000031e+02
2.879999999999999893e+00 4.186732137326061864e-01 2.951108859999999936e+02 2.956533029999999940e+02
3.072000000000000064e+00 4.292859007326061960e-01 2.951207999999999743e+02 2.956792720000000259e+02
3.455999999999999961e+00 4.438755767326061918e-01 2.951345739999999864e+02 2.957096779999999967e+02
3.839999999999999858e+00 4.572741107326062093e-01 2.951438790000000267e+02 2.957409819999999741e+02
4.224000000000000199e+00 4.606790787326061620e-01 2.951614490000000046e+02 2.957638259999999946e+02
4.607999999999999652e+00 4.658838997326061881e-01 2.951684870000000274e+02 2.957784439999999790e+02
4.991999999999999993e+00 4.662998697326061759e-01 2.951722970000000146e+02 2.957904250000000275e+02
5.376000000000000334e+00 4.675439267326061965e-01 2.951814769999999726e+02 2.958016910000000053e+02
5.759999999999999787e+00 4.709444327326061663e-01 2.951804050000000075e+02 2.958088300000000004e+02
6.144000000000000128e+00 4.713152697326061791e-01 2.951890220000000227e+02 2.958149859999999762e+02
6.911999999999999922e+00 4.705945987326061730e-01 2.951841380000000186e+02 2.958084240000000023e+02
7.679999999999999716e+00 4.688466557326061990e-01 2.951802450000000135e+02 2.957955860000000143e+02
8.448000000000000398e+00 4.679759637326061927e-01 2.951830790000000206e+02 2.957990710000000263e+02
9.215999999999999304e+00 4.616956187326061722e-01 2.951782069999999862e+02 2.957876200000000040e+02
9.983999999999999986e+00 4.586066357326061826e-01 2.951690370000000030e+02 2.957766090000000077e+02
1.075200000000000067e+01 4.577937667326061888e-01 2.951640550000000189e+02 2.957679969999999798e+02
1.151999999999999957e+01 4.565758117326061960e-01 2.951655400000000213e+02 2.957709770000000162e+02
1.228800000000000026e+01 4.543684257326061626e-01 2.951579790000000116e+02 2.957593969999999786e+02
1.382399999999999984e+01 4.499505347326062110e-01 2.951440830000000233e+02 2.957375000000000114e+02
1.535999999999999943e+01 4.483405267326061594e-01 2.951436160000000086e+02 2.957369889999999941e+02
1.689600000000000080e+01 4.441490917326061938e-01 2.951347799999999779e+02 2.957189079999999990e+02
1.843199999999999861e+01 4.421553247326062142e-01 2.951388220000000047e+02 2.957228499999999940e+02
1.996799999999999997e+01 4.393933437326061897e-01 2.951331720000000018e+02 2.957126119999999787e+02
2.150400000000000134e+01 4.371654297326061922e-01 2.951272799999999847e+02 2.957045630000000074e+02
2.303999999999999915e+01 4.361230327326061640e-01 2.951206770000000006e+02 2.956956369999999765e+02
2.457600000000000051e+01 4.321496217326061817e-01 2.951189830000000143e+02 2.956890240000000176e+02
2.764799999999999969e+01 4.275377307326062026e-01 2.951126699999999801e+02 2.956778009999999881e+02
3.071999999999999886e+01 4.219948157326061655e-01 2.951063260000000241e+02 2.956641109999999912e+02
3.379200000000000159e+01 4.199636277326062039e-01 2.950986819999999966e+02 2.956528779999999870e+02
3.686399999999999721e+01 4.148404947326062020e-01 2.950886840000000007e+02 2.956388309999999819e+02
3.993599999999999994e+01 4.103338087326061645e-01 2.950832100000000082e+02 2.956256829999999809e+02
4.300800000000000267e+01 4.069184587326061808e-01 2.950735419999999749e+02 2.956133189999999900e+02
4.607999999999999829e+01 4.044183877326061882e-01 2.950708189999999718e+02 2.956049649999999929e+02
4.915200000000000102e+01 4.000888157326061845e-01 2.950624920000000202e+02 2.955911199999999894e+02
5.529599999999999937e+01 3.926460827326062053e-01 2.950508019999999760e+02 2.955699119999999880e+02
6.143999999999999773e+01 3.857825257326061852e-01 2.950380710000000022e+02 2.955472770000000082e+02
6.758400000000000318e+01 3.795795927326061636e-01 2.950298240000000192e+02 2.955315570000000207e+02
7.372799999999999443e+01 3.734730647326061637e-01 2.950192049999999995e+02 2.955134610000000066e+02
7.987199999999999989e+01 3.669835797326062021e-01 2.950045200000000136e+02 2.954896439999999984e+02
8.601600000000000534e+01 3.622457137326061671e-01 2.949956460000000220e+02 2.954761209999999778e+02
9.215999999999999659e+01 3.558238257326061804e-01 2.949844879999999989e+02 2.954559120000000121e+02
9.830400000000000205e+01 3.505635677326061628e-01 2.949730779999999868e+02 2.954369090000000142e+02
1.105919999999999987e+02 3.401514637326061852e-01 2.949515420000000177e+02 2.954027130000000056e+02
1.228799999999999955e+02 3.301452087326061657e-01 2.949376649999999813e+02 2.953761000000000081e+02
1.351680000000000064e+02 3.205811977326061823e-01 2.949213930000000232e+02 2.953473759999999970e+02
1.474559999999999889e+02 3.111263607326061886e-01 2.949034340000000043e+02 2.953186699999999973e+02
1.597439999999999998e+02 3.020990827326061612e-01 2.948899589999999762e+02 2.952922130000000038e+02
1.720320000000000107e+02 2.929088177326061859e-01 2.948788969999999949e+02 2.952696910000000230e+02
1.843199999999999932e+02 2.854105997326061850e-01 2.948648929999999950e+02 2.952466580000000249e+02
1.966080000000000041e+02 2.775036057326061845e-01 2.948512779999999793e+02 2.952231729999999743e+02
2.211839999999999975e+02 2.620903187326061867e-01 2.948267989999999941e+02 2.951790790000000015e+02
2.457599999999999909e+02 2.485960467326061851e-01 2.948011690000000158e+02 2.951370539999999778e+02
2.703360000000000127e+02 2.352005147326061973e-01 2.947831830000000082e+02 2.951023069999999962e+02
2.949119999999999777e+02 2.228802657326061920e-01 2.947632459999999810e+02 2.950680389999999989e+02
3.194879999999999995e+02 2.113188127326061927e-01 2.947452910000000088e+02 2.950349449999999933e+02
3.440640000000000214e+02 2.004261097326061891e-01 2.947292620000000056e+02 2.950039409999999975e+02
3.686399999999999864e+02 1.900841307326061880e-01 2.947146190000000274e+02 2.949748050000000035e+02
3.932160000000000082e+02 1.807738787326061969e-01 2.947000610000000052e+02 2.949472690000000057e+02
4.423679999999999950e+02 1.634292397326061741e-01 2.946692689999999857e+02 2.948912119999999959e+02
4.915199999999999818e+02 1.474617057326061964e-01 2.946392700000000104e+02 2.948398730000000114e+02
5.406720000000000255e+02 1.330407887326061911e-01 2.946122960000000148e+02 2.947935269999999832e+02
5.898239999999999554e+02 1.195696697326061875e-01 2.945902869999999893e+02 2.947514840000000049e+02
6.389759999999999991e+02 1.087891947326061898e-01 2.945784039999999777e+02 2.947257359999999835e+02
6.881280000000000427e+02 9.883506773260618272e-02 2.945667329999999993e+02 2.947029790000000276e+02
7.372799999999999727e+02 8.936697023260618822e-02 2.945580909999999903e+02 2.946836660000000165e+02
7.864320000000000164e+02 8.161768273260618101e-02 2.945453160000000139e+02 2.946604869999999892e+02
8.847359999999999900e+02 6.656755903260619389e-02 2.945209909999999809e+02 2.946155279999999834e+02
9.830399999999999636e+02 5.396442413260619381e-02 2.945153970000000072e+02 2.945939460000000167e+02
1.081339999999999918e+03 4.529095833260619181e-02 2.945072549999999865e+02 2.945754580000000260e+02
1.179650000000000091e+03 3.869572163260619202e-02 2.944975840000000176e+02 2.945603709999999751e+02
1.277950000000000045e+03 3.103094623260619495e-02 2.944944049999999720e+02 2.945495399999999790e+02
1.376259999999999991e+03 2.403239643260619493e-02 2.944920529999999985e+02 2.945417069999999740e+02
1.474559999999999945e+03 1.863412073260619500e-02 2.944968769999999836e+02 2.945432819999999765e+02
1.572859999999999900e+03 1.633889183260619354e-02 2.944884359999999788e+02 2.945325960000000123e+02
1.769470000000000027e+03 1.317050393260619373e-02 2.944717800000000238e+02 2.945115299999999934e+02
1.966079999999999927e+03 1.192503813260619404e-02 2.944498649999999884e+02 2.944916949999999929e+02
2.162690000000000055e+03 1.063469343260619454e-02 2.944342700000000264e+02 2.944724059999999781e+02
2.359300000000000182e+03 1.100940593260619355e-02 2.944286640000000261e+02 2.944603609999999776e+02
2.555900000000000091e+03 1.053431913260619371e-02 2.944255329999999731e+02 2.944526740000000018e+02
2.752510000000000218e+03 1.044536913260619461e-02 2.944219130000000177e+02 2.944476950000000102e+02
2.949119999999999891e+03 8.809101832606193797e-03 2.944390779999999950e+02 2.944604310000000282e+02
3.145730000000000018e+03 4.152053732606192891e-03 2.944507310000000189e+02 2.944641829999999914e+02
3.538940000000000055e+03 2.640792452606193289e-03 2.944565479999999980e+02 2.944727710000000229e+02
3.932159999999999854e+03 4.161233952606193005e-03 2.944239660000000072e+02 2.944380120000000147e+02
4.325380000000000109e+03 2.560516472606193424e-03 2.944218119999999885e+02 2.944358070000000112e+02
4.718590000000000146e+03 -4.548829107393806415e-03 2.944334160000000224e+02 2.944429789999999798e+02
5.111810000000000400e+03 -5.019104177393807036e-03 2.944355590000000120e+02 2.944338920000000144e+02
5.505020000000000437e+03 -4.779847887393807136e-03 2.944210120000000188e+02 2.944215429999999856e+02
5.898239999999999782e+03 -5.802490187393806627e-03 2.943782459999999901e+02 2.943920279999999821e+02
6.291460000000000036e+03 -7.292613357393807130e-03 2.943327590000000100e+02 2.943518310000000042e+02
7.077890000000000327e+03 -1.261110196739380525e-02 2.943049270000000206e+02 2.943020720000000097e+02
7.864319999999999709e+03 -5.890224297393806957e-03 2.942860279999999875e+02 2.942869660000000067e+02
8.650750000000000000e+03 -2.489023447393806827e-03 2.943560350000000199e+02 2.943661119999999869e+02
9.437180000000000291e+03 -1.277244517393806697e-03 2.943496860000000197e+02 2.943531719999999723e+02
1.022360000000000036e+04 -4.823932517393807011e-03 2.943775469999999927e+02 2.943740549999999985e+02
1.101000000000000000e+04 1.841091282606193433e-03 2.943701429999999846e+02 2.943673969999999827e+02
1.179650000000000000e+04 7.714029102606192491e-03 2.943919999999999959e+02 2.943982050000000186e+02
1.258289999999999964e+04 5.207648672606193449e-03 2.944189000000000078e+02 2.944299809999999979e+02
1.415579999999999927e+04 4.921929232606193222e-03 2.943439430000000243e+02 2.943493379999999888e+02
1.572860000000000036e+04 4.289026092606193150e-03 2.942602140000000190e+02 2.942690269999999941e+02
1.730150000000000000e+04 8.309932472606194540e-03 2.942112440000000220e+02 2.942193179999999870e+02
1.887440000000000146e+04 -4.243210757393806390e-03 2.942042519999999968e+02 2.942066500000000246e+02
2.044720000000000073e+04 -3.440896747393807145e-03 2.942350050000000010e+02 2.942372750000000110e+02
2.202009999999999854e+04 -1.339722986293806831e-03 2.942459749999999872e+02 2.942400079999999889e+02
2.359300000000000000e+04 -5.286093527393806966e-03 2.943163900000000126e+02 2.943171310000000176e+02
2.516579999999999927e+04 -2.361253467393806607e-03 2.943073909999999955e+02 2.943101120000000037e+02
2.831159999999999854e+04 -3.934566847393806618e-03 2.943563310000000115e+02 2.943402290000000221e+02
3.145729999999999927e+04 -6.022453427393806638e-03 2.944190219999999840e+02 2.943990120000000275e+02
3.460300000000000000e+04 -5.672619053938066959e-04 2.944433670000000234e+02 2.944352739999999926e+02
3.774869999999999709e+04 -9.502459777393806872e-03 2.946697360000000003e+02 2.946666519999999991e+02
4.089450000000000000e+04 -3.043328617393806744e-03 2.946197109999999952e+02 2.946165290000000141e+02
4.404019999999999709e+04 -6.857884837393806929e-03 2.948339429999999766e+02 2.948194609999999898e+02
4.718590000000000146e+04 -4.913312527393806986e-03 2.949104080000000181e+02 2.948979580000000169e+02
5.033159999999999854e+04 -4.115311913938067556e-04 2.947437189999999987e+02 2.947441840000000184e+02
5.662309999999999854e+04 1.023621832606193141e-03 2.945250560000000064e+02 2.945365170000000035e+02
6.291459999999999854e+04 4.853771252606192688e-03 2.944969459999999799e+02 2.945056529999999952e+02
6.920600000000000000e+04 4.945586412606193215e-03 2.945280240000000163e+02 2.945423440000000141e+02
7.549750000000000000e+04 -4.494432043938067839e-04 2.948962020000000166e+02 2.948984259999999722e+02
8.178889999999999418e+04 2.267522872606193146e-03 2.949356910000000198e+02 2.949401080000000093e+02
8.808039999999999418e+04 1.980382542606193633e-03 2.953574499999999716e+02 2.953644449999999892e+02
9.437180000000000291e+04 5.145180126061932660e-04 2.952323930000000018e+02 2.952326729999999770e+02
1.006630000000000000e+05 -2.132514287393806954e-03 2.948166949999999815e+02 2.948097189999999728e+02
1.132460000000000000e+05 -4.798655043938067789e-04 2.944541649999999890e+02 2.944571230000000241e+02
1.258290000000000000e+05 -3.304347517393806631e-03 2.943980389999999829e+02 2.943925080000000207e+02
1.384120000000000000e+05 1.908119662606193442e-03 2.942552890000000048e+02 2.942643530000000283e+02
1.509950000000000000e+05 4.692477992606193006e-03 2.943992059999999924e+02 2.944115719999999783e+02
1.635780000000000000e+05 3.720440732606192930e-03 2.942919180000000097e+02 2.943021039999999857e+02
1.761610000000000000e+05 6.508483260619316729e-05 2.944833990000000199e+02 2.944932979999999816e+02
1.887440000000000000e+05 -6.577631097393807011e-03 2.944057579999999916e+02 2.943927729999999769e+02
2.013270000000000000e+05 -4.233121167393806561e-03 2.940566799999999716e+02 2.940456849999999918e+02
2.264920000000000000e+05 8.470920726061932204e-04 2.939360859999999889e+02 2.939381930000000125e+02
2.516580000000000000e+05 -1.400294309393806643e-03 2.944166660000000206e+02 2.944216720000000009e+02
2.768240000000000000e+05 -2.506542037393806426e-03 2.934069359999999733e+02 2.934062250000000063e+02
3.019900000000000000e+05 1.791560162606193251e-03 2.922357709999999997e+02 2.922372569999999996e+02
3.271560000000000000e+05 -3.046137737393806583e-03 2.935241659999999797e+02 2.935332569999999919e+02
3.523220000000000000e+05 -4.068750327393806827e-03 2.920760050000000092e+02 2.920467719999999758e+02
