1 60.255372313843075
2 14.162918540729635
3 5.220889555222389
4 2.3493253373313343
5 1.3098450774612693
6 0.7171414292853573
7 0.4827586206896552
8 0.30634682658670664
9 0.1839080459770115
10 0.14292853573213393
11 0.09095452273863068
12 0.0769615192403798
13 0.05847076461769116
14 0.044977511244377814
15 0.033483258370814596
16 0.02048975512243878
17 0.021989005497251374
18 0.01249375312343828
19 0.01199400299850075
20 0.00849575212393803
21 0.005997001499250375
22 0.005997001499250375
23 0.0034982508745627187
24 0.001999000499750125
25 0.0029985007496251873
26 0.004497751124437781
27 0.0014992503748125937
28 0.0029985007496251873
29 0.0024987506246876563
30 0.0004997501249375312
31 0.0004997501249375312
32 0.0004997501249375312
33 0.0004997501249375312
34 0.0014992503748125937
35 0.0009995002498750624
38 0.0004997501249375312
41 0.0004997501249375312
44 0.0004997501249375312
52 0.0004997501249375312
754 0.0009995002498750624
777 0.0009995002498750624
784 0.0004997501249375312
785 0.0009995002498750624
786 0.0004997501249375312
790 0.0004997501249375312
791 0.0014992503748125937
793 0.0004997501249375312
796 0.0009995002498750624
798 0.0004997501249375312
799 0.0004997501249375312
800 0.0004997501249375312
801 0.0004997501249375312
803 0.001999000499750125
804 0.0004997501249375312
806 0.0029985007496251873
807 0.0004997501249375312
808 0.0004997501249375312
809 0.0009995002498750624
810 0.0004997501249375312
811 0.00399800099950025
812 0.0014992503748125937
813 0.0029985007496251873
814 0.0029985007496251873
815 0.00399800099950025
816 0.0024987506246876563
817 0.001999000499750125
818 0.001999000499750125
819 0.0034982508745627187
820 0.004497751124437781
821 0.0029985007496251873
822 0.0029985007496251873
823 0.0034982508745627187
824 0.006496751624187906
825 0.005497251374312844
826 0.005497251374312844
827 0.0034982508745627187
828 0.006496751624187906
829 0.006496751624187906
830 0.005497251374312844
831 0.004497751124437781
832 0.005997001499250375
833 0.0069965017491254375
834 0.01199400299850075
835 0.009495252373813094
836 0.009995002498750625
837 0.010494752623688156
838 0.00849575212393803
839 0.0074962518740629685
840 0.010994502748625687
841 0.01249375312343828
842 0.010494752623688156
843 0.01249375312343828
844 0.010494752623688156
845 0.012993503248375811
846 0.010994502748625687
847 0.01249375312343828
848 0.015992003998001
849 0.014492753623188406
850 0.010994502748625687
851 0.017991004497751123
852 0.013993003498250875
853 0.01649175412293853
854 0.017991004497751123
855 0.013493253373313344
856 0.01699150424787606
857 0.01699150424787606
858 0.01699150424787606
859 0.020989505247376312
860 0.014492753623188406
861 0.01899050474762619
862 0.019490254872563718
863 0.01899050474762619
864 0.015992003998001
865 0.01649175412293853
866 0.022988505747126436
867 0.01699150424787606
868 0.018490754622688656
869 0.01899050474762619
870 0.014492753623188406
871 0.011494252873563218
872 0.021989005497251374
873 0.015992003998001
874 0.018490754622688656
875 0.015992003998001
876 0.01699150424787606
877 0.01249375312343828
878 0.015492253873063468
879 0.010494752623688156
880 0.014992503748125937
881 0.01199400299850075
882 0.01899050474762619
883 0.010494752623688156
884 0.013993003498250875
885 0.009495252373813094
886 0.010994502748625687
887 0.009495252373813094
888 0.01199400299850075
889 0.008995502248875561
890 0.005497251374312844
891 0.0079960019990005
892 0.005997001499250375
893 0.005997001499250375
894 0.004497751124437781
895 0.004997501249375313
896 0.0024987506246876563
897 0.005997001499250375
898 0.006496751624187906
899 0.004497751124437781
900 0.004497751124437781
901 0.0024987506246876563
902 0.0029985007496251873
903 0.0024987506246876563
904 0.005997001499250375
905 0.001999000499750125
906 0.0014992503748125937
907 0.0014992503748125937
908 0.0004997501249375312
909 0.0009995002498750624
910 0.0004997501249375312
912 0.0004997501249375312
914 0.0014992503748125937
915 0.0004997501249375312
919 0.0009995002498750624
923 0.0004997501249375312
