1 7.9500249875062465
2 1.457271364317841
3 0.4007996001999001
4 0.14392803598200898
5 0.04547726136931534
6 0.01649175412293853
7 0.009495252373813094
8 0.0034982508745627187
9 0.0014992503748125937
968 0.0004997501249375312
969 0.0009995002498750624
970 0.0004997501249375312
971 0.0009995002498750624
972 0.0004997501249375312
973 0.0014992503748125937
974 0.006496751624187906
975 0.0009995002498750624
976 0.006496751624187906
977 0.01249375312343828
978 0.013493253373313344
979 0.02048975512243878
980 0.021989005497251374
981 0.03398300849575212
982 0.04547726136931534
983 0.04697651174412794
984 0.06146926536731634
985 0.07196401799100449
986 0.08195902048975512
987 0.0864567716141929
988 0.09745127436281859
989 0.07946026986506746
990 0.08345827086456771
991 0.06696651674162919
992 0.05897051474262868
993 0.04047976011994003
994 0.02948525737131434
995 0.015492253873063468
996 0.006496751624187906
997 0.0034982508745627187
998 0.0009995002498750624
999 0.0014992503748125937
