0.06 0.010217032020804977
0.138 0.046249654659713174
0.24 0.11276577696360054
0.372 0.2120628494407104
0.542 0.34932785611112266
0.766 0.5400034905389648
1.054 0.7942769295994885
1.432 1.1389741474362316
1.92 1.5944619220473621
2.5580000000000003 2.2092066413340206
3.384 3.0179666555185105
4.46 4.077544523108767
5.8580000000000005 5.46264809906153
7.674 7.2552936647808
10.038 9.592767769860213
13.108 12.681012602587252
17.1 16.717083179419394
22.292 21.892420170380642
29.038 28.623267804074178
37.81 37.410177076972346
49.212 49.029028431277865
64.036 63.96710978359288
83.308 83.2233131739203
108.36 108.35788410561698
140.928 140.6423412464161
183.266 183.40546162533482
238.306 239.24442966781766
309.858 310.40990346849816
402.87600000000003 403.6939288921433
523.8 524.646773767528
680.998 680.4248194794777
885.3580000000001 885.7905064222828
1151.026 1152.167137000398
1496.394 1498.576865238478
1945.372 1951.7288332494743
2529.044 2542.9041425556607
3287.8160000000003 3301.0887798367958
4274.222 4295.04870582729
5556.548 5601.1894734522375
5556.7480000000005 5601.305059583571
11113.496000000001 11209.026248523756
16670.244 16801.786408144362
22226.992000000002 22437.037982432365
27783.74 28108.00773565266
33340.488 33755.27733629481
38897.236000000004 39402.33782143062
44453.984000000004 45050.47457470227
50010.732 50779.89470198864
55567.48 56522.33055148083
61124.228 62280.67437467634
66680.976 68012.84331625115
72237.724 73702.60734072395
77794.47200000001 79357.811997721
83351.22 84994.11651007988
88907.96800000001 90648.43418921102
94464.716 96325.62296918976
100021.464 102015.9482445291
105578.212 107771.5866273336
111134.96 113508.07375217987
116691.708 119179.54436560553
122248.456 124836.91557133774
127805.204 130515.40056125048
133361.952 136259.97302338804
138918.7 142037.9129461955
144475.448 147803.06878755003
150032.196 153553.06105695214
155588.94400000002 159362.79211950873
161145.692 165269.12852960636
166702.44 171168.46378761757
172259.188 177015.03519322808
177815.93600000002 182883.844824907
183372.684 188719.61620653188
188929.432 194565.5818437008
194486.18 200331.20904580667
200042.928 206185.42159237535
205599.676 212072.96857160286
211156.424 217845.0256403393
216713.172 223591.7197437531
222269.92 229410.8837556608
227826.668 235257.47696665602
233383.416 241040.85515200766
238940.16400000002 246837.13122848148
244496.912 252771.87266784938
250053.66 258693.0285999009
255610.408 264535.7947962596
261167.15600000002 270498.0612769716
266723.904 276425.8719883692
272280.652 282437.119050601
277837.4 288470.8207372125
283394.148 294437.4487020243
288950.896 300510.14143255044
294507.64400000003 306664.7381952038
300064.392 312717.8507630755
305621.14 318817.8515635051
311177.88800000004 324879.72218569857
316734.636 331006.76365905895
322291.384 337323.27398775687
327848.132 343505.3757313427
333404.88 349929.4937135586
338961.628 356192.1957612312
344518.376 362202.68121827237
350075.124 368048.7445342313
355631.87200000003 373717.6031582371
361188.62 379316.68281907064
366745.368 385158.01077299175
372302.116 390905.7975308985
377858.864 396965.7060706697
383415.612 403364.8578967219
388972.36 409829.9189428308
394529.108 414461.190979995
