0.06 0.0020709613107298933
0.138 0.009250072677023378
0.24 0.023070977268762564
0.372 0.04605476335949389
0.542 0.07751335068078553
0.766 0.11881543991045564
1.054 0.17064320693587565
1.432 0.23756972215862138
1.92 0.32383824392501975
2.5580000000000003 0.4363021999554827
3.384 0.5820134338005805
4.46 0.7640784643774601
5.8580000000000005 0.9980998499376688
7.674 1.3031852734250076
10.038 1.6878630090777529
13.108 2.176511348017709
17.1 2.816720086220273
22.292 3.6528342479130536
29.038 4.740652441469403
37.81 6.159738040476359
49.212 7.969736748552996
64.036 10.302977679634997
83.308 13.32120955398068
108.36 17.37562145980435
140.928 22.751663287209354
183.266 29.513206347154306
238.306 38.23694694473475
309.858 49.77533735956376
402.87600000000003 64.78922591240188
523.8 84.38415771784167
680.998 109.97872399047293
885.3580000000001 143.45368319144825
1151.026 186.34952628193784
1496.394 242.38226195249723
1945.372 315.0628275105744
2529.044 409.0965977300886
3287.8160000000003 531.6071126731028
4274.222 687.8667213672493
5556.548 892.2382132948795
5556.7480000000005 892.2620476526366
11113.496000000001 1791.4770110806273
16670.244 2688.80274869112
22226.992000000002 3586.510223397042
27783.74 4480.752105076958
33340.488 5376.752991598453
38897.236000000004 6274.595512802723
44453.984000000004 7162.570164920417
50010.732 8045.239615969219
55567.48 8926.71085971854
61124.228 9810.517519841072
66680.976 10699.627289316124
72237.724 11593.44914571614
77794.47200000001 12492.013469043886
83351.22 13382.333008381007
88907.96800000001 14278.688654607698
94464.716 15176.107435611671
100021.464 16077.89550001933
105578.212 16984.17353848195
111134.96 17884.976856247496
116691.708 18781.221262423765
122248.456 19678.178871145865
127805.204 20572.975478236367
133361.952 21467.229209850688
138918.7 22358.18862480422
144475.448 23245.461282763878
150032.196 24131.915579328757
155588.94400000002 25014.55189627125
161145.692 25893.64066971092
166702.44 26760.988569524256
172259.188 27644.04321003327
177815.93600000002 28519.40280902767
183372.684 29401.682119752903
188929.432 30275.18528642584
194486.18 31136.429221681432
200042.928 31992.151647537605
205599.676 32840.160522885344
211156.424 33686.455515262176
216713.172 34531.00859672505
222269.92 35379.11281569977
227826.668 36235.541665402416
233383.416 37084.9752920542
238940.16400000002 37923.07823757346
244496.912 38774.80635043797
250053.66 39631.11874497511
255610.408 40490.479329778536
261167.15600000002 41360.3727739855
266723.904 42233.434094624485
272280.652 43128.68284571636
277837.4 44029.119596151075
283394.148 44933.26130588163
288950.896 45798.78376412408
294507.64400000003 46690.56630472833
300064.392 47551.50450050763
305621.14 48406.48773557486
311177.88800000004 49266.24720729567
316734.636 50138.620598867776
322291.384 51017.99539122012
327848.132 51862.7404196917
333404.88 52684.438819795025
338961.628 53521.725850427894
344518.376 54351.35351770259
350075.124 55153.7986669137
355631.87200000003 55975.07154919807
361188.62 56778.99326947133
366745.368 57615.47873813536
372302.116 58452.83714422663
377858.864 59424.12118646191
383415.612 60306.71366901736
388972.36 61286.02593435652
394529.108 62026.324620089064
