0.000000000000000000e+00 1.235086086666617256e+01 8.532182629999999335e+03 8.547070970000000671e+03
6.000000000000000125e-03 1.215960756666617293e+01 8.531997740000000704e+03 8.546673779999999169e+03
1.200000000000000025e-02 1.160805956666617256e+01 8.531463750000000800e+03 8.545526420000000144e+03
1.799999999999999864e-02 1.075636236666617229e+01 8.530636650000000373e+03 8.543748770000000150e+03
2.400000000000000050e-02 9.688363636666172951e+00 8.529595369999999093e+03 8.541509309999999459e+03
2.999999999999999889e-02 8.495853926666173450e+00 8.528427760000000490e+03 8.538994870000000446e+03
3.599999999999999728e-02 7.265612356666173888e+00 8.527218349999999191e+03 8.536384690000000774e+03
4.200000000000000261e-02 6.070884166666173698e+00 8.526039689999999609e+03 8.533832490000000689e+03
4.800000000000000100e-02 4.966974786666174424e+00 8.524947439999999915e+03 8.531456480000000738e+03
5.399999999999999939e-02 3.990002786666174028e+00 8.523978639999999359e+03 8.529335989999999583e+03
5.999999999999999778e-02 3.157959536666174127e+00 8.523152389999999286e+03 8.527512919999999212e+03
6.600000000000000311e-02 2.473447736666174013e+00 8.522472309999999197e+03 8.525996900000000096e+03
7.199999999999999456e-02 1.927515756666173807e+00 8.521930200000000696e+03 8.524772769999999582e+03
7.799999999999999989e-02 1.503896366666173767e+00 8.521510200000000623e+03 8.523809180000000197e+03
8.400000000000000522e-02 1.182925246666173713e+00 8.521192759999999907e+03 8.523066660000000411e+03
8.999999999999999667e-02 9.446194776661739345e-01 8.520957899999999427e+03 8.522504310000000260e+03
9.600000000000000200e-02 7.829705516661739084e-01 8.520799789999999120e+03 8.522111849999999322e+03
1.079999999999999988e-01 5.645047096661738317e-01 8.520590130000000499e+03 8.521565790000000561e+03
1.199999999999999956e-01 4.612337736661738519e-01 8.520502780000000712e+03 8.521292779999999766e+03
1.320000000000000062e-01 4.261282096661738183e-01 8.520497699999999895e+03 8.521195700000000215e+03
1.439999999999999891e-01 4.362830866661738249e-01 8.520557280000000901e+03 8.521226510000000417e+03
1.559999999999999998e-01 4.786813046661738125e-01 8.520669959999999264e+03 8.521355199999999968e+03
1.680000000000000104e-01 5.416855436661739409e-01 8.520821640000000116e+03 8.521551980000000185e+03
1.799999999999999933e-01 6.119611216661738906e-01 8.520993839999999182e+03 8.521781929999999193e+03
1.920000000000000040e-01 6.699166806661739360e-01 8.521160859999999957e+03 8.521997670000000653e+03
2.159999999999999976e-01 7.214456796661739002e-01 8.521424240000000282e+03 8.522295140000000174e+03
2.399999999999999911e-01 6.466111926661738396e-01 8.521525250000000597e+03 8.522300549999999930e+03
2.640000000000000124e-01 4.723503356661738484e-01 8.521465430000000197e+03 8.522040320000000065e+03
2.879999999999999782e-01 2.717624866661738081e-01 8.521310610000000452e+03 8.521657199999999648e+03
3.119999999999999996e-01 1.110184776661738426e-01 8.521138720000000831e+03 8.521300450000000637e+03
3.360000000000000209e-01 1.931872446617384845e-02 8.521005810000000565e+03 8.521057679999999891e+03
3.599999999999999867e-01 -8.992194103826152765e-03 8.520935890000000654e+03 8.520947389999999359e+03
3.840000000000000080e-01 8.114941696173848251e-03 8.520935470000000350e+03 8.520959779999999228e+03
4.319999999999999951e-01 5.671425326617385299e-02 8.520996520000000601e+03 8.521070990000000165e+03
4.799999999999999822e-01 6.468283916617384444e-02 8.521034400000000460e+03 8.521119010000000344e+03
5.280000000000000249e-01 3.052913046617384760e-02 8.520992309999999634e+03 8.521040789999999106e+03
5.759999999999999565e-01 5.891489926173848306e-03 8.520924680000000080e+03 8.520948660000000018e+03
6.239999999999999991e-01 3.074896916173848298e-03 8.520881230000000869e+03 8.520902500000000146e+03
6.720000000000000417e-01 9.360284416173847086e-03 8.520861399999999776e+03 8.520889639999999417e+03
7.199999999999999734e-01 9.243379186173848391e-03 8.520843150000000605e+03 8.520868570000000545e+03
7.680000000000000160e-01 1.857454136173848159e-03 8.520813319999999294e+03 8.520829120000000330e+03
8.639999999999999902e-01 1.468671596173848305e-03 8.520757920000000013e+03 8.520767270000000281e+03
9.599999999999999645e-01 2.485239626173848214e-03 8.520713209999999890e+03 8.520721299999999246e+03
1.056000000000000050e+00 -1.547230543826151562e-03 8.520666600000000471e+03 8.520670640000000276e+03
1.151999999999999913e+00 2.182886951738483581e-04 8.520631709999999657e+03 8.520639310000000478e+03
1.247999999999999998e+00 -1.086569790826151646e-03 8.520598239999999350e+03 8.520601329999999507e+03
1.344000000000000083e+00 4.745242281738483447e-04 8.520571229999999559e+03 8.520574580000000424e+03
1.439999999999999947e+00 2.081993346173848132e-03 8.520538409999999203e+03 8.520545430000000124e+03
1.536000000000000032e+00 4.406209617384835762e-05 8.520505569999999352e+03 8.520512409999999363e+03
1.727999999999999980e+00 6.829236891738482999e-04 8.520457469999999375e+03 8.520465379999999641e+03
1.919999999999999929e+00 1.216607116173848294e-03 8.520416279999999460e+03 8.520425040000000081e+03
2.112000000000000099e+00 7.901570971738483854e-04 8.520378640000000814e+03 8.520381470000000263e+03
2.303999999999999826e+00 -2.952043573826152074e-03 8.520342300000000250e+03 8.520341829999999391e+03
2.495999999999999996e+00 -8.744943078261516872e-04 8.520315080000000307e+03 8.520321850000000268e+03
2.688000000000000167e+00 -2.341278653826151662e-03 8.520289530000000013e+03 8.520292059999999765e+03
2.879999999999999893e+00 -1.845251243826151553e-03 8.520268169999999373e+03 8.520273629999999685e+03
3.072000000000000064e+00 9.182191061738484254e-04 8.520254609999999957e+03 8.520259190000000672e+03
3.455999999999999961e+00 4.720157951738483161e-04 8.520226769999999306e+03 8.520226730000000316e+03
3.839999999999999858e+00 -6.402722826151659684e-06 8.520201250000000073e+03 8.520201160000000527e+03
4.224000000000000199e+00 -2.430333273826151656e-03 8.520190010000000257e+03 8.520186009999999442e+03
4.607999999999999652e+00 -2.194870423826151933e-03 8.520169420000000173e+03 8.520167269999999917e+03
4.991999999999999993e+00 -1.245491773826151640e-03 8.520162899999999354e+03 8.520162010000000009e+03
5.376000000000000334e+00 -2.948404708261516557e-04 8.520155319999999847e+03 8.520154029999999693e+03
5.759999999999999787e+00 1.422442756173848254e-03 8.520151540000000750e+03 8.520153249999999389e+03
6.144000000000000128e+00 -1.647530196261516556e-04 8.520146609999999782e+03 8.520148390000000290e+03
6.911999999999999922e+00 -5.844512798261516625e-04 8.520138230000000476e+03 8.520138619999999719e+03
7.679999999999999716e+00 9.550951861738482453e-04 8.520134369999999763e+03 8.520134840000000622e+03
8.448000000000000398e+00 -3.038395826151661563e-06 8.520137090000000171e+03 8.520136230000000069e+03
9.215999999999999304e+00 -7.148468478261516164e-04 8.520137500000000728e+03 8.520135440000000017e+03
9.983999999999999986e+00 8.946400617384836149e-05 8.520135560000000623e+03 8.520131299999999101e+03
1.075200000000000067e+01 -1.259594976261516346e-04 8.520133270000000266e+03 8.520133030000000872e+03
1.151999999999999957e+01 1.792266066173848560e-03 8.520133250000000771e+03 8.520135550000000876e+03
1.228800000000000026e+01 6.672967917384836417e-05 8.520132340000000113e+03 8.520131999999999607e+03
1.382399999999999984e+01 -5.202268338261517230e-04 8.520130010000000766e+03 8.520129580000000715e+03
1.535999999999999943e+01 -9.665126698261516762e-04 8.520132250000000568e+03 8.520131820000000516e+03
1.689600000000000080e+01 -7.150836148261516170e-04 8.520133910000000469e+03 8.520132569999999760e+03
1.843199999999999861e+01 5.175241841738483731e-04 8.520133599999999205e+03 8.520134850000000370e+03
1.996799999999999997e+01 -1.303147553826151548e-03 8.520131400000000212e+03 8.520131489999999758e+03
2.150400000000000134e+01 6.723418451738483528e-04 8.520131079999999201e+03 8.520130730000000767e+03
2.303999999999999915e+01 9.932732917384835521e-05 8.520130680000000211e+03 8.520132369999999355e+03
2.457600000000000051e+01 -3.794383288261516459e-04 8.520132879999999204e+03 8.520133340000000317e+03
2.764799999999999969e+01 1.182195436173848375e-03 8.520131160000000818e+03 8.520132920000000013e+03
3.071999999999999886e+01 -1.643935062261516378e-04 8.520132299999999304e+03 8.520131659999999101e+03
3.379200000000000159e+01 2.149740511738483539e-04 8.520131139999999505e+03 8.520132040000000416e+03
3.686399999999999721e+01 2.762838031738483360e-04 8.520135039999999208e+03 8.520135080000000016e+03
3.993599999999999994e+01 2.121925681738483466e-04 8.520135379999999714e+03 8.520136000000000422e+03
4.300800000000000267e+01 -1.062966624261516517e-04 8.520136290000000372e+03 8.520135340000000724e+03
4.607999999999999829e+01 -1.971344906261516443e-04 8.520134430000000066e+03 8.520136070000000473e+03
4.915200000000000102e+01 -3.177076518261516200e-04 8.520132610000000568e+03 8.520133159999999407e+03
5.529599999999999937e+01 -6.227756458261516715e-04 8.520132180000000517e+03 8.520131639999999607e+03
6.143999999999999773e+01 -3.742746498261516168e-04 8.520132630000000063e+03 8.520131989999999860e+03
6.758400000000000318e+01 9.174497161738483925e-04 8.520129779999999300e+03 8.520131129999999757e+03
7.372799999999999443e+01 -3.686640298261516322e-04 8.520132019999999102e+03 8.520131729999999152e+03
7.987199999999999989e+01 2.042228301738483365e-04 8.520134200000000419e+03 8.520134169999999358e+03
8.601600000000000534e+01 1.368715771738483722e-04 8.520135720000000219e+03 8.520135850000000573e+03
9.215999999999999659e+01 4.677026621738483757e-04 8.520120160000000396e+03 8.520121059999999488e+03
9.830400000000000205e+01 4.156416221738483711e-04 8.520125369999999748e+03 8.520125710000000254e+03
1.105919999999999987e+02 -1.969832282615164806e-05 8.520125389999999243e+03 8.520125700000000506e+03
1.228799999999999955e+02 -2.291499787261516621e-04 8.520130880000000616e+03 8.520131419999999707e+03
1.351680000000000064e+02 -1.839295382615165693e-05 8.520126669999999649e+03 8.520126739999999700e+03
1.474559999999999889e+02 -5.194934682615164707e-05 8.520123729999999341e+03 8.520124050000000352e+03
1.597439999999999998e+02 2.662730231738483417e-04 8.520125969999999143e+03 8.520125550000000658e+03
1.720320000000000107e+02 -3.462891826151639346e-06 8.520123859999999695e+03 8.520123299999999290e+03
1.843199999999999932e+02 -3.741438682615164080e-05 8.520122999999999593e+03 8.520123159999999189e+03
1.966080000000000041e+02 3.042689681738483380e-04 8.520123020000000906e+03 8.520123859999999695e+03
2.211839999999999975e+02 2.016537761738483267e-04 8.520121810000000551e+03 8.520122250000000349e+03
2.457599999999999909e+02 4.506985173848357396e-06 8.520120940000000701e+03 8.520121450000000550e+03
2.703360000000000127e+02 1.669798971738483307e-04 8.520123859999999695e+03 8.520124139999999898e+03
2.949119999999999777e+02 -2.719888640261516497e-04 8.520127080000000205e+03 8.520126870000000054e+03
3.194879999999999995e+02 2.676507601738483755e-04 8.520127449999999953e+03 8.520127759999999398e+03
3.440640000000000214e+02 1.019859811738483527e-04 8.520125920000000406e+03 8.520126290000000154e+03
3.686399999999999864e+02 1.626251717384835779e-05 8.520124460000000909e+03 8.520124680000000808e+03
3.932160000000000082e+02 1.470171871738483525e-04 8.520120390000000043e+03 8.520121230000000651e+03
4.423679999999999950e+02 -2.009467329261516513e-04 8.520117840000000797e+03 8.520117659999999887e+03
4.915199999999999818e+02 2.134892731738483713e-04 8.520125270000000455e+03 8.520125669999999445e+03
5.406720000000000255e+02 9.876659817384836771e-05 8.520120489999999336e+03 8.520120720000000802e+03
5.898239999999999554e+02 1.939323391738483624e-04 8.520123419999999896e+03 8.520123919999999998e+03
6.389759999999999991e+02 5.628459817384834992e-05 8.520125850000000355e+03 8.520126050000000760e+03
6.881280000000000427e+02 6.982576117384837414e-05 8.520126169999999547e+03 8.520126120000000810e+03
7.372799999999999727e+02 -1.067962343261516479e-04 8.520137819999999920e+03 8.520137580000000526e+03
7.864320000000000164e+02 -3.306426582615163909e-05 8.520139999999999418e+03 8.520140110000000277e+03
8.847359999999999900e+02 1.457811717384835067e-05 8.520137670000000071e+03 8.520137769999999364e+03
9.830399999999999636e+02 -9.465538552615164632e-05 8.520138310000000274e+03 8.520138349999999264e+03
1.081339999999999918e+03 -1.126279182261516530e-04 8.520142009999999573e+03 8.520141920000000027e+03
1.179650000000000091e+03 -3.739798282615164793e-05 8.520135109999999258e+03 8.520135309999999663e+03
1.277950000000000045e+03 1.943603317384836097e-05 8.520131170000000566e+03 8.520131520000000819e+03
1.376259999999999991e+03 -3.973312282615164130e-05 8.520127259999999296e+03 8.520127230000000054e+03
1.474559999999999945e+03 -8.581995712615164988e-05 8.520133610000000772e+03 8.520133470000000671e+03
1.572859999999999900e+03 -4.706514182615165035e-05 8.520132550000000265e+03 8.520132680000000619e+03
1.769470000000000027e+03 -1.024134592261516499e-04 8.520139499999999316e+03 8.520139390000000276e+03
1.966079999999999927e+03 -4.183715982615166169e-05 8.520142009999999573e+03 8.520141939999999522e+03
2.162690000000000055e+03 2.837870017384836233e-05 8.520140729999999166e+03 8.520140799999999217e+03
2.359300000000000182e+03 4.679610017384834629e-05 8.520127300000000105e+03 8.520127630000000863e+03
2.555900000000000091e+03 -3.510265282615166122e-05 8.520121999999999389e+03 8.520122219999999288e+03
2.752510000000000218e+03 -2.523826182615165241e-05 8.520137730000000374e+03 8.520137919999999212e+03
2.949119999999999891e+03 -1.654888782615164490e-05 8.520136220000000321e+03 8.520136399999999412e+03
3.145730000000000018e+03 -2.789871882615164739e-05 8.520133260000000519e+03 8.520133490000000165e+03
3.538940000000000055e+03 1.216062421738483721e-04 8.520143910000000687e+03 8.520144249999999374e+03
3.932159999999999854e+03 -3.443021182615165171e-05 8.520156730000000607e+03 8.520156829999999900e+03
4.325380000000000109e+03 2.940922417384833729e-05 8.520167330000000220e+03 8.520167460000000574e+03
4.718590000000000146e+03 -2.028003882615164667e-05 8.520161669999999503e+03 8.520161850000000413e+03
5.111810000000000400e+03 8.076110917384834173e-05 8.520174670000000333e+03 8.520174789999999120e+03
5.505020000000000437e+03 -7.513718982615164650e-05 8.520146730000000389e+03 8.520146759999999631e+03
5.898239999999999782e+03 -6.018149582615164644e-05 8.520140830000000278e+03 8.520140960000000632e+03
6.291460000000000036e+03 7.140115617384833841e-05 8.520114809999999125e+03 8.520115079999999580e+03
7.077890000000000327e+03 -4.697822782615164450e-05 8.520095799999999144e+03 8.520095950000000812e+03
7.864319999999999709e+03 5.845751417384834102e-05 8.520097599999999147e+03 8.520097920000000158e+03
8.650750000000000000e+03 -1.662505082615164812e-05 8.520129049999999552e+03 8.520129160000000411e+03
9.437180000000000291e+03 4.750641017384833915e-05 8.520124519999999393e+03 8.520124729999999545e+03
1.022360000000000036e+04 7.549890173848348551e-06 8.520150100000000748e+03 8.520150250000000597e+03
1.101000000000000000e+04 3.201187517384835148e-05 8.520136599999999817e+03 8.520136809999999969e+03
1.179650000000000000e+04 6.330319017384833532e-05 8.520140950000000885e+03 8.520141240000000835e+03
1.258289999999999964e+04 2.415246717384834821e-05 8.520160340000000360e+03 8.520160599999999249e+03
1.415579999999999927e+04 6.309878317384834878e-05 8.520134889999999359e+03 8.520135099999999511e+03
1.572860000000000036e+04 1.091015717384836081e-05 8.520151750000000902e+03 8.520151980000000549e+03
1.730150000000000000e+04 2.047926317384836012e-05 8.520124069999999847e+03 8.520124209999999948e+03
1.887440000000000146e+04 2.252017173848340059e-06 8.520087419999999838e+03 8.520087610000000495e+03
2.044720000000000073e+04 5.885629117384835870e-05 8.520058000000000902e+03 8.520058290000000852e+03
2.202009999999999854e+04 1.690783117384834122e-05 8.520030210000000807e+03 8.520030409999999392e+03
2.359300000000000000e+04 4.561736917384835895e-05 8.520027029999999286e+03 8.520027169999999387e+03
2.516579999999999927e+04 -4.601185826151658843e-06 8.519998079999999391e+03 8.519998219999999492e+03
2.831159999999999854e+04 2.602864917384834637e-05 8.520053599999999278e+03 8.520053859999999986e+03
3.145729999999999927e+04 2.179463117384835007e-05 8.520064899999999398e+03 8.520065080000000307e+03
3.460300000000000000e+04 -5.615428261516466034e-07 8.520089389999999185e+03 8.520089599999999336e+03
3.774869999999999709e+04 2.407472217384835087e-05 8.520024110000000292e+03 8.520024339999999938e+03
4.089450000000000000e+04 2.458918317384834059e-05 8.520022290000000794e+03 8.520022510000000693e+03
4.404019999999999709e+04 4.914464173848352279e-06 8.520068719999999303e+03 8.520068900000000212e+03
4.718590000000000146e+04 6.279825173848344304e-06 8.520121750000000247e+03 8.520121960000000399e+03
5.033159999999999854e+04 2.320938217384834129e-05 8.519976459999999861e+03 8.519976720000000569e+03
5.662309999999999854e+04 1.295219817384833769e-05 8.520035980000000563e+03 8.520036159999999654e+03
6.291459999999999854e+04 1.631488117384834549e-05 8.520079369999999471e+03 8.520079610000000685e+03
6.920600000000000000e+04 6.771755173848347572e-06 8.520183109999999942e+03 8.520183349999999336e+03
7.549750000000000000e+04 1.364860017384833882e-05 8.520305840000000899e+03 8.520306010000000242e+03
8.178889999999999418e+04 9.555762173848352577e-06 8.520385650000000169e+03 8.520385860000000321e+03
8.808039999999999418e+04 -6.204338261516558622e-07 8.520338079999999536e+03 8.520338260000000446e+03
9.437180000000000291e+04 -1.472081282615164970e-05 8.520406950000000506e+03 8.520407129999999597e+03
1.006630000000000000e+05 -5.181476826151659417e-06 8.520261839999999211e+03 8.520262010000000373e+03
1.132460000000000000e+05 1.471638617384833734e-05 8.520149020000000746e+03 8.520149250000000393e+03
1.258290000000000000e+05 -1.407520182615166040e-05 8.520267169999999169e+03 8.520267359999999826e+03
1.384120000000000000e+05 -9.341813826151655360e-06 8.520144800000000032e+03 8.520144979999999123e+03
1.509950000000000000e+05 1.130886917384834006e-05 8.520007149999999456e+03 8.520007349999999860e+03
1.635780000000000000e+05 -3.423482826151656678e-06 8.519971960000000763e+03 8.519972110000000612e+03
1.761610000000000000e+05 9.478511173848359981e-06 8.519795369999999821e+03 8.519795550000000731e+03
1.887440000000000000e+05 2.408996317384835589e-05 8.519787249999999403e+03 8.519787430000000313e+03
2.013270000000000000e+05 2.921713017384834610e-05 8.519066969999999856e+03 8.519067150000000765e+03
2.264920000000000000e+05 1.396070217384834432e-05 8.518867519999999786e+03 8.518867659999999887e+03
2.516580000000000000e+05 2.488685173848356746e-06 8.518184590000000753e+03 8.518184760000000097e+03
2.768240000000000000e+05 5.691590173848346370e-06 8.517816549999999552e+03 8.517816660000000411e+03
3.019900000000000000e+05 -1.340131982615166257e-05 8.517026659999999538e+03 8.517026809999999386e+03
3.271560000000000000e+05 -7.525009782615165203e-05 8.517508250000000771e+03 8.517508289999999761e+03
3.523220000000000000e+05 -5.738977682615165217e-05 8.518965809999999692e+03 8.518965920000000551e+03
