0.06 0.0072501862803406175
0.138 0.033083926125842406
0.24 0.08117813724863565
0.372 0.15436158376182835
0.542 0.25513522319173854
0.766 0.3934219442464129
1.054 0.5767487150672912
1.432 0.8256805320826062
1.92 1.1593647735490331
2.5580000000000003 1.6038161598070502
3.384 2.1839275165692853
4.46 2.9637048789162477
5.8580000000000005 3.990982806881475
7.674 5.311751144823881
10.038 7.052491822026744
13.108 9.319258555459726
17.1 12.306527543602463
22.292 16.13983378715686
29.038 21.079380901581064
37.81 27.584747482400772
49.212 35.89638528647154
64.036 46.81041891077374
83.308 61.11362521142584
108.36 79.17231339261264
140.928 103.12942533290351
183.266 134.5787832660571
238.306 174.8044726589064
309.858 228.19547541014092
402.87600000000003 296.1073056942813
523.8 384.6180466650072
680.998 499.8969160692155
885.3580000000001 649.8800915432283
1151.026 848.0689737147139
1496.394 1101.9353625232432
1945.372 1430.460193950811
2529.044 1865.2057741595515
3287.8160000000003 2418.250262010904
4274.222 3147.3502228410343
5556.548 4092.4506690162375
5556.7480000000005 4092.56793124068
11113.496000000001 8177.617054712353
16670.244 12242.607561070048
22226.992000000002 16355.111133281118
27783.74 20487.572747633054
33340.488 24614.288508894653
38897.236000000004 28723.720713090766
44453.984000000004 32837.035217367455
50010.732 36925.70240172137
55567.48 41021.92032503265
61124.228 45119.471653007
66680.976 49226.71484989424
72237.724 53372.20363092349
77794.47200000001 57500.210508979406
83351.22 61633.209752094845
88907.96800000001 65754.1705080085
94464.716 69880.05892963475
100021.464 73975.27175997561
105578.212 78045.89159928342
111134.96 82119.1375717954
116691.708 86148.13167976511
122248.456 90210.81039991771
127805.204 94263.6436106016
133361.952 98366.53915422752
138918.7 102485.73968449823
144475.448 106622.95637096267
150032.196 110777.16962850737
155588.94400000002 114936.14215465468
161145.692 119024.40790651405
166702.44 123136.08714200967
172259.188 127305.19479318829
177815.93600000002 131524.77531791612
183372.684 135784.08420837577
188929.432 140026.3810746211
194486.18 144212.65014522825
200042.928 148416.31326601224
205599.676 152667.45906857654
211156.424 157012.94965969425
216713.172 161398.84197168186
222269.92 165795.46309140074
227826.668 170117.77896244067
233383.416 174426.80538583387
238940.16400000002 178762.09874992032
244496.912 183062.28239978588
250053.66 187391.9613101827
255610.408 191694.21809509597
261167.15600000002 195870.19214668154
266723.904 199965.2902232115
272280.652 204138.27404707522
277837.4 208302.66657621323
283394.148 212384.23837989272
288950.896 216399.57899621507
294507.64400000003 220388.33695057183
300064.392 224353.2131908637
305621.14 228329.93820838808
311177.88800000004 232247.15152591892
316734.636 236366.12672424942
322291.384 240453.06319017275
327848.132 244657.48315044504
333404.88 249124.9695494497
338961.628 253745.2503989465
344518.376 258374.28497381028
350075.124 262974.3046755187
355631.87200000003 267545.0726663428
361188.62 272202.7303694531
366745.368 276908.7941805146
372302.116 281626.2892286004
377858.864 286047.1343177103
383415.612 290594.29985642486
388972.36 295289.45511946385
394529.108 298952.17199544393
