0.03 0.0018688124582327817
0.069 0.00933571478815196
0.12 0.025407051320375452
0.186 0.05276214482044585
0.271 0.09435800074085839
0.383 0.1541804006936737
0.527 0.23389203389263993
0.716 0.3421974339512675
0.96 0.4864035847998245
1.2790000000000001 0.681094984557016
1.692 0.9400238429804334
2.23 1.2886051167209114
2.9290000000000003 1.746864104810447
3.837 2.350861868651655
5.019 3.1383720059843143
6.554 4.162446819659943
8.55 5.488348594010111
11.146 7.261544602367454
14.519 9.589453709488723
18.905 12.568299882955612
24.606 16.516660246070913
32.018 21.58949833344939
41.654 28.095463481749544
54.18 36.504679378693986
70.464 47.60142839193898
91.633 62.01147964379761
119.153 80.57822114416153
154.929 105.36716489850895
201.43800000000002 136.91174571433896
261.9 178.3610537760004
340.499 231.27924492106337
442.67900000000003 300.9398128134937
575.513 390.4248755652711
748.197 506.86879306622865
972.686 661.0820186240783
1264.522 862.3883888381879
1643.9080000000001 1120.0847397692094
2137.111 1460.0423077385803
2778.274 1897.829691097153
2778.3740000000003 1897.8956525066546
5556.7480000000005 3793.806831802068
8335.122 5692.559048543906
11113.496000000001 7583.436308093223
13891.87 9480.23819521748
16670.244 11394.039828145347
19448.618000000002 13292.528061974186
22226.992000000002 15178.485010297722
25005.366 17061.63232513805
27783.74 18937.19066001568
30562.114 20823.389867128797
33340.488 22716.822498119047
36118.862 24606.25874322065
38897.236000000004 26492.69870304639
41675.61 28366.56564419559
44453.984000000004 30240.467968230787
47232.358 32098.033339552094
50010.732 33954.86586839458
52789.106 35822.29065739164
55567.48 37675.94590380067
58345.854 39504.879982977145
61124.228 41338.33640754553
63902.602 43178.89533190517
66680.976 45013.15182701831
69459.35 46858.87454794612
72237.724 48684.12179561368
75016.098 50509.93786764387
77794.47200000001 52317.12532398548
80572.846 54090.596335945454
83351.22 55860.950171009696
86129.594 57633.77947930532
88907.96800000001 59404.96191247299
91686.342 61203.84100338763
94464.716 63012.581566155015
97243.09 64792.71901285495
100021.464 66550.48736736347
102799.838 68316.2131888006
105578.212 70092.80747031675
108356.586 71901.49332960274
111134.96 73732.19991907639
113913.334 75564.68823239293
116691.708 77360.82327139635
119470.08200000001 79148.55316687316
122248.456 80945.46087965078
125026.83 82723.44150983595
127805.204 84569.64349039829
130583.57800000001 86451.83064976502
133361.952 88317.03112132884
136140.326 90135.51724192752
138918.7 91932.23958452034
141697.074 93732.74383703034
144475.448 95470.51417902952
147253.82200000001 97237.63295087292
150032.196 98976.58845140538
152810.57 100696.39887395012
155588.94400000002 102359.40971810144
158367.318 104021.95813314857
161145.692 105748.49255098219
163924.066 107588.6252586784
166702.44 109471.44843266068
169480.814 111414.88804538148
172259.188 113347.603515113
175037.562 115339.93816324409
177815.93600000002 117333.8354804078
180594.31 119362.66371716671
183372.684 121455.30100047348
186151.058 123313.14069404872
188929.432 125024.03662637746
191707.806 126768.00470345646
194486.18 128579.18648495828
197264.554 130637.22979139122
