1 14.300399771559109
2 4.744717304397487
3 1.788692175899486
4 0.7784123358081096
5 0.36550542547115933
6 0.1981724728726442
7 0.10679611650485436
8 0.0633923472301542
9 0.04625928041119361
10 0.017133066818960593
11 0.01599086236436322
12 0.015419760137064534
13 0.005139920045688178
14 0.003997715591090805
15 0.0017133066818960593
16 0.001142204454597373
17 0.0017133066818960593
18 0.0005711022272986865
20 0.0005711022272986865
21 0.0005711022272986865
923 0.0005711022272986865
925 0.0005711022272986865
929 0.001142204454597373
932 0.0017133066818960593
934 0.002284408909194746
935 0.0017133066818960593
936 0.001142204454597373
937 0.0005711022272986865
938 0.002284408909194746
939 0.003997715591090805
940 0.002284408909194746
941 0.0028555111364934323
942 0.0074243289548829245
943 0.005139920045688178
944 0.008566533409480296
945 0.006282124500285551
946 0.009708737864077669
947 0.009708737864077669
948 0.013706453455168474
949 0.014277555682467162
950 0.019417475728155338
951 0.019417475728155338
952 0.013706453455168474
953 0.024557395773843516
954 0.025128498001142203
955 0.03026841804683038
956 0.034837235865219876
957 0.03198172472872644
958 0.03312392918332382
959 0.03597944031981725
960 0.038834951456310676
961 0.038834951456310676
962 0.047401484865790974
963 0.03769274700171331
964 0.04397487150199886
965 0.041119360365505425
966 0.04283266704740148
967 0.03940605368360937
968 0.02912621359223301
969 0.03255282695602513
970 0.03312392918332382
971 0.03769274700171331
972 0.02569960022844089
973 0.02912621359223301
974 0.025128498001142203
975 0.019417475728155338
976 0.01770416904625928
977 0.015419760137064534
978 0.014848657909765849
979 0.009708737864077669
980 0.005139920045688178
981 0.0034266133637921186
982 0.0028555111364934323
983 0.002284408909194746
984 0.0005711022272986865
986 0.0017133066818960593
