0.000000000000000000e+00 2.704193800275395532e+01 1.015253500000000031e+03 1.044324609999999893e+03
6.000000000000000125e-03 2.674417600275395657e+01 1.014998339999999985e+03 1.043762590000000046e+03
1.200000000000000025e-02 2.586588340275395481e+01 1.014245270000000005e+03 1.042104129999999941e+03
1.799999999999999864e-02 2.445013330275395447e+01 1.013029469999999947e+03 1.039427940000000035e+03
2.400000000000000050e-02 2.256377150275395493e+01 1.011405169999999998e+03 1.035855769999999893e+03
2.999999999999999889e-02 2.029128650275395529e+01 1.009440429999999992e+03 1.031541130000000067e+03
3.599999999999999728e-02 1.772768670275395664e+01 1.007211230000000000e+03 1.026656240000000025e+03
4.200000000000000261e-02 1.497137240275395698e+01 1.004795610000000011e+03 1.021379149999999981e+03
4.800000000000000100e-02 1.211782310275395780e+01 1.002268760000000043e+03 1.015882359999999949e+03
5.399999999999999939e-02 9.254646892753957133e+00 9.996993039999999837e+02 1.010324250000000006e+03
5.999999999999999778e-02 6.458237892753956544e+00 9.971471890000000258e+02 1.004843449999999962e+03
6.600000000000000311e-02 3.792026432753956566e+00 9.946628680000000031e+02 9.995562619999999470e+02
7.199999999999999456e-02 1.306117982753956630e+00 9.922876469999999927e+02 9.945565520000000106e+02
7.799999999999999989e-02 -9.619968302460434328e-01 9.900547460000000228e+02 9.899174349999999549e+02
8.400000000000000522e-02 -2.986020827246043563e+00 9.879907070000000431e+02 9.856940299999999979e+02
8.999999999999999667e-02 -4.749065297246043649e+00 9.861167990000000145e+02 9.819265890000000354e+02
9.600000000000000200e-02 -6.173358467246043979e+00 9.845054330000000391e+02 9.787692009999999527e+02
1.079999999999999988e-01 -8.339958367246042670e+00 9.818506499999999733e+02 9.737267309999999725e+02
1.199999999999999956e-01 -9.439686897246042818e+00 9.801463629999999512e+02 9.707423069999999825e+02
1.320000000000000062e-01 -9.541917877246042679e+00 9.794077449999999772e+02 9.697646889999999757e+02
1.439999999999999891e-01 -8.759405097246043326e+00 9.795806559999999763e+02 9.706253299999999626e+02
1.559999999999999998e-01 -7.250475307246043499e+00 9.805370070000000169e+02 9.730331509999999753e+02
1.680000000000000104e-01 -5.218693197246043525e+00 9.820861609999999473e+02 9.765882329999999456e+02
1.799999999999999933e-01 -2.902348457246043623e+00 9.840012580000000071e+02 9.808202959999999848e+02
1.920000000000000040e-01 -6.023331452460434221e-01 9.860352980000000116e+02 9.851827700000000050e+02
2.159999999999999976e-01 3.234432172753956447e+00 9.897124959999999874e+02 9.928004660000000285e+02
2.399999999999999911e-01 5.205913252753956222e+00 9.921878060000000232e+02 9.974073290000000043e+02
2.640000000000000124e-01 5.245624832753956746e+00 9.932209880000000339e+02 9.986551220000000058e+02
2.879999999999999782e-01 4.087219142753956369e+00 9.931169350000000122e+02 9.975340039999999817e+02
3.119999999999999996e-01 2.604071132753956519e+00 9.923689150000000154e+02 9.953812930000000279e+02
3.360000000000000209e-01 1.353923642753956491e+00 9.913881010000000060e+02 9.931651640000000043e+02
3.599999999999999867e-01 5.211386617539566224e-01 9.904167260000000397e+02 9.913282679999999800e+02
3.840000000000000080e-01 1.329729717539565037e-01 9.896157699999999977e+02 9.900714799999999514e+02
4.319999999999999951e-01 -1.653454862460434771e-01 9.884697220000000470e+02 9.884629220000000487e+02
4.799999999999999822e-01 -2.152771702460434811e-01 9.880332180000000335e+02 9.878320860000000039e+02
5.280000000000000249e-01 -1.778442922460434783e-01 9.881653290000000425e+02 9.879532020000000330e+02
5.759999999999999565e-01 1.537157417539565252e-01 9.886573230000000194e+02 9.888472850000000562e+02
6.239999999999999991e-01 5.655180967539565895e-01 9.892145269999999755e+02 9.899463829999999689e+02
6.720000000000000417e-01 6.825442157539565180e-01 9.894417640000000347e+02 9.903708609999999908e+02
7.199999999999999734e-01 3.963411597539565068e-01 9.891091410000000224e+02 9.897282830000000331e+02
7.680000000000000160e-01 1.041761067539565266e-01 9.886309939999999870e+02 9.888923819999999978e+02
8.639999999999999902e-01 1.232858247539565244e-01 9.884846059999999852e+02 9.887315620000000536e+02
9.599999999999999645e-01 1.793044837539565228e-01 9.886427370000000110e+02 9.889829120000000557e+02
1.056000000000000050e+00 8.907761455395651895e-02 9.885077690000000530e+02 9.887451409999999896e+02
1.151999999999999913e+00 1.305385407539565168e-01 9.885002759999999853e+02 9.887718720000000303e+02
1.247999999999999998e+00 8.042272705395653309e-02 9.884372489999999516e+02 9.886510919999999487e+02
1.344000000000000083e+00 9.563709215395652108e-02 9.884437769999999546e+02 9.886616649999999709e+02
1.439999999999999947e+00 8.678539585395653178e-02 9.884093179999999847e+02 9.886294850000000451e+02
1.536000000000000032e+00 8.742451305395651517e-02 9.883957890000000361e+02 9.885914229999999634e+02
1.727999999999999980e+00 1.036112927539565298e-01 9.883564539999999852e+02 9.885497169999999869e+02
1.919999999999999929e+00 1.151822577539565184e-01 9.883370409999999993e+02 9.885234470000000329e+02
2.112000000000000099e+00 1.375595277539565231e-01 9.883104419999999664e+02 9.885000690000000532e+02
2.303999999999999826e+00 1.491729057539565029e-01 9.882864879999999630e+02 9.884826510000000326e+02
2.495999999999999996e+00 1.564047737539565053e-01 9.882805509999999458e+02 9.884773649999999634e+02
2.688000000000000167e+00 1.642373297539565236e-01 9.882746200000000272e+02 9.884775049999999510e+02
2.879999999999999893e+00 1.625058287539565272e-01 9.882671350000000530e+02 9.884749510000000328e+02
3.072000000000000064e+00 1.646188317539565016e-01 9.882639729999999645e+02 9.884671449999999595e+02
3.455999999999999961e+00 1.532590347539565245e-01 9.882477340000000368e+02 9.884419850000000451e+02
3.839999999999999858e+00 1.383630367539565031e-01 9.882496220000000449e+02 9.884394549999999526e+02
4.224000000000000199e+00 1.246023037539565059e-01 9.882333579999999529e+02 9.884066430000000310e+02
4.607999999999999652e+00 1.174876807539565193e-01 9.882255770000000439e+02 9.883886579999999640e+02
4.991999999999999993e+00 1.144101357539565322e-01 9.882103319999999940e+02 9.883675250000000005e+02
5.376000000000000334e+00 1.081771707539565253e-01 9.881929609999999684e+02 9.883371329999999944e+02
5.759999999999999787e+00 1.043356537539565088e-01 9.881813419999999724e+02 9.883212180000000444e+02
6.144000000000000128e+00 9.849314965395652988e-02 9.881656910000000380e+02 9.882974100000000135e+02
6.911999999999999922e+00 8.882661495395652307e-02 9.881546970000000556e+02 9.882737690000000157e+02
7.679999999999999716e+00 7.936712555395653013e-02 9.881434239999999818e+02 9.882495790000000397e+02
8.448000000000000398e+00 7.291447005395651493e-02 9.881159569999999803e+02 9.882191319999999450e+02
9.215999999999999304e+00 6.997053665395652766e-02 9.881018390000000409e+02 9.881986249999999927e+02
9.983999999999999986e+00 6.430009885395651659e-02 9.880950749999999516e+02 9.881824440000000322e+02
1.075200000000000067e+01 5.884996095395652466e-02 9.880878729999999450e+02 9.881663710000000265e+02
1.151999999999999957e+01 5.473316095395652087e-02 9.880799409999999625e+02 9.881530669999999645e+02
1.228800000000000026e+01 4.875219555395652465e-02 9.880700409999999465e+02 9.881400820000000067e+02
1.382399999999999984e+01 4.557165685395651866e-02 9.880528170000000046e+02 9.881148480000000518e+02
1.535999999999999943e+01 3.874851905395652191e-02 9.880420649999999796e+02 9.880923060000000078e+02
1.689600000000000080e+01 3.443496675395651963e-02 9.880326159999999618e+02 9.880822100000000319e+02
1.843199999999999861e+01 3.022577795395652023e-02 9.880258720000000494e+02 9.880677040000000488e+02
1.996799999999999997e+01 2.549122035395652228e-02 9.880184379999999464e+02 9.880558620000000474e+02
2.150400000000000134e+01 2.289600045395652136e-02 9.880202170000000024e+02 9.880533440000000382e+02
2.303999999999999915e+01 2.147258425395652190e-02 9.880169079999999440e+02 9.880477809999999863e+02
2.457600000000000051e+01 1.991676385395652060e-02 9.880099109999999882e+02 9.880360090000000355e+02
2.764799999999999969e+01 1.537448025395652187e-02 9.880080809999999474e+02 9.880315440000000535e+02
3.071999999999999886e+01 1.285256285395652148e-02 9.880026880000000347e+02 9.880200989999999592e+02
3.379200000000000159e+01 1.177514585395652257e-02 9.879998239999999896e+02 9.880164750000000140e+02
3.686399999999999721e+01 1.088009025395652099e-02 9.879972679999999627e+02 9.880127439999999979e+02
3.993599999999999994e+01 7.475301363956521339e-03 9.879922199999999748e+02 9.880035769999999502e+02
4.300800000000000267e+01 7.668714363956521257e-03 9.879986619999999675e+02 9.880096590000000560e+02
4.607999999999999829e+01 8.207915643956521443e-03 9.879973649999999452e+02 9.880067219999999679e+02
4.915200000000000102e+01 6.120973983956522202e-03 9.879945310000000518e+02 9.880033339999999953e+02
5.529599999999999937e+01 3.637511993956521646e-03 9.879969710000000305e+02 9.880020029999999451e+02
6.143999999999999773e+01 2.848659963956521723e-03 9.879942409999999882e+02 9.879994960000000219e+02
6.758400000000000318e+01 1.561427733956521641e-03 9.879894010000000435e+02 9.879935390000000552e+02
7.372799999999999443e+01 2.149907763956521688e-03 9.879878009999999904e+02 9.879929990000000544e+02
7.987199999999999989e+01 1.380879083956521643e-03 9.879859920000000102e+02 9.879906570000000556e+02
8.601600000000000534e+01 9.745704539565218025e-04 9.879873730000000478e+02 9.879907970000000432e+02
9.215999999999999659e+01 2.400822873956521674e-03 9.879881339999999454e+02 9.879915889999999763e+02
9.830400000000000205e+01 1.192188933956521771e-03 9.879888899999999694e+02 9.879909579999999778e+02
1.105919999999999987e+02 8.284970739565217668e-04 9.879874640000000454e+02 9.879900619999999662e+02
1.228799999999999955e+02 -1.672586230434782361e-04 9.879927020000000084e+02 9.879937350000000151e+02
1.351680000000000064e+02 1.152620133956521690e-03 9.879956839999999829e+02 9.879979520000000548e+02
1.474559999999999889e+02 7.604003339565217762e-04 9.879896760000000313e+02 9.879913010000000213e+02
1.597439999999999998e+02 1.297653473956521773e-03 9.879859020000000100e+02 9.879889719999999897e+02
1.720320000000000107e+02 5.913925739565218959e-04 9.879934319999999843e+02 9.879952670000000126e+02
1.843199999999999932e+02 2.841865059565217618e-04 9.879940010000000257e+02 9.879947150000000420e+02
1.966080000000000041e+02 -1.206150289043478189e-03 9.879966080000000375e+02 9.879960909999999785e+02
2.211839999999999975e+02 -4.010763570434782181e-04 9.879942829999999958e+02 9.879966389999999592e+02
2.457599999999999909e+02 1.177443949565218362e-04 9.879890639999999848e+02 9.879912880000000541e+02
2.703360000000000127e+02 -4.131416504347821053e-05 9.879923639999999523e+02 9.879945900000000165e+02
2.949119999999999777e+02 8.167674739565217428e-04 9.879881030000000237e+02 9.879922060000000101e+02
3.194879999999999995e+02 3.534262369565217875e-04 9.879877400000000307e+02 9.879902359999999817e+02
3.440640000000000214e+02 -5.160097092434781825e-04 9.879853590000000167e+02 9.879865929999999707e+02
3.686399999999999864e+02 -9.879960160434782777e-04 9.879872169999999869e+02 9.879882460000000037e+02
3.932160000000000082e+02 2.281228069565217681e-04 9.879861319999999978e+02 9.879901650000000473e+02
4.423679999999999950e+02 -1.472143650434781965e-04 9.879863450000000284e+02 9.879888300000000072e+02
4.915199999999999818e+02 -5.609962662434782397e-04 9.879852849999999762e+02 9.879858950000000277e+02
5.406720000000000255e+02 -3.000518720434781905e-04 9.879875510000000531e+02 9.879886689999999589e+02
5.898239999999999554e+02 5.561673839565217312e-04 9.879894060000000309e+02 9.879912859999999455e+02
6.389759999999999991e+02 -4.538562270434781882e-04 9.879848620000000210e+02 9.879847700000000259e+02
6.881280000000000427e+02 -6.362707323434781560e-04 9.879897059999999556e+02 9.879910840000000007e+02
7.372799999999999727e+02 -1.009164460434781884e-04 9.879940800000000536e+02 9.879953649999999925e+02
7.864320000000000164e+02 3.604150669565218132e-04 9.879937410000000000e+02 9.879959020000000010e+02
8.847359999999999900e+02 1.022884519565217618e-04 9.879912259999999833e+02 9.879927699999999504e+02
9.830399999999999636e+02 -6.573831450434781953e-04 9.879910139999999501e+02 9.879902489999999489e+02
1.081339999999999918e+03 -7.991294204347818095e-05 9.879977770000000419e+02 9.879983979999999519e+02
1.179650000000000091e+03 -2.752499440434781901e-04 9.879972980000000007e+02 9.879972440000000233e+02
1.277950000000000045e+03 1.918346809565217408e-04 9.879944910000000391e+02 9.879955919999999878e+02
1.376259999999999991e+03 6.946261895652183944e-05 9.879923469999999952e+02 9.879941929999999957e+02
1.474559999999999945e+03 -2.719953810434782107e-04 9.879924939999999651e+02 9.879941089999999804e+02
1.572859999999999900e+03 -1.323682830434781991e-04 9.879952019999999493e+02 9.879961110000000417e+02
1.769470000000000027e+03 1.229561795652184004e-05 9.880017579999999953e+02 9.880034900000000562e+02
1.966079999999999927e+03 -5.726571897434781615e-04 9.880010029999999688e+02 9.880021440000000439e+02
2.162690000000000055e+03 -5.827938953734782294e-04 9.880099249999999529e+02 9.880109720000000380e+02
2.359300000000000182e+03 -4.992913044434782541e-04 9.880148420000000442e+02 9.880157940000000281e+02
2.555900000000000091e+03 2.636213829565217616e-04 9.880186139999999568e+02 9.880198810000000549e+02
2.752510000000000218e+03 -2.481462500434781972e-04 9.880212800000000470e+02 9.880229500000000371e+02
2.949119999999999891e+03 -4.186961610434782261e-04 9.880142270000000053e+02 9.880149559999999838e+02
3.145730000000000018e+03 -3.043650250434782136e-04 9.880045589999999720e+02 9.880054669999999533e+02
3.538940000000000055e+03 8.134967956521820844e-06 9.880104489999999942e+02 9.880123690000000352e+02
3.932159999999999854e+03 -1.458434230434782247e-04 9.880190999999999804e+02 9.880208509999999933e+02
4.325380000000000109e+03 4.326831095652176884e-05 9.880203350000000455e+02 9.880213350000000219e+02
4.718590000000000146e+03 -2.341871904347817262e-05 9.880140249999999469e+02 9.880152510000000348e+02
5.111810000000000400e+03 1.651902849565217669e-04 9.880149290000000519e+02 9.880164099999999507e+02
5.505020000000000437e+03 1.016355869565217828e-04 9.880161900000000514e+02 9.880171709999999621e+02
5.898239999999999782e+03 -2.036652580434781959e-04 9.880229839999999513e+02 9.880238799999999628e+02
6.291460000000000036e+03 -2.524020240434781868e-04 9.880281220000000530e+02 9.880289060000000063e+02
7.077890000000000327e+03 -9.847766304347822103e-05 9.880207149999999956e+02 9.880215359999999691e+02
7.864319999999999709e+03 -1.398941920434782328e-04 9.880151399999999740e+02 9.880166040000000294e+02
8.650750000000000000e+03 1.027356709565217449e-04 9.880066389999999501e+02 9.880083909999999605e+02
9.437180000000000291e+03 -1.011758210434782201e-04 9.880059750000000349e+02 9.880070630000000165e+02
1.022360000000000036e+04 1.424312559565217573e-04 9.880118969999999763e+02 9.880135299999999461e+02
1.101000000000000000e+04 -3.306081800434782034e-04 9.880140470000000050e+02 9.880154820000000200e+02
1.179650000000000000e+04 -1.270078190434782207e-04 9.880282919999999649e+02 9.880297259999999824e+02
1.258289999999999964e+04 5.113792295652179205e-05 9.880321149999999761e+02 9.880337590000000318e+02
1.415579999999999927e+04 -1.202818020434782043e-04 9.880309109999999464e+02 9.880320490000000291e+02
1.572860000000000036e+04 -1.697444050434781886e-04 9.880149800000000369e+02 9.880164879999999812e+02
1.730150000000000000e+04 1.240319199565218010e-04 9.880092309999999998e+02 9.880105959999999641e+02
1.887440000000000146e+04 -2.281468904347821493e-05 9.879985890000000381e+02 9.879999990000000025e+02
2.044720000000000073e+04 3.215807695652178871e-05 9.879909949999999981e+02 9.879923469999999952e+02
2.202009999999999854e+04 1.635055079565217754e-04 9.880012440000000424e+02 9.880027290000000448e+02
2.359300000000000000e+04 -1.558806760434782021e-04 9.879910399999999981e+02 9.879926520000000210e+02
2.516579999999999927e+04 -1.402414900434782231e-04 9.879745940000000246e+02 9.879758339999999635e+02
2.831159999999999854e+04 -1.022856670434782065e-04 9.879991949999999861e+02 9.880002610000000232e+02
3.145729999999999927e+04 -1.555343070434781860e-04 9.880021689999999808e+02 9.880034849999999551e+02
3.460300000000000000e+04 2.800331495652176941e-05 9.880026940000000195e+02 9.880041370000000143e+02
3.774869999999999709e+04 -8.375500004347816076e-05 9.879648029999999608e+02 9.879661230000000387e+02
4.089450000000000000e+04 -5.212010404347816074e-05 9.879364339999999629e+02 9.879374699999999621e+02
4.404019999999999709e+04 8.188546395652182130e-05 9.879712600000000293e+02 9.879728420000000142e+02
4.718590000000000146e+04 -9.038341043478238454e-06 9.879576309999999921e+02 9.879591719999999668e+02
5.033159999999999854e+04 -2.421412404347822976e-05 9.880004430000000184e+02 9.880019409999999880e+02
5.662309999999999854e+04 -9.851438804347822193e-05 9.879291190000000142e+02 9.879304530000000568e+02
6.291459999999999854e+04 8.390016956521736957e-06 9.879147000000000389e+02 9.879161360000000514e+02
6.920600000000000000e+04 1.118906699565218061e-04 9.878886619999999539e+02 9.878903269999999566e+02
7.549750000000000000e+04 3.854914795652173570e-05 9.878558580000000120e+02 9.878572349999999460e+02
8.178889999999999418e+04 -7.193891304347818649e-05 9.878702140000000327e+02 9.878717259999999669e+02
8.808039999999999418e+04 -1.464102550434782284e-04 9.879249800000000050e+02 9.879262449999999944e+02
9.437180000000000291e+04 6.152457095652183721e-05 9.879470069999999851e+02 9.879485720000000128e+02
1.006630000000000000e+05 1.020151095652182312e-05 9.879907570000000305e+02 9.879922860000000355e+02
1.132460000000000000e+05 2.622660295652180437e-05 9.880390630000000556e+02 9.880404879999999821e+02
1.258290000000000000e+05 -6.573619043478214248e-06 9.880704560000000356e+02 9.880719589999999926e+02
1.384120000000000000e+05 3.003136795652183028e-05 9.880260690000000068e+02 9.880276460000000043e+02
1.509950000000000000e+05 -2.849467404347826114e-05 9.879810700000000452e+02 9.879825839999999744e+02
1.635780000000000000e+05 1.165435795652178513e-05 9.880188859999999522e+02 9.880203089999999975e+02
1.761610000000000000e+05 -2.528445804347823848e-05 9.879691559999999981e+02 9.879705920000000106e+02
1.887440000000000000e+05 -7.386057704347824115e-05 9.880006339999999909e+02 9.880019889999999805e+02
2.013270000000000000e+05 5.834114956521758120e-06 9.881727630000000318e+02 9.881742500000000291e+02
2.264920000000000000e+05 -5.875625704347816822e-05 9.881255800000000136e+02 9.881268989999999803e+02
2.516580000000000000e+05 -1.859834704347825170e-05 9.880726170000000366e+02 9.880741610000000037e+02
2.768240000000000000e+05 -2.205322004347818991e-05 9.881149679999999762e+02 9.881164890000000014e+02
3.019900000000000000e+05 -7.392682043478172697e-06 9.887915030000000343e+02 9.887930149999999685e+02
3.271560000000000000e+05 2.578863809565217846e-04 9.889192960000000312e+02 9.889209270000000060e+02
3.523220000000000000e+05 1.990277295652184090e-05 9.893139459999999872e+02 9.893153449999999793e+02
