0.03 0.0008006639940665315
0.069 0.0038683124743768924
0.12 0.009900437121965975
0.186 0.019493840429742573
0.271 0.034455909667829
0.383 0.05628262714356729
0.527 0.08502870371967924
0.716 0.12177607513601443
0.96 0.16832798754218053
1.2790000000000001 0.22841931229282406
1.692 0.3073522783988911
2.23 0.40778523816155254
2.9290000000000003 0.5401042922172994
3.837 0.7108611372275386
5.019 0.932568340902313
6.554 1.221283101103524
8.55 1.600775607499662
11.146 2.095102551801285
14.519 2.735240759967343
18.905 3.557936592647311
24.606 4.627044846371922
32.018 6.020489220942022
41.654 7.851510303714035
54.18 10.302290263551283
70.464 13.361700662896984
91.633 17.402541414562354
119.153 22.61605633968786
154.929 29.498829040814616
201.43800000000002 38.45153096994775
261.9 49.92882795479383
340.499 65.3404415377567
442.67900000000003 84.7679581997084
575.513 110.3382021471513
748.197 143.35390645058234
972.686 185.8326516462129
1264.522 242.1452040159945
1643.9080000000001 315.1993163330143
2137.111 409.97417455063976
2778.274 532.23868247161
2778.3740000000003 532.2577194782579
5556.7480000000005 1066.3798697109748
8335.122 1598.098340912919
11113.496000000001 2130.272231344889
13891.87 2659.2553852872843
16670.244 3186.7741383566067
19448.618000000002 3716.867419768568
22226.992000000002 4251.065617123319
25005.366 4787.279540427219
27783.74 5323.88474389218
30562.114 5867.152454720542
33340.488 6411.3067552685825
36118.862 6959.117139556269
38897.236000000004 7507.400738964578
41675.61 8058.577115709444
44453.984000000004 8612.795838154072
47232.358 9173.075486937958
50010.732 9733.467869435004
52789.106 10299.933266425453
55567.48 10871.350349076303
58345.854 11448.927285125477
61124.228 12029.431055187562
63902.602 12613.631504703877
66680.976 13195.106227389726
69459.35 13770.403968441458
72237.724 14348.950234471502
75016.098 14922.681463899538
77794.47200000001 15495.64489387459
80572.846 16070.59356991084
83351.22 16646.334248908577
86129.594 17223.161998477535
88907.96800000001 17798.1487522267
91686.342 18374.660398997086
94464.716 18956.104087370146
97243.09 19546.988473033744
100021.464 20134.477167889112
102799.838 20721.557557634493
105578.212 21299.0103869671
108356.586 21879.486418046177
111134.96 22450.038008647385
113913.334 23023.929947929817
116691.708 23590.83116891871
119470.08200000001 24161.01733230732
122248.456 24740.085485580297
125026.83 25311.781345342348
127805.204 25890.86973252391
130583.57800000001 26461.71541058951
133361.952 27020.88215522916
136140.326 27583.600567990703
138918.7 28139.577270169215
141697.074 28706.877719386695
144475.448 29282.263957731564
147253.82200000001 29860.062217929786
150032.196 30443.66883939226
152810.57 31005.634135766537
155588.94400000002 31589.416303428476
158367.318 32173.266785656328
161145.692 32737.897566223015
163924.066 33303.84272283713
166702.44 33858.98366836706
169480.814 34421.702683903735
172259.188 34983.29585886408
175037.562 35518.535766351844
177815.93600000002 36055.18272171336
180594.31 36571.73805652161
183372.684 37063.43655712768
186151.058 37574.14483184723
188929.432 38010.71351143434
191707.806 38425.08679554815
194486.18 38896.29820327083
197264.554 39234.63112603576
