0.000000000000000000e+00 2.715161158801595320e+01 1.018209110000000010e+03 1.047345160000000078e+03
6.000000000000000125e-03 2.685915588801595177e+01 1.017963129999999978e+03 1.046797530000000052e+03
1.200000000000000025e-02 2.599417348801595296e+01 1.017235149999999976e+03 1.045177169999999933e+03
1.799999999999999864e-02 2.459245148801595349e+01 1.016053480000000036e+03 1.042548659999999927e+03
2.400000000000000050e-02 2.271023238801595312e+01 1.014462290000000053e+03 1.039013169999999946e+03
2.999999999999999889e-02 2.041996358801595335e+01 1.012518090000000029e+03 1.034700640000000021e+03
3.599999999999999728e-02 1.780518308801595140e+01 1.010285589999999956e+03 1.029760569999999916e+03
4.200000000000000261e-02 1.495516008801595298e+01 1.007833449999999971e+03 1.024352409999999963e+03
4.800000000000000100e-02 1.195985438801595357e+01 1.005230479999999943e+03 1.018636660000000006e+03
5.399999999999999939e-02 8.905628938015953011e+00 1.002542519999999968e+03 1.012767510000000016e+03
5.999999999999999778e-02 5.871977948015952187e+00 9.998303499999999531e+02 1.006887330000000020e+03
6.600000000000000311e-02 2.929360298015952324e+00 9.971485050000000001e+02 1.001123339999999985e+03
7.199999999999999456e-02 1.380795430159522663e-01 9.945449149999999463e+02 9.955860679999999547e+02
7.799999999999999989e-02 -2.451954871984047379e+00 9.920611760000000459e+02 9.903692899999999781e+02
8.400000000000000522e-02 -4.800811961984048359e+00 9.897331440000000384e+02 9.855510060000000294e+02
8.999999999999999667e-02 -6.877713981984047820e+00 9.875916310000000067e+02 9.811948909999999842e+02
9.600000000000000200e-02 -8.582513081984046721e+00 9.857217719999999872e+02 9.774899599999999964e+02
1.079999999999999988e-01 -1.120456161198404743e+01 9.825960579999999709e+02 9.715019160000000511e+02
1.199999999999999956e-01 -1.254589071198404682e+01 9.805301190000000133e+02 9.678930480000000216e+02
1.320000000000000062e-01 -1.263955881198404718e+01 9.795764189999999871e+02 9.666880929999999807e+02
1.439999999999999891e-01 -1.159895421198404719e+01 9.797008140000000367e+02 9.677404400000000351e+02
1.559999999999999998e-01 -9.615695401984046597e+00 9.807791280000000143e+02 9.707320069999999532e+02
1.680000000000000104e-01 -6.951783231984047795e+00 9.826094960000000356e+02 9.751950849999999491e+02
1.799999999999999933e-01 -3.919566661984047684e+00 9.849398700000000417e+02 9.805613680000000159e+02
1.920000000000000040e-01 -9.156823139840477577e-01 9.875001359999999977e+02 9.861681340000000091e+02
2.159999999999999976e-01 4.081774258015951951e+00 9.922988289999999552e+02 9.961167920000000322e+02
2.399999999999999911e-01 6.637273428015951993e+00 9.957894810000000234e+02 1.002395729999999958e+03
2.640000000000000124e-01 6.685690038015952297e+00 9.975165990000000420e+02 1.004424769999999967e+03
2.879999999999999782e-01 5.171741378015951796e+00 9.976887309999999616e+02 1.003290129999999976e+03
3.119999999999999996e-01 3.195535598015952328e+00 9.967971760000000359e+02 1.000542879999999968e+03
3.360000000000000209e-01 1.475049038015952219e+00 9.953513759999999593e+02 9.974067519999999831e+02
3.599999999999999867e-01 2.857242040159522212e-01 9.937662109999999984e+02 9.945868619999999964e+02
3.840000000000000080e-01 -2.894143249840477328e-01 9.924023079999999482e+02 9.925307920000000195e+02
4.319999999999999951e-01 -7.372493749840477451e-01 9.905233590000000277e+02 9.899011940000000322e+02
4.799999999999999822e-01 -7.563399919840477770e-01 9.900765490000000000e+02 9.891882500000000391e+02
5.280000000000000249e-01 -5.026930869840477989e-01 9.906968359999999620e+02 9.900269779999999855e+02
5.759999999999999565e-01 2.425965970159522644e-01 9.918255669999999782e+02 9.920607139999999617e+02
6.239999999999999991e-01 9.420211410159522458e-01 9.928250839999999471e+02 9.939532150000000001e+02
6.720000000000000417e-01 9.665098210159522862e-01 9.930026579999999967e+02 9.942238310000000183e+02
7.199999999999999734e-01 2.954292990159522181e-01 9.922076359999999795e+02 9.926951709999999593e+02
7.680000000000000160e-01 -1.187790139840477488e-01 9.914733039999999846e+02 9.914620820000000094e+02
8.639999999999999902e-01 1.308467090159522728e-01 9.915324779999999691e+02 9.917343919999999571e+02
9.599999999999999645e-01 1.740068930159522631e-01 9.917961649999999736e+02 9.920752639999999474e+02
1.056000000000000050e+00 7.490646151595226065e-02 9.916200939999999946e+02 9.918201609999999846e+02
1.151999999999999913e+00 1.380708930159522674e-01 9.916078569999999672e+02 9.918544950000000426e+02
1.247999999999999998e+00 5.894799181595226228e-02 9.915455419999999549e+02 9.917126140000000305e+02
1.344000000000000083e+00 9.240781801595225609e-02 9.915610629999999901e+02 9.917579520000000457e+02
1.439999999999999947e+00 6.487923041595225482e-02 9.915219509999999445e+02 9.916845809999999801e+02
1.536000000000000032e+00 7.645845641595225284e-02 9.915201369999999770e+02 9.916975539999999683e+02
1.727999999999999980e+00 7.173195791595225745e-02 9.915039500000000317e+02 9.916656850000000532e+02
1.919999999999999929e+00 8.751429591595225044e-02 9.914856049999999641e+02 9.916451339999999846e+02
2.112000000000000099e+00 9.468789261595225715e-02 9.914705340000000433e+02 9.916316140000000132e+02
2.303999999999999826e+00 1.040931040159522591e-01 9.914594280000000026e+02 9.916214199999999437e+02
2.495999999999999996e+00 1.265472300159522778e-01 9.914521359999999959e+02 9.916287330000000111e+02
2.688000000000000167e+00 1.306316820159522663e-01 9.914486779999999726e+02 9.916210989999999583e+02
2.879999999999999893e+00 1.448047120159522694e-01 9.914387649999999894e+02 9.916216030000000501e+02
3.072000000000000064e+00 1.499319530159522740e-01 9.914327550000000429e+02 9.916171229999999923e+02
3.455999999999999961e+00 1.536584470159522708e-01 9.914275619999999662e+02 9.916183610000000499e+02
3.839999999999999858e+00 1.502453130159522587e-01 9.914362399999999980e+02 9.916265300000000025e+02
4.224000000000000199e+00 1.455474520159522611e-01 9.914381329999999934e+02 9.916287650000000440e+02
4.607999999999999652e+00 1.370437430159522629e-01 9.914361460000000079e+02 9.916224939999999606e+02
4.991999999999999993e+00 1.280462840159522775e-01 9.914325109999999768e+02 9.916109020000000100e+02
5.376000000000000334e+00 1.232364050159522606e-01 9.914297970000000078e+02 9.916065280000000257e+02
5.759999999999999787e+00 1.224572560159522538e-01 9.914263099999999440e+02 9.915954829999999447e+02
6.144000000000000128e+00 1.210107370159522605e-01 9.914235710000000381e+02 9.915877719999999726e+02
6.911999999999999922e+00 1.201017460159522487e-01 9.914119449999999460e+02 9.915700849999999491e+02
7.679999999999999716e+00 1.179071690159522595e-01 9.914050449999999728e+02 9.915599750000000085e+02
8.448000000000000398e+00 1.139883080159522499e-01 9.913977230000000418e+02 9.915495620000000372e+02
9.215999999999999304e+00 1.071188030159522520e-01 9.913969309999999950e+02 9.915405970000000480e+02
9.983999999999999986e+00 1.017957210159522591e-01 9.913876259999999547e+02 9.915272439999999960e+02
1.075200000000000067e+01 1.011472080159522557e-01 9.913802339999999731e+02 9.915146449999999732e+02
1.151999999999999957e+01 1.014466730159522545e-01 9.913823740000000271e+02 9.915186449999999923e+02
1.228800000000000026e+01 9.777462071595224846e-02 9.913779029999999466e+02 9.915099539999999934e+02
1.382399999999999984e+01 9.509848671595225178e-02 9.913707060000000411e+02 9.914991810000000214e+02
1.535999999999999943e+01 9.113943931595225312e-02 9.913632750000000442e+02 9.914893339999999853e+02
1.689600000000000080e+01 8.823682951595225588e-02 9.913546740000000455e+02 9.914766069999999445e+02
1.843199999999999861e+01 8.638385621595225106e-02 9.913474119999999630e+02 9.914641960000000154e+02
1.996799999999999997e+01 8.165094581595225276e-02 9.913449520000000348e+02 9.914576080000000502e+02
2.150400000000000134e+01 8.077267041595224961e-02 9.913415009999999938e+02 9.914511370000000170e+02
2.303999999999999915e+01 7.848468171595225640e-02 9.913340680000000020e+02 9.914411989999999832e+02
2.457600000000000051e+01 7.536974021595226059e-02 9.913311989999999696e+02 9.914336809999999787e+02
2.764799999999999969e+01 7.102260721595225756e-02 9.913229569999999740e+02 9.914180450000000064e+02
3.071999999999999886e+01 6.741462081595225864e-02 9.913161700000000565e+02 9.914088389999999436e+02
3.379200000000000159e+01 6.503681511595225950e-02 9.913111159999999700e+02 9.914005680000000211e+02
3.686399999999999721e+01 6.132322281595226077e-02 9.912992010000000391e+02 9.913843060000000378e+02
3.993599999999999994e+01 5.910964541595226107e-02 9.912976850000000013e+02 9.913794360000000552e+02
4.300800000000000267e+01 5.715636091595226176e-02 9.912904479999999694e+02 9.913687139999999545e+02
4.607999999999999829e+01 5.430431551595225892e-02 9.912884510000000091e+02 9.913631769999999506e+02
4.915200000000000102e+01 5.288361401595226274e-02 9.912795519999999669e+02 9.913512379999999666e+02
5.529599999999999937e+01 4.949800911595226421e-02 9.912700660000000425e+02 9.913375499999999647e+02
6.143999999999999773e+01 4.613306031595226092e-02 9.912633580000000393e+02 9.913267949999999473e+02
6.758400000000000318e+01 4.226164361595226293e-02 9.912596449999999777e+02 9.913172280000000001e+02
7.372799999999999443e+01 3.898813651595225971e-02 9.912501750000000129e+02 9.913046470000000454e+02
7.987199999999999989e+01 3.716550981595226344e-02 9.912452530000000479e+02 9.912958069999999680e+02
8.601600000000000534e+01 3.474803041595225794e-02 9.912400720000000547e+02 9.912872770000000173e+02
9.215999999999999659e+01 3.361692751595225792e-02 9.912385120000000143e+02 9.912842819999999620e+02
9.830400000000000205e+01 3.139171691595225855e-02 9.912342939999999771e+02 9.912762239999999565e+02
1.105919999999999987e+02 2.787672841595225867e-02 9.912223330000000487e+02 9.912598619999999983e+02
1.228799999999999955e+02 2.556660611595225688e-02 9.912138810000000149e+02 9.912477509999999938e+02
1.351680000000000064e+02 2.323187361595225806e-02 9.912099490000000515e+02 9.912410119999999552e+02
1.474559999999999889e+02 2.078292471595225704e-02 9.912029420000000073e+02 9.912321110000000317e+02
1.597439999999999998e+02 1.949676281595225796e-02 9.911988840000000209e+02 9.912249399999999468e+02
1.720320000000000107e+02 1.854010691595225913e-02 9.911979579999999714e+02 9.912231620000000021e+02
1.843199999999999932e+02 1.629570501595225748e-02 9.911931399999999712e+02 9.912143710000000283e+02
1.966080000000000041e+02 1.515831161595225691e-02 9.911895970000000489e+02 9.912084569999999530e+02
2.211839999999999975e+02 1.221017611595225788e-02 9.911817909999999756e+02 9.911976819999999861e+02
2.457599999999999909e+02 1.051463131595225739e-02 9.911766129999999748e+02 9.911899110000000519e+02
2.703360000000000127e+02 9.782850115952257397e-03 9.911738699999999653e+02 9.911849750000000085e+02
2.949119999999999777e+02 7.968493765952258320e-03 9.911761689999999589e+02 9.911856500000000096e+02
3.194879999999999995e+02 6.707988895952258362e-03 9.911722750000000133e+02 9.911808760000000120e+02
3.440640000000000214e+02 5.508295595952258754e-03 9.911711159999999836e+02 9.911790150000000494e+02
3.686399999999999864e+02 4.813673235952258683e-03 9.911676400000000058e+02 9.911741550000000416e+02
3.932160000000000082e+02 4.142478955952258110e-03 9.911671669999999494e+02 9.911723570000000336e+02
4.423679999999999950e+02 2.297780545952257929e-03 9.911615229999999883e+02 9.911650799999999890e+02
4.915199999999999818e+02 2.351800805952257867e-03 9.911623359999999821e+02 9.911663529999999582e+02
5.406720000000000255e+02 2.914091875952257941e-03 9.911627690000000257e+02 9.911668389999999818e+02
5.898239999999999554e+02 2.717524345952257968e-03 9.911633910000000469e+02 9.911676149999999552e+02
6.389759999999999991e+02 2.836756125952257911e-03 9.911690370000000030e+02 9.911718799999999874e+02
6.881280000000000427e+02 1.924175895952258105e-03 9.911654999999999518e+02 9.911676129999999603e+02
7.372799999999999727e+02 1.302991235952258254e-03 9.911646570000000338e+02 9.911652860000000373e+02
7.864320000000000164e+02 8.108786059522582164e-04 9.911602950000000192e+02 9.911606000000000449e+02
8.847359999999999900e+02 1.482854055952258264e-03 9.911530430000000251e+02 9.911535679999999502e+02
9.830399999999999636e+02 5.710843919522581077e-04 9.911577230000000327e+02 9.911569650000000138e+02
1.081339999999999918e+03 9.216663959522580904e-04 9.911577660000000378e+02 9.911583020000000488e+02
1.179650000000000091e+03 8.774045559522581110e-04 9.911577429999999822e+02 9.911589279999999462e+02
1.277950000000000045e+03 2.295983879522581477e-04 9.911614789999999857e+02 9.911617569999999660e+02
1.376259999999999991e+03 2.302107759522581561e-04 9.911648729999999432e+02 9.911652870000000348e+02
1.474559999999999945e+03 2.278799219522581671e-04 9.911681519999999637e+02 9.911675050000000056e+02
1.572859999999999900e+03 7.609491495225815670e-05 9.911788679999999658e+02 9.911780710000000454e+02
1.769470000000000027e+03 -2.087855470477418369e-04 9.911719190000000026e+02 9.911717690000000403e+02
1.966079999999999927e+03 2.632125059522581441e-04 9.911682970000000523e+02 9.911676109999999653e+02
2.162690000000000055e+03 -8.037151304774182970e-05 9.911698239999999487e+02 9.911683540000000221e+02
2.359300000000000182e+03 -7.499413110477418792e-04 9.911521880000000237e+02 9.911506600000000162e+02
2.555900000000000091e+03 -1.337011770477418231e-04 9.911527509999999666e+02 9.911507279999999582e+02
2.752510000000000218e+03 6.601111395225818111e-05 9.911599899999999934e+02 9.911586869999999863e+02
2.949119999999999891e+03 -4.089318630477418526e-04 9.911454169999999522e+02 9.911452020000000402e+02
3.145730000000000018e+03 -4.127997340477417964e-04 9.911490240000000540e+02 9.911501950000000534e+02
3.538940000000000055e+03 -1.341964790477418509e-04 9.911421100000000024e+02 9.911420879999999443e+02
3.932159999999999854e+03 -2.386995982177418489e-04 9.911196999999999662e+02 9.911196059999999761e+02
4.325380000000000109e+03 2.644116979522581493e-04 9.910975170000000389e+02 9.910968020000000251e+02
4.718590000000000146e+03 -3.137090471477418344e-04 9.910816760000000158e+02 9.910804889999999432e+02
5.111810000000000400e+03 -1.003481887047741761e-03 9.910834929999999758e+02 9.910826600000000326e+02
5.505020000000000437e+03 -1.367292434047741746e-03 9.910900589999999966e+02 9.910890670000000000e+02
5.898239999999999782e+03 2.604670049522581250e-04 9.911055139999999710e+02 9.911073639999999614e+02
6.291460000000000036e+03 2.906643599522581523e-04 9.911057250000000067e+02 9.911067990000000236e+02
7.077890000000000327e+03 4.603344952258187550e-06 9.911029949999999644e+02 9.911036249999999654e+02
7.864319999999999709e+03 1.322566269522581779e-04 9.911235639999999876e+02 9.911237310000000207e+02
8.650750000000000000e+03 4.497893329522581300e-04 9.911070610000000443e+02 9.911069489999999860e+02
9.437180000000000291e+03 -3.377036067477418545e-04 9.911061059999999543e+02 9.911055049999999937e+02
1.022360000000000036e+04 -6.053463710477418897e-04 9.911153719999999794e+02 9.911150509999999940e+02
1.101000000000000000e+04 3.971419995225816701e-05 9.911380080000000135e+02 9.911380759999999555e+02
1.179650000000000000e+04 -4.268300440477418040e-04 9.910877560000000130e+02 9.910866150000000516e+02
1.258289999999999964e+04 -8.147104480477418767e-04 9.910884539999999561e+02 9.910857949999999619e+02
1.415579999999999927e+04 4.272675969522581876e-04 9.911046250000000555e+02 9.911054229999999734e+02
1.572860000000000036e+04 -3.239966410477418055e-04 9.911586529999999584e+02 9.911582090000000562e+02
1.730150000000000000e+04 -1.603611151477418511e-04 9.911591489999999567e+02 9.911587960000000521e+02
1.887440000000000146e+04 -4.159884170477418292e-04 9.911564160000000356e+02 9.911547739999999749e+02
2.044720000000000073e+04 3.275996489522581745e-04 9.911551749999999856e+02 9.911560739999999896e+02
2.202009999999999854e+04 -1.143762304774183637e-05 9.911466689999999744e+02 9.911458770000000413e+02
2.359300000000000000e+04 -9.553392930477418166e-04 9.911750210000000152e+02 9.911731650000000400e+02
2.516579999999999927e+04 -3.392258435477418224e-04 9.911599870000000010e+02 9.911598900000000185e+02
2.831159999999999854e+04 -3.055484935477418423e-04 9.911274479999999585e+02 9.911271960000000263e+02
3.145729999999999927e+04 3.514359369522581690e-04 9.910780829999999924e+02 9.910785039999999526e+02
3.460300000000000000e+04 -6.656214904774183125e-05 9.911429640000000063e+02 9.911432139999999436e+02
3.774869999999999709e+04 4.247817109522581628e-04 9.911523760000000038e+02 9.911529699999999821e+02
4.089450000000000000e+04 3.614352569522580935e-04 9.912003110000000561e+02 9.912009709999999814e+02
4.404019999999999709e+04 -9.981749004774184350e-05 9.911874480000000176e+02 9.911870079999999916e+02
4.718590000000000146e+04 -2.179368397477418379e-04 9.911761179999999740e+02 9.911761749999999438e+02
5.033159999999999854e+04 2.527785095225815680e-05 9.910883270000000493e+02 9.910879740000000311e+02
5.662309999999999854e+04 -1.584195007477418309e-04 9.910605659999999943e+02 9.910604509999999436e+02
6.291459999999999854e+04 3.619404569522580899e-04 9.910344020000000000e+02 9.910347189999999955e+02
6.920600000000000000e+04 1.977073449522581737e-04 9.909940820000000485e+02 9.909941270000000486e+02
7.549750000000000000e+04 -3.745553530477418059e-04 9.911846279999999751e+02 9.911849059999999554e+02
8.178889999999999418e+04 -3.786285690477418642e-04 9.911719630000000052e+02 9.911711689999999635e+02
8.808039999999999418e+04 -6.686705604774182809e-05 9.910970640000000458e+02 9.910968599999999924e+02
9.437180000000000291e+04 -1.351283890477418417e-04 9.910743770000000268e+02 9.910740489999999454e+02
1.006630000000000000e+05 3.500927019522581283e-04 9.911436629999999468e+02 9.911439510000000155e+02
1.132460000000000000e+05 3.992168195225814504e-05 9.909641639999999825e+02 9.909640930000000481e+02
1.258290000000000000e+05 -2.983009524477418101e-04 9.907540739999999460e+02 9.907533150000000433e+02
1.384120000000000000e+05 -1.581760014477418268e-04 9.909791569999999865e+02 9.909794439999999440e+02
1.509950000000000000e+05 3.181616019522581860e-04 9.910715750000000526e+02 9.910719649999999774e+02
1.635780000000000000e+05 9.634426595225817932e-05 9.910155969999999570e+02 9.910153319999999439e+02
1.761610000000000000e+05 1.290861509522581434e-04 9.910455150000000231e+02 9.910455210000000079e+02
1.887440000000000000e+05 -8.681545504774182561e-05 9.911630450000000110e+02 9.911625999999999976e+02
2.013270000000000000e+05 6.222743995225817645e-05 9.910387590000000273e+02 9.910393790000000536e+02
2.264920000000000000e+05 8.972718095225814508e-05 9.909904070000000047e+02 9.909901959999999690e+02
2.516580000000000000e+05 3.678473895225818093e-05 9.914807630000000245e+02 9.914808130000000119e+02
2.768240000000000000e+05 -1.805082973477418204e-04 9.906986829999999600e+02 9.906985799999999927e+02
3.019900000000000000e+05 3.341738795225817726e-05 9.901419720000000098e+02 9.901425819999999476e+02
3.271560000000000000e+05 -1.975032961477418236e-04 9.901226209999999810e+02 9.901213860000000295e+02
3.523220000000000000e+05 2.942140669522581896e-04 9.895189649999999801e+02 9.895197699999999941e+02
