0.000000000000000000e+00 1.424963466225226050e+01 5.373534300000000258e+03 5.390036729999999807e+03
6.000000000000000125e-03 1.404305396225226055e+01 5.373343609999999899e+03 5.389623440000000301e+03
1.200000000000000025e-02 1.344286576225226071e+01 5.372788950000000114e+03 5.388421309999999721e+03
1.799999999999999864e-02 1.250319906225226063e+01 5.371918340000000171e+03 5.386534590000000208e+03
2.400000000000000050e-02 1.130252776225226086e+01 5.370801699999999983e+03 5.384114940000000388e+03
2.999999999999999889e-02 9.931216802252260223e+00 5.369520180000000437e+03 5.381338270000000193e+03
3.599999999999999728e-02 8.479906062252259957e+00 5.368155990000000202e+03 5.378382590000000164e+03
4.200000000000000261e-02 7.030576292252261439e+00 5.366784190000000308e+03 5.375410490000000209e+03
4.800000000000000100e-02 5.650781482252261512e+00 5.365467249999999694e+03 5.372557509999999638e+03
5.399999999999999939e-02 4.390734272252261761e+00 5.364252059999999801e+03 5.369925919999999678e+03
5.999999999999999778e-02 3.282686482252261673e+00 5.363169270000000324e+03 5.367583059999999932e+03
6.600000000000000311e-02 2.342097712252261488e+00 5.362234209999999621e+03 5.365563369999999850e+03
7.199999999999999456e-02 1.570155912252261476e+00 5.361449230000000171e+03 5.363873050000000148e+03
7.799999999999999989e-02 9.571818832522615006e-01 5.360806760000000395e+03 5.362496600000000399e+03
8.400000000000000522e-02 4.863710312522614432e-01 5.360292830000000322e+03 5.361404099999999744e+03
8.999999999999999667e-02 1.373271862522614239e-01 5.359890269999999873e+03 5.360558170000000246e+03
9.600000000000000200e-02 -9.077047474773856928e-02 5.359600900000000365e+03 5.359962419999999838e+03
1.079999999999999988e-01 -3.691598037477385463e-01 5.359196680000000015e+03 5.359152149999999892e+03
1.199999999999999956e-01 -4.407185217477385675e-01 5.359011919999999918e+03 5.358808250000000044e+03
1.320000000000000062e-01 -3.814849057477385785e-01 5.358991250000000036e+03 5.358790549999999712e+03
1.439999999999999891e-01 -2.324986277477385510e-01 5.359105669999999918e+03 5.359021270000000186e+03
1.559999999999999998e-01 -1.755581204773856013e-02 5.359334069999999883e+03 5.359449090000000069e+03
1.680000000000000104e-01 2.425517222522614313e-01 5.359650800000000345e+03 5.360022310000000289e+03
1.799999999999999933e-01 5.227625782522614672e-01 5.360021490000000085e+03 5.360677059999999983e+03
1.920000000000000040e-01 7.826947022522614539e-01 5.360398170000000391e+03 5.361321450000000368e+03
2.159999999999999976e-01 1.161323612252261439e+00 5.361029540000000452e+03 5.362345299999999952e+03
2.399999999999999911e-01 1.222267912252261501e+00 5.361331680000000233e+03 5.362709850000000188e+03
2.640000000000000124e-01 9.750916932522615266e-01 5.361263700000000426e+03 5.362377779999999802e+03
2.879999999999999782e-01 5.730095802522614523e-01 5.360943210000000363e+03 5.361622769999999946e+03
3.119999999999999996e-01 1.941084632522614428e-01 5.360544249999999920e+03 5.360806400000000394e+03
3.360000000000000209e-01 -5.326875194773855737e-02 5.360211860000000343e+03 5.360194029999999657e+03
3.599999999999999867e-01 -1.473729117477385608e-01 5.360024199999999837e+03 5.359894059999999627e+03
3.840000000000000080e-01 -1.061315187477385596e-01 5.360018140000000130e+03 5.359929399999999987e+03
4.319999999999999951e-01 5.721191325226144403e-02 5.360187979999999698e+03 5.360279889999999796e+03
4.799999999999999822e-01 1.371197342522614271e-01 5.360338050000000294e+03 5.360522479999999632e+03
5.280000000000000249e-01 7.499063385226144296e-02 5.360276480000000447e+03 5.360391810000000078e+03
5.759999999999999565e-01 1.270968722614412350e-04 5.360138189999999668e+03 5.360169890000000123e+03
6.239999999999999991e-01 -1.141188604773855919e-02 5.360070310000000063e+03 5.360090650000000096e+03
6.720000000000000417e-01 1.093943985226144069e-02 5.360081669999999576e+03 5.360131209999999555e+03
7.199999999999999734e-01 1.441472435226144079e-02 5.360097079999999551e+03 5.360155810000000201e+03
7.680000000000000160e-01 -2.334056187738558791e-03 5.360069349999999758e+03 5.360103079999999864e+03
8.639999999999999902e-01 -1.046828104773855905e-02 5.360002709999999752e+03 5.360021579999999631e+03
9.599999999999999645e-01 -5.505809007738558455e-03 5.359974360000000161e+03 5.359996610000000146e+03
1.056000000000000050e+00 -7.441731937738558719e-03 5.359939320000000407e+03 5.359951619999999821e+03
1.151999999999999913e+00 -4.049092767738559154e-03 5.359906070000000000e+03 5.359921430000000328e+03
1.247999999999999998e+00 -3.764406757738558620e-03 5.359878359999999702e+03 5.359892899999999827e+03
1.344000000000000083e+00 -2.102569937738558558e-03 5.359844699999999648e+03 5.359858350000000428e+03
1.439999999999999947e+00 -2.212683137738558851e-03 5.359824700000000121e+03 5.359834700000000339e+03
1.536000000000000032e+00 -3.297130777738558564e-03 5.359805089999999836e+03 5.359817380000000412e+03
1.727999999999999980e+00 -1.027371750738558789e-03 5.359764909999999873e+03 5.359776710000000094e+03
1.919999999999999929e+00 -6.433402497385586668e-04 5.359730249999999614e+03 5.359739929999999731e+03
2.112000000000000099e+00 -2.532250747738558783e-03 5.359699829999999565e+03 5.359713749999999891e+03
2.303999999999999826e+00 -2.491444667738558667e-03 5.359671589999999924e+03 5.359676499999999578e+03
2.495999999999999996e+00 -3.156332527738558557e-03 5.359646759999999631e+03 5.359647229999999581e+03
2.688000000000000167e+00 -1.898622847738558588e-03 5.359632609999999659e+03 5.359637319999999818e+03
2.879999999999999893e+00 -3.745138217738558806e-03 5.359619990000000143e+03 5.359618080000000191e+03
3.072000000000000064e+00 -3.644035117738558816e-03 5.359607009999999718e+03 5.359606310000000121e+03
3.455999999999999961e+00 -2.415386627738558452e-03 5.359584130000000187e+03 5.359584549999999581e+03
3.839999999999999858e+00 -2.130253227738558835e-03 5.359565380000000005e+03 5.359566679999999906e+03
4.224000000000000199e+00 -7.405660797385586486e-04 5.359556410000000142e+03 5.359553789999999935e+03
4.607999999999999652e+00 -3.210209587738558669e-03 5.359547220000000380e+03 5.359541470000000118e+03
4.991999999999999993e+00 -7.418629447385586845e-04 5.359540530000000217e+03 5.359539590000000317e+03
5.376000000000000334e+00 -3.087711077385587449e-04 5.359533029999999599e+03 5.359533559999999852e+03
5.759999999999999787e+00 -6.211013367385586834e-04 5.359528430000000299e+03 5.359524900000000343e+03
6.144000000000000128e+00 -4.831843915385587371e-04 5.359524860000000444e+03 5.359523379999999634e+03
6.911999999999999922e+00 -6.807557567385586535e-04 5.359516819999999825e+03 5.359518500000000131e+03
7.679999999999999716e+00 -2.000352117738558866e-03 5.359512800000000425e+03 5.359511940000000322e+03
8.448000000000000398e+00 -3.411687212385587143e-04 5.359511360000000423e+03 5.359512749999999869e+03
9.215999999999999304e+00 -2.389603367385587248e-04 5.359513479999999618e+03 5.359513539999999921e+03
9.983999999999999986e+00 -8.785918317385587413e-04 5.359511010000000169e+03 5.359512939999999617e+03
1.075200000000000067e+01 -2.858945247738558723e-03 5.359516330000000380e+03 5.359516929999999775e+03
1.151999999999999957e+01 1.172876922614412491e-04 5.359516069999999672e+03 5.359520620000000235e+03
1.228800000000000026e+01 1.743861882614413284e-04 5.359515819999999621e+03 5.359518619999999828e+03
1.382399999999999984e+01 1.208694272614412447e-04 5.359518619999999828e+03 5.359520139999999628e+03
1.535999999999999943e+01 3.452591202614412632e-04 5.359513570000000072e+03 5.359515440000000126e+03
1.689600000000000080e+01 1.794078532261441251e-03 5.359510460000000421e+03 5.359515669999999773e+03
1.843199999999999861e+01 -2.220344177385587194e-04 5.359511739999999918e+03 5.359513179999999920e+03
1.996799999999999997e+01 3.037138762614413341e-04 5.359513289999999870e+03 5.359514449999999670e+03
2.150400000000000134e+01 3.362941682614412954e-04 5.359513850000000275e+03 5.359515650000000278e+03
2.303999999999999915e+01 1.880948092261441450e-03 5.359512310000000070e+03 5.359514960000000428e+03
2.457600000000000051e+01 1.053083002261441265e-03 5.359514919999999620e+03 5.359516359999999622e+03
2.764799999999999969e+01 -4.472375716385587141e-04 5.359511950000000070e+03 5.359512450000000172e+03
3.071999999999999886e+01 2.424883442614412534e-04 5.359515400000000227e+03 5.359518329999999878e+03
3.379200000000000159e+01 4.372836252614413174e-04 5.359517719999999827e+03 5.359518360000000030e+03
3.686399999999999721e+01 1.774219626144129657e-05 5.359516300000000228e+03 5.359518949999999677e+03
3.993599999999999994e+01 4.607465282614413142e-04 5.359517139999999927e+03 5.359518909999999778e+03
4.300800000000000267e+01 1.232943762614412500e-04 5.359517729999999574e+03 5.359520199999999932e+03
4.607999999999999829e+01 9.217610722614412964e-04 5.359511220000000321e+03 5.359512920000000122e+03
4.915200000000000102e+01 2.063800522614412541e-04 5.359513160000000425e+03 5.359514640000000327e+03
5.529599999999999937e+01 -3.765749966385586989e-04 5.359514350000000377e+03 5.359514500000000226e+03
6.143999999999999773e+01 9.491581926144128855e-05 5.359515749999999571e+03 5.359516410000000178e+03
6.758400000000000318e+01 -1.071945573855872472e-05 5.359517389999999978e+03 5.359518000000000029e+03
7.372799999999999443e+01 -1.708565587385587215e-04 5.359513589999999567e+03 5.359513109999999870e+03
7.987199999999999989e+01 1.351749182614412812e-04 5.359514420000000428e+03 5.359515089999999873e+03
8.601600000000000534e+01 8.352030126144126265e-05 5.359520029999999679e+03 5.359520220000000336e+03
9.215999999999999659e+01 1.831165102614413218e-04 5.359519970000000285e+03 5.359521850000000086e+03
9.830400000000000205e+01 1.905463212614413198e-04 5.359518570000000182e+03 5.359520059999999830e+03
1.105919999999999987e+02 -3.049527795385587482e-04 5.359514860000000226e+03 5.359515049999999974e+03
1.228799999999999955e+02 -1.318765357385587225e-04 5.359511150000000271e+03 5.359511559999999918e+03
1.351680000000000064e+02 1.006634712614412424e-04 5.359514849999999569e+03 5.359516080000000329e+03
1.474559999999999889e+02 1.106098442614413132e-04 5.359516800000000330e+03 5.359517230000000382e+03
1.597439999999999998e+02 1.371277792614412536e-04 5.359519169999999576e+03 5.359519900000000234e+03
1.720320000000000107e+02 -3.560542969385587192e-04 5.359520599999999831e+03 5.359521050000000287e+03
1.843199999999999932e+02 3.349053352614413093e-04 5.359522280000000137e+03 5.359522960000000239e+03
1.966080000000000041e+02 2.850957126144127579e-05 5.359522869999999784e+03 5.359523070000000189e+03
2.211839999999999975e+02 -1.141873057385587339e-04 5.359526960000000145e+03 5.359527869999999893e+03
2.457599999999999909e+02 -1.445984697385587197e-04 5.359530440000000453e+03 5.359530590000000302e+03
2.703360000000000127e+02 2.878311802614412474e-04 5.359532900000000154e+03 5.359533739999999852e+03
2.949119999999999777e+02 1.260869312614412512e-04 5.359530670000000100e+03 5.359532100000000355e+03
3.194879999999999995e+02 7.434922726144130344e-05 5.359526679999999942e+03 5.359527680000000146e+03
3.440640000000000214e+02 2.519456726144130064e-05 5.359523479999999836e+03 5.359524540000000343e+03
3.686399999999999864e+02 -1.000588807385587270e-04 5.359523049999999785e+03 5.359523629999999685e+03
3.932160000000000082e+02 -2.101101297385587151e-04 5.359524790000000394e+03 5.359525660000000244e+03
4.423679999999999950e+02 -1.522812847385587279e-04 5.359520700000000033e+03 5.359521270000000186e+03
4.915199999999999818e+02 4.341608826144129291e-05 5.359519959999999628e+03 5.359521420000000035e+03
5.406720000000000255e+02 1.182613522614412468e-04 5.359520419999999831e+03 5.359521689999999580e+03
5.898239999999999554e+02 4.436937826144126155e-05 5.359518189999999777e+03 5.359519250000000284e+03
6.389759999999999991e+02 1.751446292614413096e-04 5.359515449999999873e+03 5.359516649999999572e+03
6.881280000000000427e+02 -1.476017827385587276e-04 5.359510669999999664e+03 5.359511429999999564e+03
7.372799999999999727e+02 4.050322532614413266e-04 5.359512090000000171e+03 5.359513289999999870e+03
7.864320000000000164e+02 6.801931726144129411e-05 5.359510779999999613e+03 5.359511859999999615e+03
8.847359999999999900e+02 -3.932900073855873915e-05 5.359514820000000327e+03 5.359515489999999772e+03
9.830399999999999636e+02 1.166639502614412352e-04 5.359515809999999874e+03 5.359517160000000331e+03
1.081339999999999918e+03 1.458316292614413143e-04 5.359514350000000377e+03 5.359515540000000328e+03
1.179650000000000091e+03 2.030797626144126983e-05 5.359515550000000076e+03 5.359516639999999825e+03
1.277950000000000045e+03 -1.245163573855871328e-05 5.359508319999999912e+03 5.359509089999999560e+03
1.376259999999999991e+03 2.403847726144129390e-05 5.359509339999999611e+03 5.359510260000000017e+03
1.474559999999999945e+03 1.176852742614412713e-04 5.359507829999999558e+03 5.359509039999999914e+03
1.572859999999999900e+03 -6.446595173855871816e-05 5.359514009999999871e+03 5.359514839999999822e+03
1.769470000000000027e+03 -1.863088173855874299e-05 5.359506400000000212e+03 5.359507389999999759e+03
1.966079999999999927e+03 2.259458526144127394e-05 5.359487140000000181e+03 5.359487960000000385e+03
2.162690000000000055e+03 3.079699126144129192e-05 5.359482250000000022e+03 5.359483439999999973e+03
2.359300000000000182e+03 5.466918826144129533e-05 5.359472190000000410e+03 5.359473100000000159e+03
2.555900000000000091e+03 8.025934426144129942e-05 5.359458150000000387e+03 5.359459100000000035e+03
2.752510000000000218e+03 6.494977226144128249e-05 5.359452659999999923e+03 5.359453599999999824e+03
2.949119999999999891e+03 1.190934112614413175e-04 5.359445039999999608e+03 5.359446210000000065e+03
3.145730000000000018e+03 3.248624726144127553e-05 5.359433409999999640e+03 5.359434419999999591e+03
3.538940000000000055e+03 -7.186680173855869999e-05 5.359427389999999832e+03 5.359428230000000440e+03
3.932159999999999854e+03 -6.555064273855871343e-05 5.359441810000000260e+03 5.359442670000000362e+03
4.325380000000000109e+03 7.804686726144128249e-05 5.359428299999999581e+03 5.359429299999999785e+03
4.718590000000000146e+03 -6.178476373855872712e-05 5.359436179999999695e+03 5.359436969999999747e+03
5.111810000000000400e+03 2.871350726144127410e-05 5.359431910000000244e+03 5.359432939999999689e+03
5.505020000000000437e+03 8.497421626144129395e-05 5.359431650000000445e+03 5.359432799999999588e+03
5.898239999999999782e+03 5.853961526144127155e-05 5.359425220000000081e+03 5.359426269999999931e+03
6.291460000000000036e+03 5.959496226144126319e-05 5.359413290000000416e+03 5.359414259999999558e+03
7.077890000000000327e+03 -2.727327073855870948e-05 5.359405639999999948e+03 5.359406530000000203e+03
7.864319999999999709e+03 1.055313526144126745e-05 5.359394349999999577e+03 5.359395330000000286e+03
8.650750000000000000e+03 4.630418726144126676e-05 5.359410979999999654e+03 5.359411869999999908e+03
9.437180000000000291e+03 -2.686092273855870873e-05 5.359408819999999650e+03 5.359409660000000258e+03
1.022360000000000036e+04 -7.119624273855873270e-05 5.359421169999999620e+03 5.359422069999999621e+03
1.101000000000000000e+04 -8.772906273855869208e-05 5.359432289999999739e+03 5.359433289999999943e+03
1.179650000000000000e+04 -1.392351273855874615e-05 5.359429299999999785e+03 5.359430210000000443e+03
1.258289999999999964e+04 -1.200945973855874552e-05 5.359438559999999597e+03 5.359439510000000155e+03
1.415579999999999927e+04 2.312753261441259992e-06 5.359442089999999553e+03 5.359443080000000009e+03
1.572860000000000036e+04 8.998848261441256494e-06 5.359486280000000079e+03 5.359487350000000333e+03
1.730150000000000000e+04 4.588678526144129464e-05 5.359500979999999799e+03 5.359502050000000054e+03
1.887440000000000146e+04 3.476084626144129329e-05 5.359451710000000276e+03 5.359452739999999721e+03
2.044720000000000073e+04 4.763678526144125586e-05 5.359451439999999820e+03 5.359452540000000226e+03
2.202009999999999854e+04 1.431560926144130694e-05 5.359417250000000422e+03 5.359418200000000070e+03
2.359300000000000000e+04 2.444927726144130019e-05 5.359386209999999664e+03 5.359387149999999565e+03
2.516579999999999927e+04 5.338804261441267452e-06 5.359369850000000042e+03 5.359370789999999943e+03
2.831159999999999854e+04 -2.373331773855872837e-05 5.359337069999999585e+03 5.359337980000000243e+03
3.145729999999999927e+04 3.706127226144127328e-05 5.359304809999999634e+03 5.359305849999999737e+03
3.460300000000000000e+04 1.235974526144129927e-05 5.359268149999999878e+03 5.359269180000000233e+03
3.774869999999999709e+04 4.401377426144128385e-05 5.359249910000000455e+03 5.359250949999999648e+03
4.089450000000000000e+04 1.125192726144128670e-05 5.359242970000000241e+03 5.359243929999999636e+03
4.404019999999999709e+04 6.145683426144127673e-05 5.359264170000000377e+03 5.359265159999999923e+03
4.718590000000000146e+04 2.621716026144130761e-05 5.359255710000000363e+03 5.359256699999999910e+03
5.033159999999999854e+04 2.704538526144130255e-05 5.359009689999999864e+03 5.359010669999999664e+03
5.662309999999999854e+04 3.139838626144126179e-05 5.358953739999999925e+03 5.358954749999999876e+03
6.291459999999999854e+04 3.837362626144127193e-05 5.358870609999999942e+03 5.358871579999999994e+03
6.920600000000000000e+04 1.670896626144129224e-05 5.358844979999999850e+03 5.358845910000000003e+03
7.549750000000000000e+04 3.027697526144129984e-05 5.358787949999999910e+03 5.358788959999999861e+03
8.178889999999999418e+04 3.457618626144130444e-05 5.358731010000000424e+03 5.358732009999999718e+03
8.808039999999999418e+04 3.185210526144129301e-05 5.358758579999999711e+03 5.358759579999999914e+03
9.437180000000000291e+04 1.894000426144130250e-05 5.358749090000000251e+03 5.358750049999999646e+03
1.006630000000000000e+05 2.736823826144128358e-05 5.358425650000000132e+03 5.358426629999999932e+03
1.132460000000000000e+05 1.961665726144125972e-05 5.358528580000000147e+03 5.358529550000000199e+03
1.258290000000000000e+05 4.790652614412773541e-07 5.358532189999999900e+03 5.358533129999999801e+03
1.384120000000000000e+05 1.294476226144128080e-05 5.358482600000000275e+03 5.358483580000000075e+03
1.509950000000000000e+05 1.320375926144130505e-05 5.358460560000000442e+03 5.358461519999999837e+03
1.635780000000000000e+05 1.587619426144130583e-05 5.358602050000000418e+03 5.358602979999999661e+03
1.761610000000000000e+05 1.836091326144127745e-05 5.358690920000000006e+03 5.358691899999999805e+03
1.887440000000000000e+05 8.382382614413055009e-07 5.358920299999999770e+03 5.358921269999999822e+03
2.013270000000000000e+05 7.310760261441267855e-06 5.358145800000000236e+03 5.358146740000000136e+03
2.264920000000000000e+05 1.659200026144126575e-05 5.358707830000000286e+03 5.358708840000000237e+03
2.516580000000000000e+05 -2.878746073855869506e-05 5.359072790000000168e+03 5.359073699999999917e+03
2.768240000000000000e+05 -2.304803073855873907e-05 5.359405789999999797e+03 5.359406670000000304e+03
3.019900000000000000e+05 -5.088785773855873011e-05 5.360299149999999827e+03 5.360300040000000081e+03
3.271560000000000000e+05 -1.218315137385587261e-04 5.360363529999999628e+03 5.360364290000000437e+03
3.523220000000000000e+05 -1.372073607385587376e-04 5.359573400000000220e+03 5.359574160000000120e+03
