1 65.54622688655672
2 33.23788105947026
3 18.36031984007996
4 11.097951024487756
5 7.126436781609195
6 4.968515742128935
7 3.554222888555722
8 2.6936531734132934
9 2.095952023988006
10 1.5792103948025986
11 1.301849075462269
12 1.120439780109945
13 0.8825587206396801
14 0.7521239380309845
15 0.6306846576711644
16 0.5717141429285357
17 0.4687656171914043
18 0.4147926036981509
19 0.3748125937031484
20 0.3378310844577711
21 0.2913543228385807
22 0.25687156421789104
23 0.26436781609195403
24 0.20939530234882558
25 0.18340829585207397
26 0.16241879060469766
27 0.1549225387306347
28 0.14842578710644677
29 0.136431784107946
30 0.13343328335832083
31 0.12143928035982009
32 0.12043978010994502
33 0.09245377311344327
34 0.10294852573713144
35 0.09345327336331834
36 0.0864567716141929
37 0.0734632683658171
38 0.07146426786606697
39 0.06346826586706647
40 0.05997001499250375
41 0.06796601699150424
42 0.0559720139930035
43 0.050974512743628186
44 0.05547226386806597
45 0.04147926036981509
46 0.049475262368815595
47 0.04397801099450275
48 0.0544727636181909
49 0.0399800099950025
50 0.034482758620689655
51 0.04097951024487756
52 0.03248375812093953
53 0.03948025987006497
54 0.029985007496251874
55 0.038980509745127435
56 0.029985007496251874
57 0.02498750624687656
58 0.025487256371814093
59 0.026986506746626688
60 0.022488755622188907
61 0.02448775612193903
62 0.027486256871564217
63 0.0239880059970015
64 0.01699150424787606
65 0.018490754622688656
66 0.01899050474762619
67 0.022988505747126436
68 0.026486756621689155
69 0.02348825587206397
70 0.017491254372813594
71 0.017491254372813594
72 0.02048975512243878
73 0.01249375312343828
74 0.010994502748625687
75 0.010994502748625687
76 0.01699150424787606
77 0.014992503748125937
78 0.010494752623688156
79 0.01249375312343828
80 0.01249375312343828
81 0.010994502748625687
82 0.00849575212393803
83 0.010994502748625687
84 0.015492253873063468
85 0.010994502748625687
86 0.005497251374312844
87 0.009495252373813094
88 0.01199400299850075
89 0.010994502748625687
90 0.008995502248875561
91 0.006496751624187906
92 0.01249375312343828
93 0.009995002498750625
94 0.009495252373813094
95 0.00849575212393803
96 0.010494752623688156
97 0.009995002498750625
98 0.008995502248875561
99 0.008995502248875561
100 0.009495252373813094
101 0.005997001499250375
102 0.0079960019990005
103 0.008995502248875561
104 0.010494752623688156
105 0.0079960019990005
106 0.0069965017491254375
107 0.005997001499250375
108 0.00849575212393803
109 0.006496751624187906
110 0.0079960019990005
111 0.00399800099950025
112 0.00849575212393803
113 0.006496751624187906
114 0.009495252373813094
115 0.004997501249375313
116 0.0069965017491254375
117 0.005497251374312844
118 0.005997001499250375
119 0.00849575212393803
120 0.005497251374312844
121 0.00399800099950025
122 0.005497251374312844
123 0.004997501249375313
124 0.00849575212393803
125 0.00399800099950025
126 0.0069965017491254375
127 0.004497751124437781
128 0.0024987506246876563
129 0.005497251374312844
130 0.005997001499250375
131 0.005497251374312844
132 0.0029985007496251873
133 0.005997001499250375
134 0.0069965017491254375
135 0.0029985007496251873
136 0.0029985007496251873
137 0.005497251374312844
138 0.0029985007496251873
139 0.0034982508745627187
140 0.0034982508745627187
141 0.004497751124437781
142 0.004497751124437781
143 0.005497251374312844
144 0.00399800099950025
145 0.004497751124437781
146 0.005997001499250375
147 0.005997001499250375
148 0.006496751624187906
149 0.00399800099950025
150 0.004997501249375313
151 0.004497751124437781
152 0.005997001499250375
153 0.004497751124437781
154 0.0034982508745627187
155 0.004997501249375313
156 0.00399800099950025
157 0.004497751124437781
158 0.004497751124437781
159 0.004497751124437781
160 0.001999000499750125
161 0.001999000499750125
162 0.004997501249375313
163 0.0029985007496251873
164 0.001999000499750125
165 0.0034982508745627187
166 0.0034982508745627187
167 0.0024987506246876563
168 0.0009995002498750624
169 0.0034982508745627187
170 0.00399800099950025
171 0.001999000499750125
172 0.0034982508745627187
173 0.004497751124437781
174 0.005997001499250375
175 0.001999000499750125
176 0.004997501249375313
177 0.0024987506246876563
178 0.004497751124437781
179 0.0034982508745627187
180 0.0029985007496251873
181 0.0024987506246876563
182 0.0029985007496251873
183 0.004497751124437781
184 0.0029985007496251873
185 0.004497751124437781
186 0.004997501249375313
187 0.0009995002498750624
188 0.001999000499750125
189 0.0024987506246876563
190 0.001999000499750125
191 0.006496751624187906
192 0.00399800099950025
193 0.004497751124437781
194 0.001999000499750125
195 0.00399800099950025
196 0.00399800099950025
197 0.0034982508745627187
198 0.004497751124437781
199 0.0029985007496251873
200 0.006496751624187906
201 0.0024987506246876563
202 0.0009995002498750624
203 0.0029985007496251873
204 0.0024987506246876563
205 0.0029985007496251873
206 0.0024987506246876563
207 0.001999000499750125
208 0.0009995002498750624
209 0.0009995002498750624
210 0.0014992503748125937
211 0.004997501249375313
212 0.0029985007496251873
213 0.0009995002498750624
214 0.0029985007496251873
215 0.001999000499750125
216 0.001999000499750125
217 0.0009995002498750624
218 0.0024987506246876563
219 0.0014992503748125937
220 0.0029985007496251873
221 0.004497751124437781
222 0.004497751124437781
223 0.0034982508745627187
224 0.0024987506246876563
225 0.0024987506246876563
226 0.0024987506246876563
227 0.0014992503748125937
228 0.0029985007496251873
229 0.0029985007496251873
230 0.0029985007496251873
231 0.001999000499750125
232 0.0024987506246876563
233 0.0014992503748125937
234 0.0024987506246876563
235 0.0014992503748125937
236 0.001999000499750125
237 0.0024987506246876563
238 0.0029985007496251873
239 0.0029985007496251873
240 0.0024987506246876563
241 0.0009995002498750624
242 0.0024987506246876563
243 0.0029985007496251873
244 0.0004997501249375312
245 0.004997501249375313
246 0.001999000499750125
247 0.0034982508745627187
248 0.001999000499750125
249 0.001999000499750125
250 0.00399800099950025
251 0.001999000499750125
252 0.0029985007496251873
253 0.0014992503748125937
254 0.0029985007496251873
255 0.0029985007496251873
256 0.0014992503748125937
257 0.0029985007496251873
258 0.001999000499750125
259 0.004497751124437781
260 0.0034982508745627187
261 0.0009995002498750624
262 0.0014992503748125937
263 0.0024987506246876563
264 0.004497751124437781
265 0.0029985007496251873
266 0.0024987506246876563
267 0.0024987506246876563
268 0.004497751124437781
269 0.001999000499750125
270 0.0024987506246876563
271 0.001999000499750125
272 0.0024987506246876563
273 0.004997501249375313
274 0.0029985007496251873
275 0.0014992503748125937
276 0.0009995002498750624
277 0.0024987506246876563
278 0.0009995002498750624
279 0.0029985007496251873
280 0.0034982508745627187
281 0.0029985007496251873
282 0.001999000499750125
283 0.0034982508745627187
284 0.0034982508745627187
285 0.001999000499750125
286 0.001999000499750125
287 0.0009995002498750624
288 0.0024987506246876563
289 0.0034982508745627187
290 0.0014992503748125937
291 0.004997501249375313
292 0.0029985007496251873
293 0.0014992503748125937
294 0.0014992503748125937
295 0.001999000499750125
296 0.00399800099950025
297 0.00399800099950025
298 0.001999000499750125
299 0.0029985007496251873
300 0.0009995002498750624
301 0.001999000499750125
302 0.004497751124437781
303 0.0034982508745627187
304 0.0024987506246876563
305 0.004497751124437781
306 0.001999000499750125
307 0.0009995002498750624
308 0.0024987506246876563
309 0.0029985007496251873
310 0.0014992503748125937
311 0.0014992503748125937
312 0.001999000499750125
313 0.004497751124437781
314 0.0034982508745627187
315 0.0034982508745627187
316 0.0024987506246876563
317 0.001999000499750125
318 0.0029985007496251873
319 0.00399800099950025
320 0.0024987506246876563
321 0.0029985007496251873
322 0.0014992503748125937
323 0.001999000499750125
324 0.0009995002498750624
325 0.0014992503748125937
326 0.0024987506246876563
327 0.001999000499750125
328 0.0009995002498750624
329 0.0014992503748125937
330 0.0034982508745627187
331 0.0034982508745627187
332 0.0029985007496251873
333 0.0009995002498750624
334 0.0024987506246876563
335 0.00399800099950025
336 0.0009995002498750624
337 0.0014992503748125937
338 0.00399800099950025
339 0.00399800099950025
340 0.004497751124437781
341 0.0029985007496251873
342 0.001999000499750125
343 0.0024987506246876563
344 0.0024987506246876563
345 0.0024987506246876563
346 0.001999000499750125
347 0.0029985007496251873
348 0.004997501249375313
349 0.0014992503748125937
350 0.004497751124437781
351 0.0024987506246876563
352 0.0029985007496251873
353 0.0014992503748125937
354 0.0014992503748125937
355 0.0029985007496251873
356 0.0029985007496251873
357 0.00399800099950025
358 0.0034982508745627187
359 0.0024987506246876563
360 0.0014992503748125937
361 0.0029985007496251873
362 0.00399800099950025
363 0.0029985007496251873
364 0.001999000499750125
365 0.0024987506246876563
366 0.0024987506246876563
367 0.0009995002498750624
368 0.0024987506246876563
369 0.0034982508745627187
370 0.0009995002498750624
371 0.0034982508745627187
372 0.0029985007496251873
373 0.0024987506246876563
374 0.0014992503748125937
375 0.0024987506246876563
376 0.0024987506246876563
377 0.0014992503748125937
378 0.0024987506246876563
379 0.0004997501249375312
380 0.0014992503748125937
381 0.0024987506246876563
382 0.0009995002498750624
383 0.0024987506246876563
384 0.001999000499750125
385 0.001999000499750125
386 0.0014992503748125937
387 0.0009995002498750624
388 0.0024987506246876563
389 0.0009995002498750624
390 0.0024987506246876563
391 0.0034982508745627187
392 0.001999000499750125
393 0.0029985007496251873
394 0.005997001499250375
395 0.0029985007496251873
396 0.0009995002498750624
397 0.0024987506246876563
398 0.0024987506246876563
399 0.0029985007496251873
400 0.0024987506246876563
401 0.0014992503748125937
402 0.0034982508745627187
403 0.0024987506246876563
404 0.001999000499750125
405 0.0024987506246876563
406 0.0014992503748125937
407 0.0009995002498750624
408 0.0034982508745627187
409 0.001999000499750125
410 0.0029985007496251873
411 0.001999000499750125
412 0.001999000499750125
413 0.0024987506246876563
414 0.001999000499750125
415 0.001999000499750125
416 0.001999000499750125
417 0.0024987506246876563
418 0.004497751124437781
419 0.0014992503748125937
420 0.001999000499750125
421 0.00399800099950025
422 0.0034982508745627187
423 0.0024987506246876563
424 0.0009995002498750624
425 0.0029985007496251873
426 0.0014992503748125937
427 0.001999000499750125
428 0.0009995002498750624
429 0.0034982508745627187
430 0.0009995002498750624
431 0.001999000499750125
432 0.0014992503748125937
433 0.0014992503748125937
434 0.006496751624187906
435 0.0014992503748125937
436 0.00399800099950025
437 0.0029985007496251873
438 0.0024987506246876563
439 0.001999000499750125
440 0.0024987506246876563
441 0.00399800099950025
442 0.001999000499750125
443 0.0029985007496251873
444 0.0014992503748125937
445 0.0024987506246876563
446 0.0009995002498750624
447 0.0009995002498750624
448 0.0034982508745627187
449 0.004997501249375313
450 0.0024987506246876563
451 0.0004997501249375312
452 0.0009995002498750624
453 0.001999000499750125
454 0.0004997501249375312
455 0.004497751124437781
456 0.004497751124437781
457 0.0034982508745627187
458 0.0014992503748125937
459 0.005997001499250375
460 0.0014992503748125937
461 0.0004997501249375312
462 0.0004997501249375312
463 0.0009995002498750624
464 0.0029985007496251873
465 0.0024987506246876563
466 0.0029985007496251873
467 0.0014992503748125937
468 0.001999000499750125
469 0.0024987506246876563
470 0.001999000499750125
471 0.001999000499750125
472 0.0024987506246876563
474 0.0009995002498750624
475 0.0014992503748125937
476 0.001999000499750125
477 0.0009995002498750624
478 0.0009995002498750624
479 0.001999000499750125
480 0.0024987506246876563
481 0.00399800099950025
482 0.001999000499750125
483 0.0009995002498750624
484 0.0029985007496251873
485 0.0009995002498750624
486 0.0029985007496251873
487 0.00399800099950025
488 0.0014992503748125937
489 0.0004997501249375312
490 0.0029985007496251873
491 0.0009995002498750624
492 0.0009995002498750624
493 0.0014992503748125937
494 0.0009995002498750624
495 0.0029985007496251873
496 0.0024987506246876563
497 0.001999000499750125
498 0.0029985007496251873
499 0.001999000499750125
500 0.0004997501249375312
501 0.0004997501249375312
502 0.0014992503748125937
503 0.0004997501249375312
504 0.0009995002498750624
505 0.0009995002498750624
506 0.0029985007496251873
507 0.0034982508745627187
508 0.0014992503748125937
509 0.0009995002498750624
510 0.0004997501249375312
511 0.0004997501249375312
512 0.0014992503748125937
513 0.0024987506246876563
514 0.0009995002498750624
515 0.0004997501249375312
516 0.0014992503748125937
517 0.0004997501249375312
519 0.0004997501249375312
520 0.001999000499750125
521 0.0004997501249375312
522 0.0014992503748125937
523 0.0009995002498750624
524 0.0004997501249375312
525 0.0024987506246876563
526 0.0014992503748125937
527 0.0009995002498750624
528 0.0024987506246876563
530 0.0014992503748125937
531 0.0009995002498750624
532 0.0009995002498750624
533 0.0014992503748125937
534 0.0004997501249375312
535 0.0014992503748125937
536 0.0024987506246876563
537 0.0009995002498750624
538 0.0004997501249375312
541 0.0004997501249375312
542 0.0009995002498750624
544 0.0009995002498750624
545 0.001999000499750125
546 0.0004997501249375312
547 0.0009995002498750624
550 0.0014992503748125937
551 0.0009995002498750624
552 0.0009995002498750624
554 0.0004997501249375312
556 0.0004997501249375312
557 0.001999000499750125
558 0.001999000499750125
559 0.0014992503748125937
560 0.0009995002498750624
563 0.0004997501249375312
564 0.0004997501249375312
565 0.0004997501249375312
566 0.0004997501249375312
567 0.001999000499750125
570 0.0004997501249375312
571 0.0004997501249375312
572 0.0004997501249375312
574 0.0009995002498750624
576 0.0009995002498750624
579 0.0004997501249375312
580 0.0004997501249375312
581 0.0004997501249375312
583 0.0004997501249375312
586 0.0004997501249375312
589 0.0004997501249375312
593 0.0004997501249375312
594 0.0004997501249375312
595 0.0004997501249375312
596 0.0004997501249375312
597 0.0004997501249375312
598 0.0004997501249375312
599 0.0004997501249375312
602 0.0004997501249375312
607 0.0004997501249375312
609 0.0004997501249375312
610 0.0004997501249375312
613 0.0004997501249375312
614 0.0004997501249375312
619 0.0004997501249375312
624 0.0004997501249375312
628 0.0004997501249375312
