0.000000000000000000e+00 2.728129821500956709e+01
6.000000000000000125e-03 2.697669821500956644e+01
1.200000000000000025e-02 2.607719821500956670e+01
1.799999999999999864e-02 2.462429821500956706e+01
2.400000000000000050e-02 2.268249821500956642e+01
2.999999999999999889e-02 2.033399821500956506e+01
3.599999999999999728e-02 1.767189821500956626e+01
4.200000000000000261e-02 1.479379821500956460e+01
4.800000000000000100e-02 1.179569821500956550e+01
5.399999999999999939e-02 8.767448215009565615e+00
5.999999999999999778e-02 5.788948215009565246e+00
6.600000000000000311e-02 2.928468215009565334e+00
7.199999999999999456e-02 2.418512150095652458e-01
7.799999999999999989e-02 -2.227111784990434717e+00
8.400000000000000522e-02 -4.445571784990434594e+00
8.999999999999999667e-02 -6.390161784990434413e+00
9.600000000000000200e-02 -7.970811784990434745e+00
1.079999999999999988e-01 -1.038160178499043518e+01
1.199999999999999956e-01 -1.159380178499043446e+01
1.320000000000000062e-01 -1.165790178499043428e+01
1.439999999999999891e-01 -1.068660178499043489e+01
1.559999999999999998e-01 -8.857501784990434501e+00
1.680000000000000104e-01 -6.411071784990434175e+00
1.799999999999999933e-01 -3.635111784990434636e+00
1.920000000000000040e-01 -8.982927849904347450e-01
2.159999999999999976e-01 3.623878215009565640e+00
2.399999999999999911e-01 5.890068215009565122e+00
2.640000000000000124e-01 5.887478215009565474e+00
2.879999999999999782e-01 4.530968215009565370e+00
3.119999999999999996e-01 2.865848215009565436e+00
3.360000000000000209e-01 1.529058215009565291e+00
3.599999999999999867e-01 6.616422150095652155e-01
3.840000000000000080e-01 1.512292150095652377e-01
4.319999999999999951e-01 -6.131257849904347967e-01
4.799999999999999822e-01 -9.736737849904347764e-01
5.280000000000000249e-01 -5.726977849904347773e-01
5.759999999999999565e-01 3.335952150095652380e-01
6.239999999999999991e-01 8.853992150095651992e-01
6.720000000000000417e-01 8.105212150095651991e-01
7.199999999999999734e-01 3.780852150095652675e-01
7.680000000000000160e-01 3.358261500956524065e-02
8.639999999999999902e-01 1.545941500956523988e-02
9.599999999999999645e-01 2.080862150095652285e-01
1.056000000000000050e+00 1.384082150095652386e-01
1.151999999999999913e+00 1.104112150095652445e-01
1.247999999999999998e+00 6.042091500956524308e-02
1.344000000000000083e+00 9.798491500956524325e-02
1.439999999999999947e+00 9.016091500956524563e-02
1.536000000000000032e+00 8.369441500956524560e-02
1.727999999999999980e+00 8.868531500956525204e-02
1.919999999999999929e+00 1.037682150095652484e-01
2.112000000000000099e+00 1.175312150095652458e-01
2.303999999999999826e+00 1.340072150095652226e-01
2.495999999999999996e+00 1.458212150095652415e-01
2.688000000000000167e+00 1.597412150095652295e-01
2.879999999999999893e+00 1.644102150095652359e-01
3.072000000000000064e+00 1.692002150095652246e-01
3.455999999999999961e+00 1.716352150095652451e-01
3.839999999999999858e+00 1.654312150095652301e-01
4.224000000000000199e+00 1.574712150095652352e-01
4.607999999999999652e+00 1.504922150095652222e-01
4.991999999999999993e+00 1.454002150095652368e-01
5.376000000000000334e+00 1.413102150095652265e-01
5.759999999999999787e+00 1.392912150095652335e-01
6.144000000000000128e+00 1.376362150095652437e-01
6.911999999999999922e+00 1.325792150095652377e-01
7.679999999999999716e+00 1.280722150095652268e-01
8.448000000000000398e+00 1.242472150095652456e-01
9.215999999999999304e+00 1.206292150095652493e-01
9.983999999999999986e+00 1.179952150095652519e-01
1.075200000000000067e+01 1.144312150095652542e-01
1.151999999999999957e+01 1.134052150095652411e-01
1.228800000000000026e+01 1.111822150095652523e-01
1.382399999999999984e+01 1.063102150095652509e-01
1.535999999999999943e+01 1.026212150095652531e-01
1.689600000000000080e+01 9.833471500956524058e-02
1.843199999999999861e+01 9.659201500956524078e-02
1.996799999999999997e+01 9.336571500956525327e-02
2.150400000000000134e+01 9.070721500956524519e-02
2.303999999999999915e+01 8.883111500956525353e-02
2.457600000000000051e+01 8.673381500956524326e-02
2.764799999999999969e+01 8.298131500956525131e-02
3.071999999999999886e+01 7.860951500956524229e-02
3.379200000000000159e+01 7.617181500956524132e-02
3.686399999999999721e+01 7.215151500956525077e-02
3.993599999999999994e+01 6.954941500956524081e-02
4.300800000000000267e+01 6.791351500956524512e-02
4.607999999999999829e+01 6.493601500956525108e-02
4.915200000000000102e+01 6.341241500956525112e-02
5.529599999999999937e+01 5.947511500956523950e-02
6.143999999999999773e+01 5.596381500956523758e-02
6.758400000000000318e+01 5.280601500956524225e-02
7.372799999999999443e+01 4.987561500956524257e-02
7.987199999999999989e+01 4.715861500956523844e-02
8.601600000000000534e+01 4.446111500956523993e-02
9.215999999999999659e+01 4.251181500956523890e-02
9.830400000000000205e+01 4.072761500956523922e-02
1.105919999999999987e+02 3.743551500956524003e-02
1.228799999999999955e+02 3.419901500956524371e-02
1.351680000000000064e+02 3.191091500956524246e-02
1.474559999999999889e+02 2.950761500956524189e-02
1.597439999999999998e+02 2.737481500956524122e-02
1.720320000000000107e+02 2.534131500956524063e-02
1.843199999999999932e+02 2.392501500956524182e-02
1.966080000000000041e+02 2.298121500956524024e-02
2.211839999999999975e+02 2.040171500956524178e-02
2.457599999999999909e+02 1.808731500956524060e-02
2.703360000000000127e+02 1.639921500956523920e-02
2.949119999999999777e+02 1.502891500956523956e-02
3.194879999999999995e+02 1.399371500956523955e-02
3.440640000000000214e+02 1.283591500956524079e-02
3.686399999999999864e+02 1.165451500956523993e-02
3.932160000000000082e+02 1.087151500956524096e-02
4.423679999999999950e+02 9.357245009565241106e-03
4.915199999999999818e+02 7.947845009565239482e-03
5.406720000000000255e+02 6.766565009565240520e-03
5.898239999999999554e+02 6.256035009565240161e-03
6.389759999999999991e+02 5.224935009565240089e-03
6.881280000000000427e+02 4.363335009565240397e-03
7.372799999999999727e+02 4.069005009565240631e-03
7.864320000000000164e+02 3.780805009565240890e-03
8.847359999999999900e+02 3.434525009565240865e-03
9.830399999999999636e+02 2.447215009565240507e-03
1.081339999999999918e+03 2.159615009565240672e-03
1.179650000000000091e+03 1.878335009565240601e-03
1.277950000000000045e+03 1.439945009565240510e-03
1.376259999999999991e+03 8.551150095652405685e-04
1.474559999999999945e+03 6.847610095652406203e-04
1.572859999999999900e+03 2.336730095652406051e-04
1.769470000000000027e+03 4.566950095652405985e-04
1.966079999999999927e+03 1.034755009565240576e-03
2.162690000000000055e+03 1.106050095652405968e-04
2.359300000000000182e+03 -5.981159043475939372e-05
2.555900000000000091e+03 -2.120989043475940042e-05
2.752510000000000218e+03 -3.251049904347593769e-04
2.949119999999999891e+03 -1.237339904347593833e-04
3.145730000000000018e+03 1.632540095652406005e-04
3.538940000000000055e+03 3.581350095652406206e-04
3.932159999999999854e+03 4.182000095652406088e-04
4.325380000000000109e+03 2.919120095652406009e-04
4.718590000000000146e+03 -3.300099904347594121e-04
5.111810000000000400e+03 -2.174799904347593765e-04
5.505020000000000437e+03 -4.227859904347593925e-04
5.898239999999999782e+03 -7.009209904347594392e-04
6.291460000000000036e+03 -6.748959904347593894e-04
7.077890000000000327e+03 -5.786499904347593625e-04
7.864319999999999709e+03 -6.525879904347594261e-04
8.650750000000000000e+03 -6.500659043475940074e-05
9.437180000000000291e+03 -1.362059904347593818e-04
1.022360000000000036e+04 6.969130956524059587e-05
1.101000000000000000e+04 1.275170095652406138e-04
1.179650000000000000e+04 7.728000095652406629e-04
1.258289999999999964e+04 7.211770095652405644e-04
1.415579999999999927e+04 3.802300095652405912e-04
1.572860000000000036e+04 -1.499289904347593993e-04
1.730150000000000000e+04 -4.465179904347593882e-04
1.887440000000000146e+04 -3.153529904347594066e-04
2.044720000000000073e+04 -4.646739904347594089e-04
2.202009999999999854e+04 9.492860956524059224e-05
2.359300000000000000e+04 -2.164719904347593888e-04
2.516579999999999927e+04 4.898340956524060394e-05
2.831159999999999854e+04 1.142000095652405921e-04
3.145729999999999927e+04 -5.829359043475939911e-05
3.460300000000000000e+04 -2.775059904347593740e-04
3.774869999999999709e+04 2.793660095652406028e-04
4.089450000000000000e+04 -2.042749904347593835e-04
4.404019999999999709e+04 -2.035399904347593846e-04
4.718590000000000146e+04 6.311540956524060348e-05
5.033159999999999854e+04 1.479580095652406168e-04
5.662309999999999854e+04 -1.548649904347593805e-04
6.291459999999999854e+04 2.221940095652406020e-04
6.920600000000000000e+04 -4.708729043475939766e-05
7.549750000000000000e+04 -1.378749904347593958e-04
8.178889999999999418e+04 3.146130956524060445e-05
8.808039999999999418e+04 8.766390956524059384e-05
9.437180000000000291e+04 -2.851049904347593804e-04
1.006630000000000000e+05 -2.092789904347593783e-04
1.132460000000000000e+05 -1.818589904347594002e-04
1.258290000000000000e+05 7.265640956524059904e-05
1.384120000000000000e+05 1.815530095652406230e-04
1.509950000000000000e+05 1.697330095652406176e-04
1.635780000000000000e+05 -6.764109043475939728e-05
1.761610000000000000e+05 -7.997449043475940357e-05
1.887440000000000000e+05 -1.355379904347593807e-04
2.013270000000000000e+05 -3.297759043475939281e-05
2.264920000000000000e+05 1.234980095652406240e-04
2.516580000000000000e+05 8.814950956524060153e-05
2.768240000000000000e+05 -8.333649043475940290e-05
3.019900000000000000e+05 1.300150095652406160e-04
3.271560000000000000e+05 -5.819310434759398780e-06
3.523220000000000000e+05 1.664750095652406023e-04
