0.000000000000000000e+00 1.801609999999761058e+01
6.000000000000000125e-03 1.777749999999760888e+01
1.200000000000000025e-02 1.707899999999760965e+01
1.799999999999999864e-02 1.596949999999760905e+01
2.400000000000000050e-02 1.452239999999760833e+01
2.999999999999999889e-02 1.282579999999760823e+01
3.599999999999999728e-02 1.097339999999760884e+01
4.200000000000000261e-02 9.055049999997608623e+00
4.800000000000000100e-02 7.151029999997609465e+00
5.399999999999999939e-02 5.327649999997609243e+00
5.999999999999999778e-02 3.635459999997608715e+00
6.600000000000000311e-02 2.109189999997608478e+00
7.199999999999999456e-02 7.689969999976087323e-01
7.799999999999999989e-02 -3.773760000023912986e-01
8.400000000000000522e-02 -1.331900000002391282e+00
8.999999999999999667e-02 -2.103440000002391397e+00
9.600000000000000200e-02 -2.666340000002391353e+00
1.079999999999999988e-01 -3.427490000002391568e+00
1.199999999999999956e-01 -3.684550000002391634e+00
1.320000000000000062e-01 -3.534330000002391614e+00
1.439999999999999891e-01 -3.054340000002391253e+00
1.559999999999999998e-01 -2.315290000002391491e+00
1.680000000000000104e-01 -1.394440000002391100e+00
1.799999999999999933e-01 -3.820330000023913208e-01
1.920000000000000040e-01 5.948839999976086590e-01
2.159999999999999976e-01 2.160119999997608620e+00
2.399999999999999911e-01 2.802329999997608567e+00
2.640000000000000124e-01 2.487059999997608628e+00
2.879999999999999782e-01 1.595059999997608724e+00
3.119999999999999996e-01 6.163559999976087056e-01
3.360000000000000209e-01 -1.069220000023913125e-01
3.599999999999999867e-01 -4.521690000023912970e-01
3.840000000000000080e-01 -4.096840000023913020e-01
4.319999999999999951e-01 -1.546510000239130489e-02
4.799999999999999822e-01 2.578329999976086695e-01
5.280000000000000249e-01 1.660529999976086968e-01
5.759999999999999565e-01 3.609059999760869802e-02
6.239999999999999991e-01 4.738979999760870032e-02
6.720000000000000417e-01 1.017369999976086847e-01
7.199999999999999734e-01 8.340499999760869754e-02
7.680000000000000160e-01 2.313839999760869404e-02
8.639999999999999902e-01 5.767549997608695592e-03
9.599999999999999645e-01 2.170209999760869257e-02
1.056000000000000050e+00 -9.077040002391303930e-03
1.151999999999999913e+00 6.094929997608695971e-03
1.247999999999999998e+00 3.481249997608695367e-03
1.344000000000000083e+00 6.224279997608695401e-03
1.439999999999999947e+00 1.302549999760869645e-02
1.536000000000000032e+00 1.710099999760869571e-02
1.727999999999999980e+00 2.598349999760869375e-02
1.919999999999999929e+00 3.237049999760870100e-02
2.112000000000000099e+00 3.275669999760869727e-02
2.303999999999999826e+00 3.323419999760869603e-02
2.495999999999999996e+00 2.884749999760869571e-02
2.688000000000000167e+00 2.626509999760869365e-02
2.879999999999999893e+00 2.181789999760869528e-02
3.072000000000000064e+00 1.857329999760869502e-02
3.455999999999999961e+00 1.310499999760869616e-02
3.839999999999999858e+00 1.072889999760869538e-02
4.224000000000000199e+00 1.012129999760869557e-02
4.607999999999999652e+00 7.612909997608695474e-03
4.991999999999999993e+00 6.305959997608696042e-03
5.376000000000000334e+00 6.321619997608695848e-03
5.759999999999999787e+00 5.669149997608696236e-03
6.144000000000000128e+00 5.545849997608695570e-03
6.911999999999999922e+00 4.037129997608695717e-03
7.679999999999999716e+00 2.574539997608695559e-03
8.448000000000000398e+00 2.590029997608695508e-03
9.215999999999999304e+00 2.460339997608695494e-03
9.983999999999999986e+00 1.605479997608695673e-03
1.075200000000000067e+01 3.791969976086955688e-04
1.151999999999999957e+01 1.116929997608695534e-03
1.228800000000000026e+01 1.012139997608695529e-03
1.382399999999999984e+01 -5.356750023913044905e-04
1.535999999999999943e+01 1.399319976086955616e-04
1.689600000000000080e+01 8.735099976086954827e-04
1.843199999999999861e+01 5.081809976086955252e-04
1.996799999999999997e+01 -3.009250023913044494e-04
2.150400000000000134e+01 4.974049976086955321e-04
2.303999999999999915e+01 -5.597160023913045268e-04
2.457600000000000051e+01 -3.554260023913044346e-04
2.764799999999999969e+01 -1.401520023913044354e-04
3.071999999999999886e+01 1.059059976086955456e-04
3.379200000000000159e+01 -3.542680023913044162e-04
3.686399999999999721e+01 -3.604350023913044268e-04
3.993599999999999994e+01 -2.140560023913044515e-04
4.300800000000000267e+01 -1.758600023913044262e-04
4.607999999999999829e+01 -2.287570023913044451e-04
4.915200000000000102e+01 -2.076430023913044436e-04
5.529599999999999937e+01 -2.564490023913044503e-04
6.143999999999999773e+01 -2.320390023913044316e-04
6.758400000000000318e+01 -1.207550023913044583e-04
7.372799999999999443e+01 3.289919976086955709e-04
7.987199999999999989e+01 4.160419976086955456e-04
8.601600000000000534e+01 1.893779976086955622e-04
9.215999999999999659e+01 2.363209976086955632e-04
9.830400000000000205e+01 2.292739976086955475e-04
1.105919999999999987e+02 -6.683830239130444646e-05
1.228799999999999955e+02 -1.246190023913044335e-04
1.351680000000000064e+02 1.094419976086955469e-04
1.474559999999999889e+02 7.672639760869554460e-05
1.597439999999999998e+02 1.347379976086955568e-04
1.720320000000000107e+02 -1.790810023913044281e-04
1.843199999999999932e+02 -8.724690239130445974e-05
1.966080000000000041e+02 8.587429760869555234e-05
2.211839999999999975e+02 -9.140630239130445925e-05
2.457599999999999909e+02 7.221259760869554048e-05
2.703360000000000127e+02 7.607519760869555327e-05
2.949119999999999777e+02 -8.062320239130445741e-05
3.194879999999999995e+02 2.119589976086955685e-04
3.440640000000000214e+02 2.197549976086955595e-04
3.686399999999999864e+02 -1.852760239130444837e-05
3.932160000000000082e+02 -3.975460239130444690e-05
4.423679999999999950e+02 9.801889760869555122e-05
4.915199999999999818e+02 -5.947390239130444630e-05
5.406720000000000255e+02 3.481579760869555322e-05
5.898239999999999554e+02 1.160589976086955414e-04
6.389759999999999991e+02 -5.572662391304447858e-06
6.881280000000000427e+02 -9.038090239130444701e-05
7.372799999999999727e+02 1.180819976086955455e-04
7.864320000000000164e+02 2.347559760869554954e-05
8.847359999999999900e+02 3.617179760869555175e-05
9.830399999999999636e+02 1.036569976086955473e-04
1.081339999999999918e+03 1.979447608695552075e-06
1.179650000000000091e+03 6.732849760869554433e-05
1.277950000000000045e+03 2.272539760869555120e-05
1.376259999999999991e+03 -7.124162391304448166e-06
1.474559999999999945e+03 -4.129420239130444822e-05
1.572859999999999900e+03 -2.059722391304448167e-06
1.769470000000000027e+03 -9.020292391304448085e-06
1.966079999999999927e+03 2.707809760869555105e-05
2.162690000000000055e+03 -3.309792391304448296e-06
2.359300000000000182e+03 6.717866086955516789e-07
2.555900000000000091e+03 -4.319930239130444460e-05
2.752510000000000218e+03 -2.305380239130444919e-05
2.949119999999999891e+03 -4.295100239130444903e-05
3.145730000000000018e+03 -2.488320239130444898e-05
3.538940000000000055e+03 9.183516086955516637e-07
3.932159999999999854e+03 -3.215030239130444925e-05
4.325380000000000109e+03 -4.546010239130444843e-05
4.718590000000000146e+03 3.529169760869555318e-05
5.111810000000000400e+03 -2.435290239130444832e-05
5.505020000000000437e+03 -2.852620239130445120e-05
5.898239999999999782e+03 -2.223490239130444928e-05
6.291460000000000036e+03 -2.834160239130444962e-05
7.077890000000000327e+03 -9.456012391304447702e-06
7.864319999999999709e+03 -1.235220239130444817e-05
8.650750000000000000e+03 -2.870632391304448167e-06
9.437180000000000291e+03 -3.835132391304448419e-06
1.022360000000000036e+04 2.899649760869554949e-05
1.101000000000000000e+04 -2.383060239130444825e-05
1.179650000000000000e+04 -1.617592391304448217e-06
1.258289999999999964e+04 1.188689760869555155e-05
1.415579999999999927e+04 -6.154632391304447980e-06
1.572860000000000036e+04 2.516989760869555126e-05
1.730150000000000000e+04 1.141359760869555220e-05
1.887440000000000146e+04 2.438756086955517325e-07
2.044720000000000073e+04 1.324129760869555166e-05
2.202009999999999854e+04 -2.152750239130444992e-05
2.359300000000000000e+04 1.187249760869555216e-05
2.516579999999999927e+04 1.777497608695551620e-06
2.831159999999999854e+04 -2.661392391304448286e-06
3.145729999999999927e+04 -1.383892391304448236e-06
3.460300000000000000e+04 1.976059760869554869e-05
3.774869999999999709e+04 -1.034240239130444753e-05
4.089450000000000000e+04 2.192119760869554965e-05
4.404019999999999709e+04 3.900807608695551751e-06
4.718590000000000146e+04 1.944689760869554863e-05
5.033159999999999854e+04 -2.158412391304447895e-06
5.662309999999999854e+04 2.453939760869555111e-05
6.291459999999999854e+04 1.860787608695551673e-06
6.920600000000000000e+04 -2.169172391304448025e-06
7.549750000000000000e+04 -7.228642391304448053e-06
8.178889999999999418e+04 -6.155122391304448377e-06
8.808039999999999418e+04 9.239997608695551534e-06
9.437180000000000291e+04 -6.993822391304448495e-06
1.006630000000000000e+05 -2.080282391304448187e-06
1.132460000000000000e+05 8.636947608695552285e-06
1.258290000000000000e+05 1.529957608695551615e-06
1.384120000000000000e+05 2.568347608695552061e-06
1.509950000000000000e+05 -3.630162391304448245e-06
1.635780000000000000e+05 -2.041802391304448176e-06
1.761610000000000000e+05 4.920457608695552230e-06
1.887440000000000000e+05 -3.476582391304448269e-06
2.013270000000000000e+05 -4.357562391304448261e-06
2.264920000000000000e+05 1.185439760869555144e-05
2.516580000000000000e+05 -3.593073913044482232e-07
2.768240000000000000e+05 -1.249510239130444811e-05
3.019900000000000000e+05 -6.822872391304448040e-06
3.271560000000000000e+05 -2.612872391304448114e-06
3.523220000000000000e+05 -2.568572391304447962e-06
