1 235.9880059970015
2 67.76261869065468
3 29.77161419290355
4 16.164917541229386
5 9.814092953523238
6 6.663668165917041
7 4.750624687656172
8 3.5142428785607196
9 2.6936531734132934
10 2.1029485257371316
11 1.6841579210394804
12 1.4237881059470265
13 1.1229385307346327
14 0.9590204897551224
15 0.7946026986506747
16 0.7246376811594203
17 0.6196901549225388
18 0.5252373813093453
19 0.4702648675662169
20 0.42628685657171417
21 0.3568215892053973
22 0.30684657671164417
23 0.28835582208895555
24 0.25087456271864067
25 0.25787106446776614
26 0.19440279860069964
27 0.1724137931034483
28 0.19590204897551225
29 0.14292853573213393
30 0.15642178910544727
31 0.12493753123438281
32 0.11494252873563218
33 0.09645177411294353
34 0.09845077461269365
35 0.09495252373813093
36 0.10044977511244378
37 0.09095452273863068
38 0.063968015992004
39 0.08495752123938032
40 0.07846076961519241
41 0.05697151424287856
42 0.0544727636181909
43 0.05347326336831584
44 0.05247376311844078
45 0.04597701149425287
46 0.04847576211894053
47 0.04597701149425287
48 0.03498250874562719
49 0.033483258370814596
50 0.030484757621189407
51 0.03498250874562719
52 0.031484257871064465
53 0.021989005497251374
54 0.02848575712143928
55 0.025987006496751622
56 0.022488755622188907
57 0.01699150424787606
58 0.017991004497751123
59 0.022488755622188907
60 0.015492253873063468
61 0.01999000499750125
62 0.01199400299850075
63 0.013993003498250875
64 0.015492253873063468
65 0.014492753623188406
66 0.017991004497751123
67 0.013993003498250875
68 0.015492253873063468
69 0.012993503248375811
70 0.008995502248875561
71 0.0079960019990005
72 0.010494752623688156
73 0.0069965017491254375
74 0.008995502248875561
75 0.009995002498750625
76 0.008995502248875561
77 0.0069965017491254375
78 0.005497251374312844
79 0.005497251374312844
80 0.006496751624187906
81 0.005497251374312844
82 0.005997001499250375
83 0.004997501249375313
84 0.005997001499250375
85 0.004997501249375313
86 0.005997001499250375
87 0.001999000499750125
88 0.004497751124437781
89 0.0034982508745627187
90 0.0034982508745627187
91 0.005997001499250375
92 0.001999000499750125
93 0.00399800099950025
94 0.0029985007496251873
95 0.0029985007496251873
96 0.00399800099950025
97 0.0009995002498750624
98 0.0029985007496251873
99 0.0009995002498750624
100 0.004497751124437781
101 0.0029985007496251873
102 0.001999000499750125
103 0.001999000499750125
104 0.0034982508745627187
105 0.0029985007496251873
106 0.0029985007496251873
107 0.0024987506246876563
108 0.001999000499750125
109 0.0024987506246876563
110 0.0024987506246876563
111 0.001999000499750125
112 0.001999000499750125
113 0.0014992503748125937
114 0.0004997501249375312
115 0.0014992503748125937
116 0.0014992503748125937
117 0.0009995002498750624
118 0.0014992503748125937
119 0.0014992503748125937
120 0.0009995002498750624
121 0.0009995002498750624
122 0.0009995002498750624
124 0.0004997501249375312
125 0.0009995002498750624
126 0.0009995002498750624
127 0.0009995002498750624
129 0.0034982508745627187
130 0.0004997501249375312
131 0.0004997501249375312
132 0.0014992503748125937
133 0.0009995002498750624
134 0.0009995002498750624
136 0.0014992503748125937
138 0.0004997501249375312
141 0.0004997501249375312
145 0.0004997501249375312
146 0.0009995002498750624
147 0.0004997501249375312
149 0.0004997501249375312
152 0.0009995002498750624
153 0.0004997501249375312
157 0.0004997501249375312
162 0.0004997501249375312
163 0.0004997501249375312
170 0.0004997501249375312
194 0.0004997501249375312
195 0.0004997501249375312
198 0.0004997501249375312
