1.783364452739137165e-05 -8.632178043905125210e-07
2.136548308856212695e-05 1.112546930491006921e-05
2.559677955375326230e-05 4.243351954096009714e-05
3.066605706070808129e-05 2.703204747490416338e-05
3.673927236337478215e-05 -2.095177967743031789e-05
4.401524888309428025e-05 2.180837506189990508e-05
5.273218574062059995e-05 1.499064758039371479e-05
6.317545586005619612e-05 6.598318093612869127e-05
7.568694843709958882e-05 5.029325217415523617e-06
9.067626162302277646e-05 -1.121430181113592617e-05
1.086341118476983703e-04 -6.792711698329410679e-05
1.301483987727815751e-04 -6.313416826972601589e-05
1.559234518055101096e-04 5.142154146489080866e-05
1.868030882607348551e-04 -3.395128414661786350e-05
2.237982380435905231e-04 4.462155796892712989e-05
2.681200392228388451e-04 4.494905996996626175e-05
3.212194879695813837e-04 1.001164547534568708e-04
3.848349409112377262e-04 6.356712936820939222e-05
4.610490250211105056e-04 -1.615816102018937848e-04
5.523568181454331779e-04 -1.143409234323061255e-05
6.617475322451373595e-04 3.327477234424237418e-06
7.928023734781332972e-04 -1.810624567205361892e-05
9.498117828412663702e-04 -1.212855583051851253e-04
1.137915895567115452e-03 1.918961227364958193e-05
1.363272817600649301e-03 6.522936316571639357e-05
1.633260228149434551e-03 -6.256292330498519009e-05
1.956716908321835553e-03 -9.680346483239344365e-05
2.344232102958094654e-03 3.384101730321825566e-05
2.808492188710344766e-03 1.332662956859954445e-05
3.364695997505505291e-03 1.338555213141301274e-04
4.031052392147918551e-03 3.096901384042685126e-04
4.829376383568766834e-03 5.865087811515424198e-05
5.785803305261514803e-03 -4.311352605253593946e-04
6.931644425369398385e-03 1.144247758185722277e-04
8.304412007242075594e-03 2.875954903378740097e-04
9.949047376640537260e-03 3.378057663563818324e-07
1.191939219975077582e-02 -2.316718996862728540e-04
1.427995113834232450e-02 -3.159384468506775908e-04
1.710800358744030483e-02 1.205772182114525230e-04
2.049613362905708044e-02 -7.326351399884779847e-04
2.455526102698339305e-02 -2.699059600556644959e-04
2.941827249059695074e-02 7.528912876224131898e-04
3.524437208710595043e-02 -1.096472711343295060e-03
4.222429322494752890e-02 -8.618759546170923084e-04
5.058654283696582821e-02 1.189706869379513051e-03
6.060488218389501608e-02 -2.286039307733332378e-04
7.260728918284178879e-02 -5.984357682111350303e-04
8.698669566726323354e-02 8.195488492022711324e-04
1.042138510922011874e-01 8.023445181230045437e-04
1.248527338135775461e-01 2.444166857455479236e-03
1.495790144721999004e-01 -8.853530106249655937e-06
1.792021759321816288e-01 -4.358242878546802167e-04
2.146920139308514941e-01 2.675472699706601606e-03
2.572103860118786778e-01 3.850531533520247865e-03
3.081492481303358955e-01 4.242888278413685550e-03
3.691762241626821428e-01 6.702994482565073284e-03
4.422892001650091109e-01 3.699470986366228120e-03
5.298817306728854648e-01 1.113401798488205391e-02
6.348213982980841497e-01 2.207754034720113556e-02
7.605436919392877249e-01 2.524596346443586103e-02
9.111644769684296152e-01 3.571276154651669560e-02
1.091614739413848678e+00 5.747518703439769006e-02
1.307802015361988701e+00 8.733851261465233606e-02
1.566803790413518138e+00 1.133995320439215720e-01
1.877099200657428302e+00 1.646446429941378908e-01
2.248846620532375162e+00 2.461503261644046869e-01
2.694216225177998414e+00 3.189961118659180306e-01
3.227788414620279767e+00 4.669009707362414829e-01
3.867031143303493401e+00 6.470433197390162983e-01
4.632871781664883670e+00 8.852390231121521902e-01
5.550382231215015061e+00 1.208859907235330322e+00
6.649599722251863909e+00 1.588334037716498948e+00
7.966510165281469824e+00 2.100164757574679797e+00
9.544226248860709916e+00 2.731259098249451789e+00
1.143439885213818208e+01 3.487450195155272770e+00
1.369890797856829856e+01 4.381942551477937542e+00
1.641188856816823005e+01 5.410672588773918434e+00
1.966215750885866242e+01 6.566999020534646014e+00
2.355612130178607799e+01 7.975949185664299002e+00
2.822125957105455996e+01 9.666244679194397449e+00
3.381029846014812534e+01 1.160738953009954244e+01
4.050621054266346022e+01 1.355589924982607464e+01
4.852820493319574524e+01 1.536297362249723086e+01
5.813890370114581430e+01 1.689848943595233166e+01
6.965293952711030556e+01 1.785546002792264630e+01
8.344725606980564692e+01 1.800118631203832820e+01
9.997344825439016347e+01 1.751473175852267161e+01
1.197725464754935416e+02 1.681352577909306589e+01
1.434927287165400287e+02 1.621850261726039122e+01
1.719105404403459829e+02 1.579134421237015751e+01
2.059563169425278772e+02 1.555396756520561929e+01
2.467446404384391201e+02 1.535684575639394822e+01
2.956108289802248805e+02 1.524635376245181284e+01
3.541546517691353984e+02 1.517693169687497168e+01
4.242927020041872765e+02 1.512198490978810916e+01
5.083211418365539203e+02 1.512627232210413908e+01
6.089908735584803026e+02 1.507357506350795795e+01
7.295975979625329728e+02 1.503549583430339531e+01
8.740897081794768155e+02 1.495999882850268570e+01
1.047197551196597942e+03 1.509506715307660940e+01
