0.000000000000000000e+00 1.532043670758308629e+01 6.846031450000000405e+03 6.863918569999999818e+03
6.000000000000000125e-03 1.507420650758308689e+01 6.845804399999999987e+03 6.863425489999999627e+03
1.200000000000000025e-02 1.436278360758308636e+01 6.845147549999999683e+03 6.861998819999999796e+03
1.799999999999999864e-02 1.326068770758308624e+01 6.844127160000000003e+03 6.859782269999999698e+03
2.400000000000000050e-02 1.187320780758308558e+01 6.842837550000000192e+03 6.856980080000000271e+03
2.999999999999999889e-02 1.031744920758308659e+01 6.841384839999999713e+03 6.853821549999999661e+03
3.599999999999999728e-02 8.706063097583086829e+00 6.839872330000000147e+03 6.850529700000000048e+03
4.200000000000000261e-02 7.135961437583087097e+00 6.838389949999999772e+03 6.847298719999999776e+03
4.800000000000000100e-02 5.681995347583087330e+00 6.837007899999999609e+03 6.844280709999999999e+03
5.399999999999999939e-02 4.394617017583087204e+00 6.835774140000000443e+03 6.841580359999999928e+03
5.999999999999999778e-02 3.300555937583086852e+00 6.834714799999999741e+03 6.839255680000000211e+03
6.600000000000000311e-02 2.405802257583086856e+00 6.833836820000000444e+03 6.837323470000000270e+03
7.199999999999999456e-02 1.700226757583086945e+00 6.833132150000000365e+03 6.835768119999999726e+03
7.799999999999999989e-02 1.162985137583087081e+00 6.832582779999999730e+03 6.834552090000000135e+03
8.400000000000000522e-02 7.677639665830868765e-01 6.832165549999999712e+03 6.833626220000000103e+03
8.999999999999999667e-02 4.871150065830869846e-01 6.831856359999999768e+03 6.832938379999999597e+03
9.600000000000000200e-02 3.122990435830869660e-01 6.831649720000000343e+03 6.832476539999999659e+03
1.079999999999999988e-01 1.054411295830869483e-01 6.831383240000000114e+03 6.831872690000000148e+03
1.199999999999999956e-01 5.196415198308695221e-02 6.831290519999999560e+03 6.831636330000000271e+03
1.320000000000000062e-01 8.525009018308694897e-02 6.831318519999999808e+03 6.831637689999999566e+03
1.439999999999999891e-01 1.742074705830869430e-01 6.831440349999999853e+03 6.831810809999999947e+03
1.559999999999999998e-01 3.023107735830870002e-01 6.831635379999999714e+03 6.832112449999999626e+03
1.680000000000000104e-01 4.546521825830869834e-01 6.831879560000000311e+03 6.832498709999999846e+03
1.799999999999999933e-01 6.131566885830869174e-01 6.832144330000000082e+03 6.832918690000000424e+03
1.920000000000000040e-01 7.489551725830869700e-01 6.832391260000000329e+03 6.833301489999999831e+03
2.159999999999999976e-01 9.165303635830869267e-01 6.832770870000000286e+03 6.833846440000000257e+03
2.399999999999999911e-01 8.796849195830869217e-01 6.832910030000000006e+03 6.833936399999999594e+03
2.640000000000000124e-01 6.716826965830868801e-01 6.832819859999999608e+03 6.833615719999999783e+03
2.879999999999999782e-01 3.985127815830870057e-01 6.832593770000000404e+03 6.833089240000000245e+03
3.119999999999999996e-01 1.632324725830869572e-01 6.832343490000000202e+03 6.832576600000000326e+03
3.360000000000000209e-01 1.819943748308695819e-02 6.832150340000000142e+03 6.832215830000000096e+03
3.599999999999999867e-01 -3.612881451691304924e-02 6.832047849999999926e+03 6.832045259999999871e+03
3.840000000000000080e-01 -2.034186601691304400e-02 6.832043800000000374e+03 6.832054329999999936e+03
4.319999999999999951e-01 4.726448768308695592e-02 6.832118230000000040e+03 6.832199749999999767e+03
4.799999999999999822e-01 7.505782348308695506e-02 6.832168850000000020e+03 6.832281320000000051e+03
5.280000000000000249e-01 4.134272998308695379e-02 6.832124660000000404e+03 6.832201189999999769e+03
5.759999999999999565e-01 2.115354783086956236e-03 6.832051779999999781e+03 6.832082569999999578e+03
6.239999999999999991e-01 -8.924529976913044005e-03 6.832011989999999969e+03 6.832026729999999588e+03
6.720000000000000417e-01 -1.927278472913043512e-03 6.831989270000000033e+03 6.832011770000000070e+03
7.199999999999999734e-01 1.546759453086956606e-03 6.831965060000000449e+03 6.831994700000000194e+03
7.680000000000000160e-01 -4.209081306913043524e-03 6.831939900000000307e+03 6.831960829999999987e+03
8.639999999999999902e-01 -7.349122886913043474e-03 6.831874399999999696e+03 6.831890080000000125e+03
9.599999999999999645e-01 -6.849023716913042910e-03 6.831826570000000174e+03 6.831840360000000146e+03
1.056000000000000050e+00 -8.784078726913044366e-03 6.831786039999999957e+03 6.831788940000000366e+03
1.151999999999999913e+00 -8.283386036913044023e-03 6.831743679999999586e+03 6.831742589999999836e+03
1.247999999999999998e+00 -3.791993536913043118e-03 6.831707370000000083e+03 6.831712809999999990e+03
1.344000000000000083e+00 -7.488824726913043475e-03 6.831674790000000030e+03 6.831677399999999579e+03
1.439999999999999947e+00 -2.368702356913043698e-03 6.831640360000000328e+03 6.831650499999999738e+03
1.536000000000000032e+00 -4.332714626913043710e-03 6.831612839999999778e+03 6.831621379999999590e+03
1.727999999999999980e+00 -7.181411906913043319e-03 6.831560190000000148e+03 6.831557770000000346e+03
1.919999999999999929e+00 -3.424662856913043320e-03 6.831522689999999784e+03 6.831527390000000196e+03
2.112000000000000099e+00 -3.080737176913043301e-03 6.831488760000000184e+03 6.831498819999999796e+03
2.303999999999999826e+00 -6.121368556913042887e-03 6.831456079999999929e+03 6.831464119999999639e+03
2.495999999999999996e+00 -5.865112386913042854e-03 6.831426120000000083e+03 6.831426000000000386e+03
2.688000000000000167e+00 -5.025019926913043208e-03 6.831407290000000103e+03 6.831405389999999898e+03
2.879999999999999893e+00 -4.892594296913043740e-03 6.831383280000000013e+03 6.831389030000000275e+03
3.072000000000000064e+00 -2.432870076913043380e-03 6.831371140000000196e+03 6.831375989999999547e+03
3.455999999999999961e+00 -1.613806203913043316e-03 6.831346190000000206e+03 6.831343740000000253e+03
3.839999999999999858e+00 -3.546252666913043625e-03 6.831326460000000225e+03 6.831327119999999923e+03
4.224000000000000199e+00 -4.153548936913043638e-03 6.831313140000000203e+03 6.831311389999999847e+03
4.607999999999999652e+00 -1.457560808913043425e-03 6.831298660000000382e+03 6.831297419999999875e+03
4.991999999999999993e+00 -9.174930739130434569e-04 6.831296330000000125e+03 6.831298279999999977e+03
5.376000000000000334e+00 1.816226853086956540e-03 6.831284649999999601e+03 6.831291809999999714e+03
5.759999999999999787e+00 -4.697009089130434406e-04 6.831279000000000451e+03 6.831280270000000201e+03
6.144000000000000128e+00 1.720074473086956367e-03 6.831277159999999640e+03 6.831279139999999643e+03
6.911999999999999922e+00 1.871878530869566619e-04 6.831271950000000288e+03 6.831274089999999887e+03
7.679999999999999716e+00 -1.333110969130434521e-04 6.831273640000000341e+03 6.831274010000000089e+03
8.448000000000000398e+00 -3.420260779130434702e-04 6.831273979999999938e+03 6.831276469999999790e+03
9.215999999999999304e+00 6.237528730869564518e-04 6.831271289999999681e+03 6.831270220000000336e+03
9.983999999999999986e+00 -8.647612209130434158e-04 6.831273760000000038e+03 6.831275109999999586e+03
1.075200000000000067e+01 1.173123153086956397e-03 6.831272630000000390e+03 6.831275630000000092e+03
1.151999999999999957e+01 1.812800308695653936e-05 6.831271060000000034e+03 6.831271499999999833e+03
1.228800000000000026e+01 3.364456230869564829e-04 6.831270010000000184e+03 6.831271759999999631e+03
1.382399999999999984e+01 1.179609030869566318e-04 6.831268159999999625e+03 6.831269419999999627e+03
1.535999999999999943e+01 -4.691208949130434716e-04 6.831266660000000229e+03 6.831273250000000189e+03
1.689600000000000080e+01 -3.685350379130434943e-04 6.831274739999999838e+03 6.831276600000000144e+03
1.843199999999999861e+01 2.580813830869565367e-04 6.831268820000000233e+03 6.831270910000000185e+03
1.996799999999999997e+01 -3.980018459130434290e-04 6.831263469999999870e+03 6.831264329999999973e+03
2.150400000000000134e+01 -5.989952969130434750e-04 6.831260150000000067e+03 6.831262149999999565e+03
2.303999999999999915e+01 -7.989187639130435233e-04 6.831261980000000221e+03 6.831259469999999965e+03
2.457600000000000051e+01 -7.139478079130434727e-04 6.831263429999999971e+03 6.831262380000000121e+03
2.764799999999999969e+01 1.402849830869565273e-04 6.831265419999999722e+03 6.831266649999999572e+03
3.071999999999999886e+01 -3.985310029130434330e-04 6.831267319999999927e+03 6.831267079999999623e+03
3.379200000000000159e+01 -6.170480179130434766e-04 6.831264580000000024e+03 6.831265680000000430e+03
3.686399999999999721e+01 5.370924230869566097e-04 6.831268289999999979e+03 6.831271240000000034e+03
3.993599999999999994e+01 -1.132641988913043454e-03 6.831269339999999829e+03 6.831269110000000182e+03
4.300800000000000267e+01 -7.126496319130434711e-04 6.831263429999999971e+03 6.831261489999999867e+03
4.607999999999999829e+01 6.209038030869566509e-04 6.831262399999999616e+03 6.831264000000000124e+03
4.915200000000000102e+01 -1.078763730913043358e-03 6.831261550000000170e+03 6.831262579999999616e+03
5.529599999999999937e+01 1.393263930869565945e-04 6.831261400000000322e+03 6.831262609999999768e+03
6.143999999999999773e+01 -5.895487609130434714e-04 6.831258300000000418e+03 6.831259130000000368e+03
6.758400000000000318e+01 -2.698091069130435001e-04 6.831263939999999820e+03 6.831263420000000224e+03
7.372799999999999443e+01 -2.497375669130435117e-04 6.831268009999999776e+03 6.831268109999999979e+03
7.987199999999999989e+01 -5.601486789130434097e-04 6.831262980000000425e+03 6.831263960000000225e+03
8.601600000000000534e+01 5.167447530869564813e-04 6.831261510000000271e+03 6.831263560000000325e+03
9.215999999999999659e+01 -1.445884669130433498e-04 6.831259710000000268e+03 6.831260849999999664e+03
9.830400000000000205e+01 9.219223308695647517e-05 6.831265959999999723e+03 6.831266880000000128e+03
1.105919999999999987e+02 -4.784903769130434545e-04 6.831263740000000325e+03 6.831264030000000275e+03
1.228799999999999955e+02 9.554012308695650386e-05 6.831263930000000073e+03 6.831265610000000379e+03
1.351680000000000064e+02 1.240662230869566101e-04 6.831262260000000424e+03 6.831262719999999717e+03
1.474559999999999889e+02 4.737678730869566198e-04 6.831257669999999962e+03 6.831259200000000419e+03
1.597439999999999998e+02 1.637343730869565261e-04 6.831256110000000263e+03 6.831257239999999911e+03
1.720320000000000107e+02 4.726129308695666172e-05 6.831261669999999867e+03 6.831263429999999971e+03
1.843199999999999932e+02 -9.374639691304346815e-05 6.831260489999999663e+03 6.831260460000000421e+03
1.966080000000000041e+02 -1.420010569130433949e-04 6.831258480000000418e+03 6.831259089999999560e+03
2.211839999999999975e+02 6.551364230869564844e-04 6.831260669999999664e+03 6.831262660000000324e+03
2.457599999999999909e+02 7.736673308695652708e-05 6.831259799999999814e+03 6.831260580000000118e+03
2.703360000000000127e+02 3.630174308695663550e-05 6.831265099999999620e+03 6.831266279999999824e+03
2.949119999999999777e+02 1.591115430869564570e-04 6.831262569999999869e+03 6.831263700000000426e+03
3.194879999999999995e+02 -2.786825669130433506e-04 6.831266940000000432e+03 6.831267219999999725e+03
3.440640000000000214e+02 2.863257030869565279e-04 6.831268149999999878e+03 6.831269430000000284e+03
3.686399999999999864e+02 -3.536226691304347053e-05 6.831271270000000186e+03 6.831272399999999834e+03
3.932160000000000082e+02 1.363929630869564757e-04 6.831272200000000339e+03 6.831273409999999785e+03
4.423679999999999950e+02 1.774206830869565384e-04 6.831273409999999785e+03 6.831275090000000091e+03
4.915199999999999818e+02 -1.694226469130435519e-04 6.831271539999999732e+03 6.831272539999999935e+03
5.406720000000000255e+02 1.234994230869565328e-04 6.831275279999999839e+03 6.831275749999999789e+03
5.898239999999999554e+02 -1.690204691304339132e-05 6.831281909999999698e+03 6.831282720000000154e+03
6.389759999999999991e+02 2.316777308695658344e-05 6.831284120000000257e+03 6.831285170000000107e+03
6.881280000000000427e+02 9.277666308695657962e-05 6.831285609999999906e+03 6.831286369999999806e+03
7.372799999999999727e+02 -8.975767691304340108e-05 6.831292309999999816e+03 6.831292809999999918e+03
7.864320000000000164e+02 2.688112308695650952e-05 6.831288529999999810e+03 6.831289499999999862e+03
8.847359999999999900e+02 -6.976329691304344362e-05 6.831290799999999763e+03 6.831291460000000370e+03
9.830399999999999636e+02 1.213052330869565740e-04 6.831289130000000114e+03 6.831290119999999661e+03
1.081339999999999918e+03 -4.463721691304344853e-05 6.831290430000000015e+03 6.831290949999999611e+03
1.179650000000000091e+03 -4.852736913043458403e-06 6.831285259999999653e+03 6.831286000000000058e+03
1.277950000000000045e+03 -2.478683669130433975e-04 6.831290509999999813e+03 6.831291510000000017e+03
1.376259999999999991e+03 4.517487308695650357e-05 6.831294050000000425e+03 6.831295019999999568e+03
1.474559999999999945e+03 -1.117064691304354984e-05 6.831290750000000116e+03 6.831291720000000169e+03
1.572859999999999900e+03 -8.223376691304340284e-05 6.831280869999999595e+03 6.831281460000000152e+03
1.769470000000000027e+03 -2.653185691304333835e-05 6.831280429999999797e+03 6.831281250000000000e+03
1.966079999999999927e+03 2.971144308695663865e-05 6.831284529999999904e+03 6.831285390000000007e+03
2.162690000000000055e+03 3.909120308695653544e-05 6.831287400000000162e+03 6.831288499999999658e+03
2.359300000000000182e+03 -6.496466913043534228e-06 6.831300239999999576e+03 6.831301529999999730e+03
2.555900000000000091e+03 -2.305677691304347868e-05 6.831314389999999548e+03 6.831315300000000207e+03
2.752510000000000218e+03 3.229937308695646735e-05 6.831316520000000310e+03 6.831317589999999655e+03
2.949119999999999891e+03 1.314043730869566239e-04 6.831314480000000003e+03 6.831315510000000359e+03
3.145730000000000018e+03 9.158318308695651867e-05 6.831310309999999845e+03 6.831311480000000302e+03
3.538940000000000055e+03 -1.871069130435394634e-07 6.831307960000000094e+03 6.831308810000000449e+03
3.932159999999999854e+03 3.922426308695654666e-05 6.831331659999999829e+03 6.831332589999999982e+03
4.325380000000000109e+03 -2.030040691304341345e-05 6.831331409999999778e+03 6.831332220000000234e+03
4.718590000000000146e+03 8.225477308695656846e-05 6.831311469999999645e+03 6.831312450000000354e+03
5.111810000000000400e+03 2.885743308695645944e-05 6.831328980000000229e+03 6.831329929999999877e+03
5.505020000000000437e+03 7.950224308695655502e-05 6.831330240000000231e+03 6.831331140000000232e+03
5.898239999999999782e+03 -5.227742691304342396e-05 6.831348479999999654e+03 6.831349339999999756e+03
6.291460000000000036e+03 -6.463216913043471484e-06 6.831375850000000355e+03 6.831376750000000357e+03
7.077890000000000327e+03 1.914922308695644892e-05 6.831397460000000137e+03 6.831398409999999785e+03
7.864319999999999709e+03 -6.504233691304343520e-05 6.831433390000000145e+03 6.831434199999999691e+03
8.650750000000000000e+03 -1.668893691304340447e-05 6.831420019999999568e+03 6.831420900000000074e+03
9.437180000000000291e+03 2.199051308695654586e-05 6.831405819999999949e+03 6.831406719999999950e+03
1.022360000000000036e+04 8.911723086956532119e-06 6.831411530000000312e+03 6.831412510000000111e+03
1.101000000000000000e+04 5.105457308695660924e-05 6.831425019999999677e+03 6.831425959999999577e+03
1.179650000000000000e+04 3.633292308695651278e-05 6.831398430000000189e+03 6.831399339999999938e+03
1.258289999999999964e+04 4.915319308695649363e-05 6.831410590000000411e+03 6.831411530000000312e+03
1.415579999999999927e+04 2.524153086956582026e-06 6.831475620000000163e+03 6.831476520000000164e+03
1.572860000000000036e+04 3.826218308695646456e-05 6.831481799999999566e+03 6.831482759999999871e+03
1.730150000000000000e+04 -2.182827691304348866e-05 6.831509869999999864e+03 6.831510709999999563e+03
1.887440000000000146e+04 1.132136308695645167e-05 6.831547580000000380e+03 6.831548490000000129e+03
2.044720000000000073e+04 1.615493308695665348e-05 6.831609309999999823e+03 6.831610179999999673e+03
2.202009999999999854e+04 2.323608308695663226e-05 6.831605220000000372e+03 6.831606109999999717e+03
2.359300000000000000e+04 3.500272308695653693e-05 6.831691960000000108e+03 6.831692890000000261e+03
2.516579999999999927e+04 5.039977308695666423e-05 6.831719500000000153e+03 6.831720459999999548e+03
2.831159999999999854e+04 4.388175308695646537e-05 6.831790289999999914e+03 6.831791220000000067e+03
3.145729999999999927e+04 3.627659308695651598e-05 6.831834990000000289e+03 6.831835900000000038e+03
3.460300000000000000e+04 2.836408308695649236e-05 6.831891770000000179e+03 6.831892640000000029e+03
3.774869999999999709e+04 3.244869308695655895e-05 6.831935559999999896e+03 6.831936480000000302e+03
4.089450000000000000e+04 2.294736308695649249e-05 6.832002609999999549e+03 6.832003520000000208e+03
4.404019999999999709e+04 2.757956308695663425e-05 6.832055559999999787e+03 6.832056470000000445e+03
4.718590000000000146e+04 1.886198308695646690e-05 6.832122059999999692e+03 6.832122980000000098e+03
5.033159999999999854e+04 1.036961308695650945e-05 6.832080320000000029e+03 6.832081199999999626e+03
5.662309999999999854e+04 2.409108308695654191e-05 6.831996540000000095e+03 6.831997459999999592e+03
6.291459999999999854e+04 7.684783086956597023e-06 6.831973610000000008e+03 6.831974500000000262e+03
6.920600000000000000e+04 4.080440308695657860e-05 6.831903989999999794e+03 6.831904950000000099e+03
7.549750000000000000e+04 1.421003308695652917e-05 6.831961339999999836e+03 6.831962269999999990e+03
8.178889999999999418e+04 4.417522308695649019e-05 6.831923700000000281e+03 6.831924659999999676e+03
8.808039999999999418e+04 1.406206308695646424e-05 6.831833349999999882e+03 6.831834259999999631e+03
9.437180000000000291e+04 1.888363308695647710e-05 6.831821219999999812e+03 6.831822089999999662e+03
1.006630000000000000e+05 8.466953086956521130e-06 6.831652509999999893e+03 6.831653400000000147e+03
1.132460000000000000e+05 3.256420308695665705e-05 6.831528879999999845e+03 6.831529830000000402e+03
1.258290000000000000e+05 3.112832308695655248e-05 6.831154139999999643e+03 6.831155020000000150e+03
1.384120000000000000e+05 2.772507308695655419e-05 6.830923069999999825e+03 6.830923950000000332e+03
1.509950000000000000e+05 2.642417308695659516e-05 6.830852420000000166e+03 6.830853329999999914e+03
1.635780000000000000e+05 1.787667308695661643e-05 6.830878780000000006e+03 6.830879680000000008e+03
1.761610000000000000e+05 -1.085587691304341733e-05 6.831033610000000408e+03 6.831034429999999702e+03
1.887440000000000000e+05 3.006716308695664072e-05 6.831126570000000356e+03 6.831127540000000408e+03
2.013270000000000000e+05 4.422874308695665634e-05 6.831226569999999811e+03 6.831227609999999913e+03
2.264920000000000000e+05 -1.987960691304346654e-05 6.831566899999999805e+03 6.831567839999999705e+03
2.516580000000000000e+05 -6.158446913043496423e-06 6.831770440000000235e+03 6.831771370000000388e+03
2.768240000000000000e+05 2.830438308695651731e-05 6.830422870000000330e+03 6.830423880000000281e+03
3.019900000000000000e+05 3.306337308695657048e-05 6.829113800000000083e+03 6.829114830000000438e+03
3.271560000000000000e+05 -7.994402691304338705e-05 6.827540960000000268e+03 6.827541839999999866e+03
3.523220000000000000e+05 -3.372919379130434343e-04 6.824141080000000329e+03 6.824141829999999572e+03
