0.000000000000000000e+00 2.245428092489985517e+01 2.055087820000000193e+03 2.079454900000000180e+03
3.000000000000000062e-03 2.238621582489985684e+01 2.055029250000000047e+03 2.079325659999999971e+03
6.000000000000000125e-03 2.218305132489985354e+01 2.054854429999999866e+03 2.078939870000000155e+03
8.999999999999999320e-03 2.184779192489985533e+01 2.054565880000000107e+03 2.078303109999999833e+03
1.200000000000000025e-02 2.138530522489985586e+01 2.054167640000000119e+03 2.077424370000000181e+03
1.499999999999999944e-02 2.080217642489985508e+01 2.053665160000000014e+03 2.076315799999999854e+03
1.799999999999999864e-02 2.010651692489985365e+01 2.053065129999999954e+03 2.074992319999999836e+03
2.100000000000000130e-02 1.930773742489985523e+01 2.052375309999999899e+03 2.073471259999999802e+03
2.400000000000000050e-02 1.841629802489985579e+01 2.051604280000000017e+03 2.071771839999999884e+03
2.699999999999999969e-02 1.744344572489985623e+01 2.050761239999999816e+03 2.069914729999999963e+03
2.999999999999999889e-02 1.640094982489985398e+01 2.049855799999999817e+03 2.067921519999999873e+03
3.300000000000000155e-02 1.530084622489985513e+01 2.048897750000000087e+03 2.065814310000000205e+03
3.599999999999999728e-02 1.415519682489985520e+01 2.047896870000000035e+03 2.063615229999999883e+03
3.899999999999999994e-02 1.297587092489985494e+01 2.046862759999999980e+03 2.061346039999999903e+03
4.200000000000000261e-02 1.177435362489985593e+01 2.045804640000000063e+03 2.059027790000000095e+03
4.499999999999999833e-02 1.056158252489985472e+01 2.044731289999999944e+03 2.056680539999999837e+03
4.800000000000000100e-02 9.349935884899855054e+00 2.043651039999999966e+03 2.054324909999999818e+03
5.399999999999999939e-02 6.960554204899855435e+00 2.041501929999999902e+03 2.049655009999999947e+03
5.999999999999999778e-02 4.668650864899855257e+00 2.039405430000000024e+03 2.045131030000000010e+03
6.600000000000000311e-02 2.525057934899855638e+00 2.037402250000000095e+03 2.040847449999999981e+03
7.199999999999999456e-02 5.665130088998555635e-01 2.035522590000000037e+03 2.036874019999999973e+03
7.799999999999999989e-02 -1.182971455100144675e+00 2.033787730000000010e+03 2.033258610000000090e+03
8.400000000000000522e-02 -2.710088445100144572e+00 2.032211970000000065e+03 2.030031079999999974e+03
8.999999999999999667e-02 -4.009929105100145108e+00 2.030804550000000063e+03 2.027207490000000007e+03
9.600000000000000200e-02 -5.028497235100144458e+00 2.029615999999999985e+03 2.024896629999999959e+03
1.079999999999999988e-01 -6.525570175100145143e+00 2.027688409999999976e+03 2.021292940000000044e+03
1.199999999999999956e-01 -7.207961645100144921e+00 2.026490009999999984e+03 2.019280760000000100e+03
1.320000000000000062e-01 -7.154590515100144543e+00 2.026019350000000031e+03 2.018778849999999920e+03
1.439999999999999891e-01 -6.455541115100144722e+00 2.026241870000000063e+03 2.019657470000000103e+03
1.559999999999999998e-01 -5.221687515100144950e+00 2.027074720000000070e+03 2.021715220000000045e+03
1.680000000000000104e-01 -3.594851925100144285e+00 2.028382569999999987e+03 2.024666420000000016e+03
1.799999999999999933e-01 -1.748596595100144535e+00 2.029989319999999907e+03 2.028153540000000021e+03
1.920000000000000040e-01 8.335582369985548856e-02 2.031683980000000020e+03 2.031727159999999913e+03
2.159999999999999976e-01 3.114645284899855593e+00 2.034684709999999995e+03 2.037864579999999933e+03
2.399999999999999911e-01 4.561416254899855360e+00 2.036535900000000083e+03 2.041268340000000080e+03
2.640000000000000124e-01 4.324252624899854958e+00 2.037034920000000056e+03 2.041612049999999954e+03
2.879999999999999782e-01 3.032926604899855771e+00 2.036500090000000000e+03 2.039824519999999893e+03
3.119999999999999996e-01 1.504158734899855299e+00 2.035462449999999990e+03 2.037249469999999974e+03
3.360000000000000209e-01 3.095130068998554473e-01 2.034423379999999952e+03 2.034972649999999931e+03
3.599999999999999867e-01 -3.460305811001445631e-01 2.033683340000000044e+03 2.033519459999999981e+03
3.840000000000000080e-01 -4.606608921001445478e-01 2.033350140000000010e+03 2.033018499999999904e+03
4.319999999999999951e-01 -2.539380481001445311e-01 2.033087849999999889e+03 2.032886179999999968e+03
4.799999999999999822e-01 -4.100226850014451752e-02 2.033011970000000019e+03 2.032997080000000096e+03
5.280000000000000249e-01 2.568628569985547880e-02 2.033059029999999893e+03 2.033134510000000091e+03
5.759999999999999565e-01 2.216691748998554923e-01 2.033373959999999897e+03 2.033703860000000077e+03
6.239999999999999991e-01 4.058696858998554480e-01 2.033692350000000033e+03 2.034257129999999961e+03
6.720000000000000417e-01 3.548311968998554833e-01 2.033711039999999912e+03 2.034241919999999936e+03
7.199999999999999734e-01 1.308304088998554771e-01 2.033444829999999911e+03 2.033729329999999891e+03
7.680000000000000160e-01 9.999133888554802112e-04 2.033177830000000085e+03 2.033297450000000026e+03
8.639999999999999902e-01 6.200263579985548085e-02 2.033119819999999891e+03 2.033292840000000069e+03
9.599999999999999645e-01 1.066804228998554788e-01 2.033249180000000024e+03 2.033490690000000086e+03
1.056000000000000050e+00 3.069852399985548153e-02 2.033120190000000093e+03 2.033260659999999916e+03
1.151999999999999913e+00 3.713941489985548433e-02 2.033132160000000113e+03 2.033258250000000089e+03
1.247999999999999998e+00 3.462803289985548483e-02 2.033100799999999936e+03 2.033237900000000081e+03
1.344000000000000083e+00 3.625532159985548480e-02 2.033064550000000054e+03 2.033188750000000027e+03
1.439999999999999947e+00 4.175360459985548445e-02 2.033089690000000019e+03 2.033205240000000003e+03
1.536000000000000032e+00 4.711578299985548501e-02 2.033047399999999925e+03 2.033160990000000083e+03
1.727999999999999980e+00 6.823364989985548912e-02 2.033063550000000077e+03 2.033181499999999915e+03
1.919999999999999929e+00 8.048593009985548219e-02 2.033003169999999955e+03 2.033119349999999940e+03
2.112000000000000099e+00 9.643654559985548325e-02 2.032998469999999998e+03 2.033114010000000007e+03
2.303999999999999826e+00 1.057482218998554852e-01 2.032993330000000014e+03 2.033123469999999998e+03
2.495999999999999996e+00 1.051605138998554789e-01 2.032983940000000075e+03 2.033100730000000112e+03
2.688000000000000167e+00 1.112512568998554885e-01 2.032970859999999902e+03 2.033105800000000045e+03
2.879999999999999893e+00 9.842240739985548548e-02 2.032978190000000041e+03 2.033100789999999961e+03
3.072000000000000064e+00 9.259101869985549016e-02 2.032981309999999894e+03 2.033102650000000040e+03
3.455999999999999961e+00 8.718809619985548598e-02 2.032972659999999905e+03 2.033091040000000021e+03
3.839999999999999858e+00 7.623968109985548858e-02 2.032961109999999962e+03 2.033063969999999927e+03
4.224000000000000199e+00 6.414371039985548861e-02 2.032951180000000022e+03 2.033039719999999988e+03
4.607999999999999652e+00 5.593149539985548674e-02 2.032942559999999958e+03 2.033021840000000111e+03
4.991999999999999993e+00 5.234702879985548424e-02 2.032935310000000072e+03 2.033001950000000079e+03
5.376000000000000334e+00 4.892139849985548128e-02 2.032944130000000087e+03 2.033007879999999886e+03
5.759999999999999787e+00 4.827042579985548615e-02 2.032937380000000076e+03 2.033004400000000032e+03
6.144000000000000128e+00 4.676220279985548317e-02 2.032927519999999959e+03 2.032990230000000111e+03
6.911999999999999922e+00 4.189491889985548501e-02 2.032916390000000092e+03 2.032972870000000057e+03
7.679999999999999716e+00 3.573688869985548050e-02 2.032914790000000039e+03 2.032959470000000010e+03
8.448000000000000398e+00 3.242767979985548138e-02 2.032918290000000070e+03 2.032956509999999980e+03
9.215999999999999304e+00 2.817112109985547841e-02 2.032909349999999904e+03 2.032946390000000065e+03
9.983999999999999986e+00 2.681552559985548104e-02 2.032908040000000028e+03 2.032939100000000053e+03
1.075200000000000067e+01 2.170141239985547837e-02 2.032907830000000104e+03 2.032938229999999976e+03
1.151999999999999957e+01 2.301983859985547859e-02 2.032902160000000094e+03 2.032935339999999997e+03
1.228800000000000026e+01 1.802247919985548036e-02 2.032907639999999901e+03 2.032931900000000041e+03
1.382399999999999984e+01 1.763114429985547862e-02 2.032899550000000090e+03 2.032922280000000001e+03
1.535999999999999943e+01 1.467344779985547965e-02 2.032899959999999965e+03 2.032918400000000020e+03
1.689600000000000080e+01 1.312157869985548092e-02 2.032896510000000035e+03 2.032912139999999908e+03
1.843199999999999861e+01 1.306303079985548024e-02 2.032894180000000006e+03 2.032909720000000107e+03
1.996799999999999997e+01 8.589539569855480713e-03 2.032899840000000040e+03 2.032913639999999987e+03
2.150400000000000134e+01 1.148421869985548002e-02 2.032893569999999954e+03 2.032909349999999904e+03
2.303999999999999915e+01 6.791621229855480425e-03 2.032893679999999904e+03 2.032904050000000097e+03
2.457600000000000051e+01 6.605403469855480186e-03 2.032897069999999985e+03 2.032908050000000003e+03
2.764799999999999969e+01 4.158119829855480391e-03 2.032900499999999965e+03 2.032905060000000049e+03
3.071999999999999886e+01 3.559450229855480596e-03 2.032896760000000086e+03 2.032902710000000070e+03
3.379200000000000159e+01 3.156076399855480604e-03 2.032897979999999961e+03 2.032901599999999917e+03
3.686399999999999721e+01 2.924943299855480450e-03 2.032895539999999983e+03 2.032900180000000091e+03
3.993599999999999994e+01 1.826220109855480325e-03 2.032896179999999958e+03 2.032900720000000092e+03
4.300800000000000267e+01 3.208114499855480549e-03 2.032897639999999910e+03 2.032901920000000018e+03
4.607999999999999829e+01 2.893668718554803288e-04 2.032891750000000002e+03 2.032894649999999956e+03
4.915200000000000102e+01 4.551447375548032609e-05 2.032891689999999926e+03 2.032892280000000028e+03
5.529599999999999937e+01 -1.661997174451967430e-05 2.032891750000000002e+03 2.032892610000000104e+03
6.143999999999999773e+01 -6.342374041445196682e-04 2.032901010000000042e+03 2.032900589999999966e+03
6.758400000000000318e+01 5.108146718554802722e-04 2.032899349999999913e+03 2.032898840000000064e+03
7.372799999999999443e+01 3.312054468554803503e-04 2.032897169999999960e+03 2.032898089999999911e+03
7.987199999999999989e+01 5.171662708554802985e-04 2.032900129999999990e+03 2.032901409999999942e+03
8.601600000000000534e+01 8.118211018554803270e-04 2.032898740000000089e+03 2.032901550000000043e+03
9.215999999999999659e+01 -8.915785071445197054e-04 2.032899580000000014e+03 2.032899989999999889e+03
9.830400000000000205e+01 -9.550822611445197469e-04 2.032899239999999963e+03 2.032900679999999966e+03
1.105919999999999987e+02 -6.355796581445197256e-04 2.032895970000000034e+03 2.032895440000000008e+03
1.228799999999999955e+02 -5.040352791445196819e-04 2.032894440000000031e+03 2.032894459999999981e+03
1.351680000000000064e+02 4.835620115548033002e-05 2.032894299999999930e+03 2.032894520000000057e+03
1.474559999999999889e+02 -1.450489201445196580e-04 2.032893299999999954e+03 2.032892720000000054e+03
1.597439999999999998e+02 -9.855678151445197190e-04 2.032891609999999901e+03 2.032890249999999924e+03
1.720320000000000107e+02 -2.961509261445196520e-04 2.032890370000000075e+03 2.032889069999999947e+03
1.843199999999999932e+02 2.810099215548032654e-05 2.032893270000000030e+03 2.032893330000000105e+03
1.966080000000000041e+02 -1.302009851445196922e-04 2.032897380000000112e+03 2.032896829999999909e+03
2.211839999999999975e+02 -3.939288841445196822e-04 2.032896050000000059e+03 2.032895430000000033e+03
2.457599999999999909e+02 6.745338438554803395e-04 2.032897879999999986e+03 2.032898709999999937e+03
2.703360000000000127e+02 4.688127118554803610e-04 2.032895600000000059e+03 2.032896259999999984e+03
2.949119999999999777e+02 3.222453585548033090e-05 2.032894469999999956e+03 2.032893600000000106e+03
3.194879999999999995e+02 9.773794138554802759e-04 2.032898879999999963e+03 2.032900560000000041e+03
3.440640000000000214e+02 -4.651526711445196603e-04 2.032899949999999990e+03 2.032900720000000092e+03
3.686399999999999864e+02 -4.382554591445196840e-04 2.032896819999999934e+03 2.032897750000000087e+03
3.932160000000000082e+02 3.511009375548032932e-05 2.032894060000000081e+03 2.032894219999999905e+03
4.423679999999999950e+02 1.225923678554803240e-04 2.032904559999999947e+03 2.032904469999999947e+03
4.915199999999999818e+02 -2.422874011445196670e-04 2.032906529999999975e+03 2.032904919999999947e+03
5.406720000000000255e+02 1.005980587855480292e-03 2.032914109999999937e+03 2.032915629999999965e+03
5.898239999999999554e+02 -5.608954231445196972e-04 2.032910530000000108e+03 2.032910900000000083e+03
6.389759999999999991e+02 -1.629524481445196568e-04 2.032911000000000058e+03 2.032910519999999906e+03
6.881280000000000427e+02 5.567352318554802783e-04 2.032909670000000006e+03 2.032909329999999954e+03
7.372799999999999727e+02 -6.541143324451967431e-05 2.032904909999999973e+03 2.032905089999999973e+03
7.864320000000000164e+02 5.895333075548032616e-05 2.032899920000000066e+03 2.032899949999999990e+03
8.847359999999999900e+02 4.355445115548032810e-05 2.032892260000000078e+03 2.032892460000000028e+03
9.830399999999999636e+02 4.081878918554803230e-04 2.032893479999999954e+03 2.032894389999999930e+03
1.081339999999999918e+03 3.621223808554803318e-04 2.032881630000000087e+03 2.032882160000000113e+03
1.179650000000000091e+03 4.280992378554803563e-04 2.032883469999999988e+03 2.032884600000000091e+03
1.277950000000000045e+03 3.835619778554803273e-04 2.032875590000000102e+03 2.032875970000000052e+03
1.376259999999999991e+03 -5.673255054451966631e-05 2.032871969999999919e+03 2.032872080000000096e+03
1.474559999999999945e+03 2.572898748554803324e-04 2.032866430000000037e+03 2.032867199999999912e+03
1.572859999999999900e+03 3.405305565548032685e-05 2.032864919999999984e+03 2.032865459999999985e+03
1.769470000000000027e+03 1.135693818554803241e-04 2.032868629999999939e+03 2.032868899999999940e+03
1.966079999999999927e+03 -2.458719921445196347e-04 2.032881710000000112e+03 2.032881620000000112e+03
2.162690000000000055e+03 6.509646935548031848e-05 2.032884649999999965e+03 2.032885199999999941e+03
2.359300000000000182e+03 -4.844173981445196934e-04 2.032885809999999992e+03 2.032884970000000067e+03
2.555900000000000091e+03 -1.223161371445196711e-04 2.032898030000000063e+03 2.032897060000000010e+03
2.752510000000000218e+03 1.778870548554803465e-04 2.032890059999999949e+03 2.032890200000000050e+03
2.949119999999999891e+03 -2.791146401445196521e-04 2.032883000000000038e+03 2.032882949999999937e+03
3.145730000000000018e+03 -1.154248094451967201e-05 2.032889049999999997e+03 2.032888799999999947e+03
3.538940000000000055e+03 -3.727980701445196728e-04 2.032886490000000094e+03 2.032885980000000018e+03
3.932159999999999854e+03 -3.437539621445196824e-04 2.032905209999999897e+03 2.032904579999999896e+03
4.325380000000000109e+03 1.188530268554803320e-04 2.032896729999999934e+03 2.032896410000000060e+03
4.718590000000000146e+03 1.041611010554803300e-04 2.032899750000000040e+03 2.032899640000000090e+03
5.111810000000000400e+03 -1.799302971445196765e-04 2.032898999999999887e+03 2.032898439999999937e+03
5.505020000000000437e+03 2.198167528554803335e-04 2.032889159999999947e+03 2.032890010000000075e+03
5.898239999999999782e+03 8.554600245548032848e-05 2.032888159999999971e+03 2.032887909999999920e+03
6.291460000000000036e+03 9.570304775548033093e-05 2.032892730000000029e+03 2.032892720000000054e+03
7.077890000000000327e+03 1.068746827554803333e-04 2.032921119999999974e+03 2.032921180000000049e+03
7.864319999999999709e+03 2.014203908554803115e-04 2.032887690000000021e+03 2.032887739999999894e+03
8.650750000000000000e+03 7.511472665548032100e-05 2.032897719999999936e+03 2.032897979999999961e+03
9.437180000000000291e+03 -3.425545534451967492e-05 2.032873589999999922e+03 2.032873360000000048e+03
1.022360000000000036e+04 -6.436039474451967846e-05 2.032845949999999903e+03 2.032845939999999928e+03
1.101000000000000000e+04 -3.030798894451967239e-05 2.032832670000000007e+03 2.032832679999999982e+03
1.179650000000000000e+04 -9.645977014451966936e-05 2.032840840000000071e+03 2.032840609999999970e+03
1.258289999999999964e+04 -6.196557944451967640e-05 2.032830390000000079e+03 2.032830410000000029e+03
1.415579999999999927e+04 1.067365239554803237e-04 2.032787839999999960e+03 2.032788189999999986e+03
1.572860000000000036e+04 7.381572845480327231e-06 2.032802640000000110e+03 2.032802410000000009e+03
1.730150000000000000e+04 1.157258128554803208e-04 2.032830539999999928e+03 2.032830789999999979e+03
1.887440000000000146e+04 -2.386534644451967455e-05 2.032832840000000033e+03 2.032832599999999957e+03
2.044720000000000073e+04 -3.030885684451967523e-05 2.032822809999999890e+03 2.032822859999999991e+03
2.202009999999999854e+04 6.080443995548032729e-05 2.032810289999999895e+03 2.032810639999999921e+03
2.359300000000000000e+04 8.775438785548033132e-05 2.032797440000000051e+03 2.032797620000000052e+03
2.516579999999999927e+04 7.170428625548032819e-05 2.032733889999999974e+03 2.032733940000000075e+03
2.831159999999999854e+04 9.982203215548032587e-05 2.032684050000000070e+03 2.032684259999999995e+03
3.145729999999999927e+04 5.411899145548032926e-05 2.032643289999999979e+03 2.032643219999999928e+03
3.460300000000000000e+04 6.648391615548033032e-05 2.032698560000000043e+03 2.032698599999999942e+03
3.774869999999999709e+04 1.504290582548032767e-05 2.032726570000000038e+03 2.032726580000000013e+03
4.089450000000000000e+04 -1.464658604451967363e-05 2.032778990000000022e+03 2.032778999999999996e+03
4.404019999999999709e+04 6.188044925480327079e-06 2.032792909999999893e+03 2.032793059999999969e+03
4.718590000000000146e+04 -9.072694514451966721e-05 2.032734079999999949e+03 2.032733919999999898e+03
5.033159999999999854e+04 -7.299378445196725516e-07 2.032752220000000079e+03 2.032752160000000003e+03
5.662309999999999854e+04 -5.297511564451967670e-05 2.032795049999999947e+03 2.032795110000000022e+03
6.291459999999999854e+04 -6.346909174451966732e-05 2.032840320000000020e+03 2.032840200000000095e+03
6.920600000000000000e+04 -1.685836254451967409e-05 2.032932309999999916e+03 2.032932309999999916e+03
7.549750000000000000e+04 -5.123387244519672331e-06 2.032946650000000091e+03 2.032946709999999939e+03
8.178889999999999418e+04 2.702707245480327289e-06 2.032970479999999952e+03 2.032970559999999978e+03
8.808039999999999418e+04 -6.224297084451967663e-05 2.032915420000000040e+03 2.032915269999999964e+03
9.437180000000000291e+04 7.567680265548032805e-05 2.032853540000000066e+03 2.032853710000000092e+03
1.006630000000000000e+05 -2.421491544451967053e-05 2.032837479999999914e+03 2.032837449999999990e+03
1.132460000000000000e+05 -4.670571234451967568e-05 2.032639930000000049e+03 2.032639859999999999e+03
1.258290000000000000e+05 5.997637145548033043e-05 2.032657279999999901e+03 2.032657140000000027e+03
1.384120000000000000e+05 -3.580634074451967262e-05 2.032886379999999917e+03 2.032886330000000044e+03
1.509950000000000000e+05 9.862416945548032438e-05 2.033042599999999993e+03 2.033042570000000069e+03
1.635780000000000000e+05 3.535507365548033157e-05 2.033664559999999938e+03 2.033664600000000064e+03
1.761610000000000000e+05 3.579071455548033182e-05 2.033078500000000076e+03 2.033078590000000077e+03
