0.000000000000000000e+00 1.293470000000073306e+01
3.000000000000000062e-03 1.288480000000073389e+01
6.000000000000000125e-03 1.273650000000073312e+01
8.999999999999999320e-03 1.249360000000073434e+01
1.200000000000000025e-02 1.216260000000073305e+01
1.499999999999999944e-02 1.175170000000073323e+01
1.799999999999999864e-02 1.127070000000073335e+01
2.100000000000000130e-02 1.073050000000073290e+01
2.400000000000000050e-02 1.014250000000073371e+01
2.699999999999999969e-02 9.518320000000732861e+00
2.999999999999999889e-02 8.869410000000733874e+00
3.300000000000000155e-02 8.206720000000734316e+00
3.599999999999999728e-02 7.540430000000733379e+00
3.899999999999999994e-02 6.879820000000733238e+00
4.200000000000000261e-02 6.233090000000733433e+00
4.499999999999999833e-02 5.607330000000733783e+00
4.800000000000000100e-02 5.016340000000733212e+00
5.399999999999999939e-02 3.918490000000732998e+00
5.999999999999999778e-02 2.969390000000733387e+00
6.600000000000000311e-02 2.177630000000733368e+00
7.199999999999999456e-02 1.538940000000733388e+00
7.799999999999999989e-02 1.040010000000733514e+00
8.400000000000000522e-02 6.623460000007332926e-01
8.999999999999999667e-02 3.855850000007333689e-01
9.600000000000000200e-02 2.059300000007333320e-01
1.079999999999999988e-01 -1.515739999926666616e-02
1.199999999999999956e-01 -7.939249999926667467e-02
1.320000000000000062e-01 -4.732329999926666864e-02
1.439999999999999891e-01 4.938820000073333022e-02
1.559999999999999998e-01 1.918870000007333321e-01
1.680000000000000104e-01 3.631260000007333621e-01
1.799999999999999933e-01 5.432270000007333177e-01
1.920000000000000040e-01 7.010530000007333395e-01
2.159999999999999976e-01 9.054790000007333362e-01
2.399999999999999911e-01 8.835260000007333359e-01
2.640000000000000124e-01 6.651730000007333166e-01
2.879999999999999782e-01 3.683550000007333458e-01
3.119999999999999996e-01 1.124000000007333300e-01
3.360000000000000209e-01 -3.996209999926667034e-02
3.599999999999999867e-01 -8.600119999926666980e-02
3.840000000000000080e-01 -4.879009999926667285e-02
4.319999999999999951e-01 5.880720000073332704e-02
4.799999999999999822e-01 9.567100000073333610e-02
5.280000000000000249e-01 4.690770000073332668e-02
5.759999999999999565e-01 1.247680000733333242e-03
6.239999999999999991e-01 -4.002149999266666792e-03
6.720000000000000417e-01 8.511630000733332729e-03
7.199999999999999734e-01 1.032340000073333347e-02
7.680000000000000160e-01 2.521110000733333550e-03
8.639999999999999902e-01 -4.283579999266666841e-03
9.599999999999999645e-01 -2.563389999266666493e-03
1.056000000000000050e+00 -3.666329999266666664e-03
1.151999999999999913e+00 -2.646059999266666459e-03
1.247999999999999998e+00 -2.734649999266666395e-03
1.344000000000000083e+00 -1.111549999266666679e-03
1.439999999999999947e+00 -7.003449266666617821e-06
1.536000000000000032e+00 -1.021339992666666112e-04
1.727999999999999980e+00 5.280260073333338533e-05
1.919999999999999929e+00 1.207800000733333292e-03
2.112000000000000099e+00 -6.117749992666665247e-04
2.303999999999999826e+00 -1.315119999266666602e-03
2.495999999999999996e+00 7.606020007333334039e-04
2.688000000000000167e+00 -3.121949992666666045e-04
2.879999999999999893e+00 1.122300000733333220e-03
3.072000000000000064e+00 -1.316769992666666229e-04
3.455999999999999961e+00 -1.326149999266666582e-03
3.839999999999999858e+00 -1.779999999266666582e-03
4.224000000000000199e+00 -1.251199999266666739e-03
4.607999999999999652e+00 -1.098069999266666720e-03
4.991999999999999993e+00 -1.607509992666666227e-04
5.376000000000000334e+00 5.985150007333334089e-04
5.759999999999999787e+00 2.192980007333333837e-04
6.144000000000000128e+00 8.989180007333333854e-04
6.911999999999999922e+00 -1.350009999266666696e-03
7.679999999999999716e+00 7.654940007333334512e-04
8.448000000000000398e+00 -4.140259992666666397e-04
9.215999999999999304e+00 -8.568089926666661786e-05
9.983999999999999986e+00 8.367870007333333936e-04
1.075200000000000067e+01 6.480360007333333706e-04
1.151999999999999957e+01 3.487600007333333581e-04
1.228800000000000026e+01 -4.362949992666666395e-04
1.382399999999999984e+01 1.461800073333338165e-05
1.535999999999999943e+01 -1.137109926666661826e-05
1.689600000000000080e+01 -1.352159992666666173e-04
1.843199999999999861e+01 -3.769279992666666368e-04
1.996799999999999997e+01 -2.062349992666666365e-04
2.150400000000000134e+01 1.108960000733333296e-03
2.303999999999999915e+01 -2.001619992666666423e-04
2.457600000000000051e+01 3.898400007333333917e-04
2.764799999999999969e+01 5.235980007333334348e-04
3.071999999999999886e+01 -1.219979992666666229e-04
3.379200000000000159e+01 3.238170007333333769e-04
3.686399999999999721e+01 -1.511289992666666393e-04
3.993599999999999994e+01 4.935300007333334781e-04
4.300800000000000267e+01 -8.186849926666662028e-05
4.607999999999999829e+01 -3.325479992666666314e-04
4.915200000000000102e+01 6.231090007333333703e-04
5.529599999999999937e+01 2.667370007333333881e-04
6.143999999999999773e+01 1.767310007333333828e-04
6.758400000000000318e+01 4.130860007333333789e-04
7.372799999999999443e+01 6.726987333333823129e-07
7.987199999999999989e+01 -3.723369992666666125e-04
8.601600000000000534e+01 -2.422259992666666380e-04
9.215999999999999659e+01 -3.349449992666666425e-04
9.830400000000000205e+01 -1.573089992666666377e-04
1.105919999999999987e+02 -1.297719992666666335e-04
1.228799999999999955e+02 -1.159019992666666189e-04
1.351680000000000064e+02 3.049060007333333948e-04
1.474559999999999889e+02 1.730110007333333574e-04
1.597439999999999998e+02 -1.646499992666666204e-04
1.720320000000000107e+02 2.755790007333333959e-04
1.843199999999999932e+02 -8.442989926666661239e-05
1.966080000000000041e+02 -7.811139926666661520e-05
2.211839999999999975e+02 1.853090007333333810e-04
2.457599999999999909e+02 1.181500073333338155e-05
2.703360000000000127e+02 -8.687179926666662030e-05
2.949119999999999777e+02 9.345010073333338536e-05
3.194879999999999995e+02 -5.047849926666661758e-05
3.440640000000000214e+02 -1.967889926666661519e-05
3.686399999999999864e+02 3.737720073333338221e-05
3.932160000000000082e+02 -5.631349926666661846e-05
4.423679999999999950e+02 -6.355329926666661647e-05
4.915199999999999818e+02 -8.165659926666660965e-05
5.406720000000000255e+02 -3.744619266666617379e-06
5.898239999999999554e+02 1.385190007333333766e-04
6.389759999999999991e+02 6.668570733333381596e-06
6.881280000000000427e+02 -3.732529926666661619e-05
7.372799999999999727e+02 1.573330007333333764e-04
7.864320000000000164e+02 2.075490073333338383e-05
8.847359999999999900e+02 -1.018149992666666164e-04
9.830399999999999636e+02 -1.927009926666661666e-05
1.081339999999999918e+03 1.083960073333338238e-05
1.179650000000000091e+03 -5.441629926666661908e-05
1.277950000000000045e+03 1.844730073333338241e-05
1.376259999999999991e+03 9.538850073333338022e-05
1.474559999999999945e+03 3.835460073333338407e-05
1.572859999999999900e+03 2.890530073333338291e-05
1.769470000000000027e+03 7.832610073333338583e-05
1.966079999999999927e+03 8.020940073333338862e-05
2.162690000000000055e+03 -6.865869266666618200e-06
2.359300000000000182e+03 9.989500073333338866e-05
2.555900000000000091e+03 -3.432969926666661390e-05
2.752510000000000218e+03 -1.761599926666661500e-05
2.949119999999999891e+03 2.526270073333338495e-05
3.145730000000000018e+03 -5.274559266666618014e-06
3.538940000000000055e+03 -1.094359926666661770e-05
3.932159999999999854e+03 -1.655869926666661752e-05
4.325380000000000109e+03 1.421870073333338193e-05
4.718590000000000146e+03 3.286600073333338380e-05
5.111810000000000400e+03 1.134910073333338149e-05
5.505020000000000437e+03 1.095390073333338229e-05
5.898239999999999782e+03 -9.134359926666661363e-05
6.291460000000000036e+03 -2.713349926666661663e-05
7.077890000000000327e+03 -2.747239926666661774e-05
7.864319999999999709e+03 5.648207333333823312e-07
8.650750000000000000e+03 -2.610739926666661641e-05
9.437180000000000291e+03 -6.634262666666176424e-07
1.022360000000000036e+04 -2.955789926666661666e-05
1.101000000000000000e+04 -2.041459266666617578e-06
1.179650000000000000e+04 -2.209459926666661647e-05
1.258289999999999964e+04 -4.458629266666618357e-06
1.415579999999999927e+04 7.365600733333382273e-06
1.572860000000000036e+04 3.257800073333338249e-05
1.730150000000000000e+04 1.848070733333382390e-06
1.887440000000000146e+04 -5.732339266666618399e-06
2.044720000000000073e+04 -1.198709266666617473e-06
2.202009999999999854e+04 -3.255939926666661494e-05
2.359300000000000000e+04 1.574760073333338520e-05
2.516579999999999927e+04 -1.610779926666661477e-05
2.831159999999999854e+04 8.865870733333382564e-06
3.145729999999999927e+04 2.149470733333382376e-06
3.460300000000000000e+04 -1.332279926666661857e-05
3.774869999999999709e+04 6.210320733333382214e-06
4.089450000000000000e+04 -2.302059926666661743e-05
4.404019999999999709e+04 -1.120969926666661842e-05
4.718590000000000146e+04 -7.255689266666617967e-06
5.033159999999999854e+04 4.550830733333382116e-06
5.662309999999999854e+04 -2.287949926666661636e-05
6.291459999999999854e+04 -1.303279926666661795e-05
6.920600000000000000e+04 1.303540073333338260e-05
7.549750000000000000e+04 9.650397333333825350e-07
8.178889999999999418e+04 7.834950733333382277e-06
8.808039999999999418e+04 2.256090073333338314e-05
9.437180000000000291e+04 -2.165409926666661620e-05
1.006630000000000000e+05 -1.620609926666661686e-05
1.132460000000000000e+05 3.915480733333382346e-06
1.258290000000000000e+05 -8.982639266666618433e-06
1.384120000000000000e+05 1.913840073333338330e-05
1.509950000000000000e+05 -1.854469266666617569e-06
1.635780000000000000e+05 -3.688479926666661930e-05
1.761610000000000000e+05 4.949340073333338659e-05
