1 185.744127936032
2 56.66916541729135
3 24.859570214892553
4 13.59320339830085
5 8.264867566216891
6 5.622688655672164
7 4.103948025987006
8 2.9995002498750623
9 2.3638180909545228
10 1.8415792103948025
11 1.4877561219390305
12 1.250374812593703
13 0.9910044977511244
14 0.9100449775112444
15 0.7886056971514243
16 0.638680659670165
17 0.5752123938030984
18 0.5072463768115942
19 0.4642678660669665
20 0.4107946026986507
21 0.37681159420289856
22 0.3258370814592704
23 0.2893553223388306
24 0.27586206896551724
25 0.25687156421789104
26 0.2283858070964518
27 0.191904047976012
28 0.2048975512243878
29 0.1744127936031984
30 0.16391804097951024
31 0.15292353823088456
32 0.13493253373313344
33 0.136431784107946
34 0.12743628185907047
35 0.10994502748625687
36 0.10344827586206896
37 0.11094452773613193
38 0.08345827086456771
39 0.09545227386306847
40 0.08995502248875563
41 0.09195402298850575
42 0.08695652173913043
43 0.07296351824087956
44 0.06846576711644178
45 0.06196901549225387
46 0.06546726636681659
47 0.05847076461769116
48 0.06046976511744128
49 0.05297351324337831
50 0.06096951524237881
51 0.05297351324337831
52 0.04547726136931534
53 0.046476761619190406
54 0.03298350824587706
55 0.050974512743628186
56 0.04147926036981509
57 0.04097951024487756
58 0.041979010494752625
59 0.0399800099950025
60 0.028985507246376812
61 0.026486756621689155
62 0.026486756621689155
63 0.029985007496251874
64 0.02848575712143928
65 0.029985007496251874
66 0.030484757621189407
67 0.022988505747126436
68 0.031484257871064465
69 0.022488755622188907
70 0.022988505747126436
71 0.028985507246376812
72 0.02448775612193903
73 0.018490754622688656
74 0.020989505247376312
75 0.01899050474762619
76 0.0239880059970015
77 0.022488755622188907
78 0.022488755622188907
79 0.014992503748125937
80 0.017491254372813594
81 0.015492253873063468
82 0.013993003498250875
83 0.01649175412293853
84 0.012993503248375811
85 0.014492753623188406
86 0.010994502748625687
87 0.014492753623188406
88 0.014492753623188406
89 0.012993503248375811
90 0.013993003498250875
91 0.009995002498750625
92 0.010494752623688156
93 0.01199400299850075
94 0.00849575212393803
95 0.01249375312343828
96 0.015492253873063468
97 0.009495252373813094
98 0.010494752623688156
99 0.01199400299850075
100 0.01249375312343828
101 0.0069965017491254375
102 0.009495252373813094
103 0.0069965017491254375
104 0.0074962518740629685
105 0.011494252873563218
106 0.00849575212393803
107 0.014992503748125937
108 0.0079960019990005
109 0.017491254372813594
110 0.00849575212393803
111 0.009495252373813094
112 0.0079960019990005
113 0.005497251374312844
114 0.004497751124437781
115 0.010494752623688156
116 0.0079960019990005
117 0.0079960019990005
118 0.008995502248875561
119 0.00399800099950025
120 0.006496751624187906
121 0.004997501249375313
122 0.006496751624187906
123 0.010994502748625687
124 0.0034982508745627187
125 0.008995502248875561
126 0.0079960019990005
127 0.0069965017491254375
128 0.005497251374312844
129 0.0079960019990005
130 0.005997001499250375
131 0.0074962518740629685
132 0.00399800099950025
133 0.004997501249375313
134 0.0034982508745627187
135 0.005997001499250375
136 0.006496751624187906
137 0.00399800099950025
138 0.00399800099950025
139 0.0034982508745627187
140 0.00399800099950025
141 0.0029985007496251873
142 0.0029985007496251873
143 0.005497251374312844
144 0.004997501249375313
145 0.00399800099950025
146 0.006496751624187906
147 0.0034982508745627187
148 0.0034982508745627187
149 0.004997501249375313
150 0.004497751124437781
151 0.0009995002498750624
152 0.0024987506246876563
153 0.005497251374312844
154 0.0034982508745627187
155 0.0029985007496251873
156 0.0029985007496251873
157 0.004497751124437781
158 0.001999000499750125
159 0.001999000499750125
160 0.0024987506246876563
161 0.004497751124437781
162 0.0074962518740629685
163 0.001999000499750125
164 0.0029985007496251873
165 0.0024987506246876563
166 0.001999000499750125
167 0.00399800099950025
168 0.0024987506246876563
169 0.0029985007496251873
170 0.0014992503748125937
171 0.0024987506246876563
172 0.0024987506246876563
173 0.0009995002498750624
174 0.0024987506246876563
175 0.00399800099950025
176 0.0004997501249375312
177 0.0009995002498750624
178 0.0004997501249375312
179 0.001999000499750125
180 0.001999000499750125
181 0.00399800099950025
182 0.0014992503748125937
183 0.0009995002498750624
184 0.0024987506246876563
185 0.001999000499750125
186 0.0014992503748125937
187 0.0014992503748125937
188 0.001999000499750125
189 0.0004997501249375312
190 0.0004997501249375312
191 0.0024987506246876563
192 0.0024987506246876563
193 0.0024987506246876563
194 0.001999000499750125
195 0.0029985007496251873
196 0.0004997501249375312
197 0.0009995002498750624
198 0.0024987506246876563
199 0.001999000499750125
200 0.001999000499750125
201 0.0004997501249375312
202 0.0014992503748125937
203 0.0009995002498750624
204 0.0004997501249375312
205 0.0009995002498750624
206 0.0009995002498750624
207 0.001999000499750125
208 0.0014992503748125937
209 0.0024987506246876563
210 0.0004997501249375312
212 0.0004997501249375312
213 0.0009995002498750624
214 0.001999000499750125
215 0.0014992503748125937
216 0.001999000499750125
217 0.0004997501249375312
218 0.0009995002498750624
219 0.0004997501249375312
222 0.0004997501249375312
223 0.0009995002498750624
224 0.0004997501249375312
225 0.0014992503748125937
226 0.0004997501249375312
227 0.0009995002498750624
228 0.0004997501249375312
229 0.001999000499750125
230 0.0004997501249375312
232 0.001999000499750125
233 0.0004997501249375312
234 0.0009995002498750624
235 0.0014992503748125937
237 0.0009995002498750624
238 0.0004997501249375312
239 0.0014992503748125937
240 0.0004997501249375312
241 0.0009995002498750624
242 0.0004997501249375312
243 0.0004997501249375312
245 0.0004997501249375312
247 0.0009995002498750624
249 0.0009995002498750624
250 0.0009995002498750624
251 0.0004997501249375312
252 0.0014992503748125937
253 0.0014992503748125937
255 0.0014992503748125937
256 0.0009995002498750624
258 0.0004997501249375312
259 0.0009995002498750624
260 0.0004997501249375312
262 0.0009995002498750624
264 0.0004997501249375312
266 0.0004997501249375312
269 0.0004997501249375312
271 0.0004997501249375312
273 0.0004997501249375312
276 0.0004997501249375312
277 0.0004997501249375312
281 0.0009995002498750624
283 0.0004997501249375312
285 0.0009995002498750624
288 0.0004997501249375312
289 0.0004997501249375312
291 0.0004997501249375312
296 0.0004997501249375312
303 0.0004997501249375312
304 0.0004997501249375312
305 0.0004997501249375312
311 0.0004997501249375312
316 0.0009995002498750624
319 0.0004997501249375312
332 0.0004997501249375312
344 0.0004997501249375312
345 0.0004997501249375312
370 0.0004997501249375312
391 0.0004997501249375312
443 0.0004997501249375312
