0.000000000000000000e+00 3.314160000037825426e+01
6.000000000000000125e-03 3.278890000037825558e+01
1.200000000000000025e-02 3.174400000037826075e+01
1.799999999999999864e-02 3.004620000037825989e+01
2.400000000000000050e-02 2.775770000037826080e+01
2.999999999999999889e-02 2.495960000037825921e+01
3.599999999999999728e-02 2.174700000037826086e+01
4.200000000000000261e-02 1.822360000037826211e+01
4.800000000000000100e-02 1.449650000037826025e+01
5.399999999999999939e-02 1.067140000037826120e+01
5.999999999999999778e-02 6.848520000378260697e+00
6.600000000000000311e-02 3.120030000378260837e+00
7.199999999999999456e-02 -4.323619996217390460e-01
7.799999999999999989e-02 -3.738349999621739084e+00
8.400000000000000522e-02 -6.739469999621738872e+00
8.999999999999999667e-02 -9.389049999621738252e+00
9.600000000000000200e-02 -1.154899999962173851e+01
1.079999999999999988e-01 -1.482229999962173927e+01
1.199999999999999956e-01 -1.639669999962173819e+01
1.320000000000000062e-01 -1.634829999962173730e+01
1.439999999999999891e-01 -1.488889999962173860e+01
1.559999999999999998e-01 -1.234329999962173829e+01
1.680000000000000104e-01 -9.113449999621739295e+00
1.799999999999999933e-01 -5.628369999621739339e+00
1.920000000000000040e-01 -2.402739999621739120e+00
2.159999999999999976e-01 2.626740000378260831e+00
2.399999999999999911e-01 4.949850000378260617e+00
2.640000000000000124e-01 5.123240000378260994e+00
2.879999999999999782e-01 4.430720000378260970e+00
3.119999999999999996e-01 3.865470000378261162e+00
3.360000000000000209e-01 3.646130000378260849e+00
3.599999999999999867e-01 3.394000000378261106e+00
3.840000000000000080e-01 2.542990000378261062e+00
4.319999999999999951e-01 -7.959036217390312844e-04
4.799999999999999822e-01 -1.860909999621739086e+00
5.280000000000000249e-01 -1.689819999621739122e+00
5.759999999999999565e-01 -7.227539996217390295e-01
6.239999999999999991e-01 1.566330003782609726e-01
6.720000000000000417e-01 9.909490003782609469e-01
7.199999999999999734e-01 1.264940000378260931e+00
7.680000000000000160e-01 7.168460003782609613e-01
8.639999999999999902e-01 -1.757899962173903319e-02
9.599999999999999645e-01 -1.285539996217390235e-01
1.056000000000000050e+00 2.322180003782609858e-01
1.151999999999999913e+00 3.571300003782609811e-01
1.247999999999999998e+00 1.436660003782609663e-01
1.344000000000000083e+00 5.862930037826097340e-02
1.439999999999999947e+00 1.293610003782609819e-01
1.536000000000000032e+00 1.596450003782609872e-01
1.727999999999999980e+00 1.090850003782609656e-01
1.919999999999999929e+00 1.177890003782609690e-01
2.112000000000000099e+00 1.063160003782609581e-01
2.303999999999999826e+00 1.089120003782609591e-01
2.495999999999999996e+00 1.078020003782609593e-01
2.688000000000000167e+00 1.121740003782609602e-01
2.879999999999999893e+00 1.161190003782609642e-01
3.072000000000000064e+00 1.214640003782609667e-01
3.455999999999999961e+00 1.304380003782609765e-01
3.839999999999999858e+00 1.397480003782609892e-01
4.224000000000000199e+00 1.474410003782609668e-01
4.607999999999999652e+00 1.517780003782609743e-01
4.991999999999999993e+00 1.555470003782609689e-01
5.376000000000000334e+00 1.569340003782609683e-01
5.759999999999999787e+00 1.573000003782609735e-01
6.144000000000000128e+00 1.568800003782609698e-01
6.911999999999999922e+00 1.568300003782609753e-01
7.679999999999999716e+00 1.552990003782609707e-01
8.448000000000000398e+00 1.537360003782609896e-01
9.215999999999999304e+00 1.522740003782609708e-01
9.983999999999999986e+00 1.501490003782609828e-01
1.075200000000000067e+01 1.491470003782609799e-01
1.151999999999999957e+01 1.489320003782609869e-01
1.228800000000000026e+01 1.488280003782609662e-01
1.382399999999999984e+01 1.489400003782609672e-01
1.535999999999999943e+01 1.476950003782609711e-01
1.689600000000000080e+01 1.478730003782609825e-01
1.843199999999999861e+01 1.466470003782609777e-01
1.996799999999999997e+01 1.468330003782609694e-01
2.150400000000000134e+01 1.460670003782609805e-01
2.303999999999999915e+01 1.460150003782609840e-01
2.457600000000000051e+01 1.455870003782609723e-01
2.764799999999999969e+01 1.447980003782609881e-01
3.071999999999999886e+01 1.441640003782609647e-01
3.379200000000000159e+01 1.437910003782609802e-01
3.686399999999999721e+01 1.437650003782609820e-01
3.993599999999999994e+01 1.425300003782609681e-01
4.300800000000000267e+01 1.426360003782609909e-01
4.607999999999999829e+01 1.420210003782609864e-01
4.915200000000000102e+01 1.415370003782609742e-01
5.529599999999999937e+01 1.412200003782609903e-01
6.143999999999999773e+01 1.405090003782609731e-01
6.758400000000000318e+01 1.400800003782609882e-01
7.372799999999999443e+01 1.393040003782609892e-01
7.987199999999999989e+01 1.390070003782609698e-01
8.601600000000000534e+01 1.384640003782609818e-01
9.215999999999999659e+01 1.381600003782609831e-01
9.830400000000000205e+01 1.376900003782609849e-01
1.105919999999999987e+02 1.367820003782609650e-01
1.228799999999999955e+02 1.358770003782609759e-01
1.351680000000000064e+02 1.350040003782609910e-01
1.474559999999999889e+02 1.342850003782609658e-01
1.597439999999999998e+02 1.333250003782609772e-01
1.720320000000000107e+02 1.325960003782609697e-01
1.843199999999999932e+02 1.318070003782609856e-01
1.966080000000000041e+02 1.310750003782609752e-01
2.211839999999999975e+02 1.294610003782609708e-01
2.457599999999999909e+02 1.281290003782609710e-01
2.703360000000000127e+02 1.264660003782609732e-01
2.949119999999999777e+02 1.250270003782609773e-01
3.194879999999999995e+02 1.236690003782609654e-01
3.440640000000000214e+02 1.224630003782609666e-01
3.686399999999999864e+02 1.211140003782609637e-01
3.932160000000000082e+02 1.197570003782609666e-01
4.423679999999999950e+02 1.172230003782609581e-01
4.915199999999999818e+02 1.147380003782609709e-01
5.406720000000000255e+02 1.124220003782609584e-01
5.898239999999999554e+02 1.101510003782609631e-01
6.389759999999999991e+02 1.078460003782609616e-01
6.881280000000000427e+02 1.057230003782609618e-01
7.372799999999999727e+02 1.036460003782609662e-01
7.864320000000000164e+02 1.016770003782609677e-01
8.847359999999999900e+02 9.775710037826096377e-02
9.830399999999999636e+02 9.424990037826096179e-02
1.081339999999999918e+03 9.086050037826096104e-02
1.179650000000000091e+03 8.758420037826096516e-02
1.277950000000000045e+03 8.452900037826097113e-02
1.376259999999999991e+03 8.148750037826096859e-02
1.474559999999999945e+03 7.856640037826095879e-02
1.572859999999999900e+03 7.594140037826097034e-02
1.769470000000000027e+03 7.093660037826096665e-02
1.966079999999999927e+03 6.632040037826096579e-02
2.162690000000000055e+03 6.200850037826097227e-02
2.359300000000000182e+03 5.822630037826097282e-02
2.555900000000000091e+03 5.472500037826097397e-02
2.752510000000000218e+03 5.140810037826096940e-02
2.949119999999999891e+03 4.841050037826097330e-02
3.145730000000000018e+03 4.573460037826097141e-02
3.538940000000000055e+03 4.083730037826097115e-02
3.932159999999999854e+03 3.668870037826096886e-02
4.325380000000000109e+03 3.301650037826096840e-02
4.718590000000000146e+03 2.987940037826096809e-02
5.111810000000000400e+03 2.725220037826096842e-02
5.505020000000000437e+03 2.500630037826096636e-02
5.898239999999999782e+03 2.295580037826096612e-02
6.291460000000000036e+03 2.117320037826096735e-02
7.077890000000000327e+03 1.819990037826096918e-02
7.864319999999999709e+03 1.573680037826096639e-02
8.650750000000000000e+03 1.349970037826096932e-02
9.437180000000000291e+03 1.138820037826096879e-02
1.022360000000000036e+04 9.898440378260969091e-03
1.101000000000000000e+04 9.512720378260969972e-03
1.179650000000000000e+04 9.427490378260969597e-03
1.258289999999999964e+04 8.670350378260969701e-03
1.415579999999999927e+04 5.441920378260968819e-03
1.572860000000000036e+04 3.846870378260968618e-03
1.730150000000000000e+04 3.430460378260968748e-03
1.887440000000000146e+04 1.970240378260968393e-03
2.044720000000000073e+04 1.009270378260968600e-03
2.202009999999999854e+04 4.131943782609685833e-04
2.359300000000000000e+04 2.559383782609685968e-04
2.516579999999999927e+04 -2.686462173903137878e-05
2.831159999999999854e+04 4.611437826096862163e-05
3.145729999999999927e+04 -1.513879621739031445e-03
3.460300000000000000e+04 -2.325429621739031304e-03
3.774869999999999709e+04 -8.171432173903138321e-05
4.089450000000000000e+04 -3.133536217390314000e-04
4.404019999999999709e+04 -1.924809621739031551e-03
4.718590000000000146e+04 -2.244559621739031490e-03
5.033159999999999854e+04 1.139010378260968534e-03
5.662309999999999854e+04 2.215430378260968558e-03
6.291459999999999854e+04 -1.217559621739031355e-03
6.920600000000000000e+04 -4.700519621739031144e-03
7.549750000000000000e+04 -1.728369621739031352e-03
8.178889999999999418e+04 -2.070499621739031303e-03
8.808039999999999418e+04 -3.243599621739031574e-03
9.437180000000000291e+04 -2.300869621739031444e-03
1.006630000000000000e+05 -5.939346217390313078e-04
1.132460000000000000e+05 -5.579406217390312861e-04
1.258290000000000000e+05 2.718210378260968538e-03
1.384120000000000000e+05 -3.697066217390313804e-04
1.509950000000000000e+05 1.479650378260968660e-03
1.635780000000000000e+05 2.831030378260968559e-03
1.761610000000000000e+05 1.152680378260968449e-03
1.887440000000000000e+05 -4.010489621739031681e-03
2.013270000000000000e+05 -4.825759621739031564e-03
2.264920000000000000e+05 1.797700378260968504e-03
2.516580000000000000e+05 -2.941706217390314178e-04
2.768240000000000000e+05 2.101470378260968368e-03
3.019900000000000000e+05 7.532567826096861756e-05
3.271560000000000000e+05 4.380730378260968769e-03
3.523220000000000000e+05 6.022180378260968796e-03
