1 183.01099450274862
2 48.68165917041479
3 19.507246376811594
4 10.143428285857071
5 6.075962018990505
6 3.9615192403798103
7 2.798600699650175
8 2.0324837581209394
9 1.565217391304348
10 1.2703648175912043
11 1.0054972513743128
12 0.8375812093953023
13 0.711144427786107
14 0.6026986506746627
15 0.5282358820589705
16 0.44577711144427784
17 0.4002998500749625
18 0.3448275862068966
19 0.3118440779610195
20 0.28335832083958024
21 0.2478760619690155
22 0.2273863068465767
23 0.20739630184907545
24 0.17391304347826086
25 0.16741629185407297
26 0.15592203898050974
27 0.13343328335832083
28 0.13393303348325838
29 0.1294352823588206
30 0.1054472763618191
31 0.10044977511244378
32 0.0879560219890055
33 0.0814592703648176
34 0.0734632683658171
35 0.08045977011494253
36 0.07646176911544228
37 0.07646176911544228
38 0.05547226386806597
39 0.06496751624187906
40 0.04397801099450275
41 0.06846576711644178
42 0.053973013493253376
43 0.043478260869565216
44 0.043478260869565216
45 0.04597701149425287
46 0.0399800099950025
47 0.0399800099950025
48 0.03498250874562719
49 0.03548225887056472
50 0.04147926036981509
51 0.03298350824587706
52 0.04447776111944028
53 0.037481259370314844
54 0.031984007996002
55 0.03298350824587706
56 0.030984507746126936
57 0.026986506746626688
58 0.027486256871564217
59 0.029985007496251874
60 0.027486256871564217
61 0.0239880059970015
62 0.021989005497251374
63 0.027486256871564217
64 0.018490754622688656
65 0.0239880059970015
66 0.015492253873063468
67 0.020989505247376312
68 0.015492253873063468
69 0.01899050474762619
70 0.02348825587206397
71 0.017491254372813594
72 0.014492753623188406
73 0.01649175412293853
74 0.01199400299850075
75 0.017991004497751123
76 0.015492253873063468
77 0.018490754622688656
78 0.015492253873063468
79 0.013493253373313344
80 0.013493253373313344
81 0.0074962518740629685
82 0.010494752623688156
83 0.014492753623188406
84 0.012993503248375811
85 0.009995002498750625
86 0.01249375312343828
87 0.01199400299850075
88 0.009495252373813094
89 0.011494252873563218
90 0.014492753623188406
91 0.0079960019990005
92 0.011494252873563218
93 0.00849575212393803
94 0.008995502248875561
95 0.014992503748125937
96 0.00849575212393803
97 0.013993003498250875
98 0.008995502248875561
99 0.013993003498250875
100 0.006496751624187906
101 0.0079960019990005
102 0.0069965017491254375
103 0.005497251374312844
104 0.00849575212393803
105 0.0069965017491254375
106 0.013493253373313344
107 0.010494752623688156
108 0.00849575212393803
109 0.00399800099950025
110 0.009995002498750625
111 0.009995002498750625
112 0.00849575212393803
113 0.0079960019990005
114 0.0069965017491254375
115 0.00399800099950025
116 0.0069965017491254375
117 0.005997001499250375
118 0.004497751124437781
119 0.0034982508745627187
120 0.0034982508745627187
121 0.00849575212393803
122 0.0069965017491254375
123 0.004997501249375313
124 0.010494752623688156
125 0.0034982508745627187
126 0.0069965017491254375
127 0.005997001499250375
128 0.0024987506246876563
129 0.0069965017491254375
130 0.00399800099950025
131 0.0069965017491254375
132 0.005997001499250375
133 0.005997001499250375
134 0.004497751124437781
135 0.004997501249375313
136 0.004997501249375313
137 0.005497251374312844
138 0.006496751624187906
139 0.005997001499250375
140 0.0034982508745627187
141 0.0034982508745627187
142 0.0074962518740629685
143 0.004997501249375313
144 0.0034982508745627187
145 0.0034982508745627187
146 0.0079960019990005
147 0.005997001499250375
148 0.004997501249375313
149 0.006496751624187906
150 0.0024987506246876563
151 0.004997501249375313
152 0.00849575212393803
153 0.0029985007496251873
154 0.004497751124437781
155 0.0029985007496251873
156 0.006496751624187906
157 0.004997501249375313
158 0.005997001499250375
159 0.004497751124437781
160 0.004997501249375313
161 0.0029985007496251873
162 0.001999000499750125
163 0.00399800099950025
164 0.006496751624187906
165 0.0029985007496251873
166 0.00399800099950025
167 0.005497251374312844
168 0.0024987506246876563
169 0.004497751124437781
170 0.005497251374312844
171 0.0034982508745627187
172 0.004497751124437781
173 0.00849575212393803
174 0.00399800099950025
175 0.0009995002498750624
176 0.004497751124437781
177 0.004997501249375313
178 0.001999000499750125
179 0.004497751124437781
180 0.00399800099950025
181 0.004997501249375313
182 0.005497251374312844
183 0.0029985007496251873
184 0.005997001499250375
185 0.001999000499750125
186 0.00399800099950025
187 0.0029985007496251873
188 0.00399800099950025
189 0.0034982508745627187
190 0.0034982508745627187
191 0.004497751124437781
192 0.001999000499750125
193 0.0024987506246876563
194 0.004497751124437781
195 0.0029985007496251873
196 0.005997001499250375
197 0.004997501249375313
198 0.006496751624187906
199 0.00399800099950025
200 0.004997501249375313
201 0.0034982508745627187
202 0.00399800099950025
203 0.004497751124437781
204 0.001999000499750125
205 0.0029985007496251873
206 0.00399800099950025
207 0.0034982508745627187
208 0.001999000499750125
209 0.004497751124437781
210 0.0029985007496251873
211 0.0024987506246876563
212 0.0014992503748125937
213 0.0029985007496251873
214 0.005497251374312844
215 0.0034982508745627187
216 0.0014992503748125937
217 0.0009995002498750624
218 0.0024987506246876563
219 0.001999000499750125
220 0.0024987506246876563
221 0.0029985007496251873
222 0.0024987506246876563
223 0.00399800099950025
224 0.004497751124437781
225 0.0014992503748125937
226 0.0029985007496251873
227 0.0069965017491254375
228 0.001999000499750125
229 0.004497751124437781
230 0.004997501249375313
231 0.0014992503748125937
232 0.0014992503748125937
233 0.0034982508745627187
234 0.004997501249375313
235 0.00399800099950025
236 0.0004997501249375312
237 0.0029985007496251873
238 0.0014992503748125937
239 0.0024987506246876563
240 0.00399800099950025
241 0.00399800099950025
242 0.0014992503748125937
243 0.0024987506246876563
244 0.0034982508745627187
245 0.0029985007496251873
246 0.0014992503748125937
247 0.0014992503748125937
248 0.004997501249375313
249 0.0034982508745627187
250 0.00399800099950025
251 0.0029985007496251873
252 0.004497751124437781
253 0.0024987506246876563
254 0.00399800099950025
255 0.004997501249375313
256 0.0029985007496251873
257 0.001999000499750125
258 0.0024987506246876563
259 0.004497751124437781
260 0.001999000499750125
261 0.004997501249375313
262 0.001999000499750125
263 0.0029985007496251873
264 0.00399800099950025
265 0.0024987506246876563
266 0.0029985007496251873
267 0.0024987506246876563
268 0.0029985007496251873
269 0.001999000499750125
270 0.0029985007496251873
271 0.001999000499750125
272 0.00399800099950025
273 0.0009995002498750624
274 0.00399800099950025
275 0.0014992503748125937
276 0.0034982508745627187
277 0.0029985007496251873
278 0.0034982508745627187
279 0.005497251374312844
280 0.0034982508745627187
281 0.0034982508745627187
282 0.0029985007496251873
283 0.0009995002498750624
284 0.0029985007496251873
285 0.0029985007496251873
286 0.004997501249375313
287 0.0024987506246876563
288 0.0024987506246876563
289 0.001999000499750125
290 0.001999000499750125
291 0.0029985007496251873
292 0.0024987506246876563
293 0.00399800099950025
294 0.0014992503748125937
295 0.0014992503748125937
296 0.00399800099950025
297 0.001999000499750125
298 0.0034982508745627187
299 0.00399800099950025
300 0.00399800099950025
301 0.0034982508745627187
302 0.0024987506246876563
303 0.0029985007496251873
304 0.0069965017491254375
305 0.0024987506246876563
306 0.0014992503748125937
307 0.0024987506246876563
308 0.0034982508745627187
309 0.0024987506246876563
310 0.004497751124437781
311 0.0014992503748125937
312 0.0034982508745627187
313 0.0029985007496251873
314 0.0034982508745627187
315 0.0009995002498750624
316 0.0024987506246876563
317 0.0029985007496251873
318 0.0029985007496251873
319 0.004497751124437781
320 0.004497751124437781
321 0.004497751124437781
322 0.001999000499750125
323 0.00399800099950025
324 0.001999000499750125
325 0.001999000499750125
326 0.0029985007496251873
327 0.0034982508745627187
328 0.0034982508745627187
329 0.0034982508745627187
330 0.004997501249375313
331 0.0009995002498750624
332 0.0029985007496251873
333 0.0024987506246876563
334 0.0024987506246876563
335 0.0004997501249375312
336 0.005497251374312844
337 0.0004997501249375312
338 0.0024987506246876563
339 0.001999000499750125
340 0.0029985007496251873
341 0.004497751124437781
342 0.0034982508745627187
343 0.0014992503748125937
344 0.001999000499750125
345 0.0014992503748125937
346 0.0029985007496251873
347 0.0004997501249375312
348 0.0009995002498750624
350 0.0009995002498750624
351 0.0014992503748125937
352 0.0004997501249375312
353 0.0014992503748125937
354 0.0004997501249375312
355 0.0009995002498750624
356 0.0029985007496251873
357 0.0029985007496251873
358 0.0024987506246876563
359 0.0024987506246876563
360 0.004497751124437781
361 0.001999000499750125
362 0.001999000499750125
363 0.0014992503748125937
364 0.0029985007496251873
365 0.0004997501249375312
366 0.00399800099950025
367 0.001999000499750125
368 0.001999000499750125
369 0.0009995002498750624
370 0.0009995002498750624
371 0.0014992503748125937
372 0.0024987506246876563
373 0.001999000499750125
374 0.0009995002498750624
375 0.0014992503748125937
377 0.001999000499750125
378 0.0004997501249375312
379 0.0009995002498750624
380 0.0029985007496251873
381 0.001999000499750125
382 0.0029985007496251873
383 0.0004997501249375312
384 0.00399800099950025
385 0.0004997501249375312
386 0.0009995002498750624
387 0.001999000499750125
388 0.0009995002498750624
389 0.004497751124437781
390 0.001999000499750125
391 0.001999000499750125
392 0.001999000499750125
393 0.0009995002498750624
394 0.0024987506246876563
395 0.0009995002498750624
396 0.0014992503748125937
397 0.0014992503748125937
398 0.0009995002498750624
399 0.0004997501249375312
400 0.0029985007496251873
401 0.0004997501249375312
402 0.0024987506246876563
403 0.0024987506246876563
404 0.0014992503748125937
405 0.0014992503748125937
406 0.0009995002498750624
407 0.0009995002498750624
408 0.0024987506246876563
409 0.0024987506246876563
410 0.001999000499750125
411 0.0029985007496251873
412 0.0004997501249375312
413 0.001999000499750125
414 0.001999000499750125
415 0.0004997501249375312
416 0.0009995002498750624
417 0.0014992503748125937
418 0.0004997501249375312
419 0.0014992503748125937
420 0.001999000499750125
421 0.0009995002498750624
422 0.001999000499750125
423 0.0014992503748125937
424 0.001999000499750125
425 0.0014992503748125937
427 0.0024987506246876563
428 0.001999000499750125
429 0.0009995002498750624
430 0.0014992503748125937
431 0.0004997501249375312
432 0.001999000499750125
433 0.0004997501249375312
434 0.001999000499750125
435 0.0009995002498750624
437 0.0014992503748125937
438 0.001999000499750125
439 0.0004997501249375312
440 0.0009995002498750624
441 0.0024987506246876563
442 0.0004997501249375312
443 0.0014992503748125937
444 0.0009995002498750624
445 0.0009995002498750624
446 0.0004997501249375312
447 0.0009995002498750624
448 0.0009995002498750624
449 0.0004997501249375312
450 0.0009995002498750624
451 0.0014992503748125937
452 0.0004997501249375312
453 0.0024987506246876563
454 0.001999000499750125
455 0.0004997501249375312
457 0.0004997501249375312
458 0.0009995002498750624
460 0.0004997501249375312
462 0.0009995002498750624
463 0.001999000499750125
465 0.0004997501249375312
466 0.0014992503748125937
467 0.0009995002498750624
468 0.0004997501249375312
469 0.0004997501249375312
470 0.0009995002498750624
472 0.0004997501249375312
473 0.0004997501249375312
474 0.0004997501249375312
475 0.0004997501249375312
477 0.0004997501249375312
480 0.0004997501249375312
483 0.0004997501249375312
487 0.0004997501249375312
488 0.0004997501249375312
489 0.0004997501249375312
498 0.0004997501249375312
499 0.0004997501249375312
501 0.0004997501249375312
504 0.0004997501249375312
511 0.0004997501249375312
512 0.0004997501249375312
513 0.0004997501249375312
514 0.0004997501249375312
518 0.0009995002498750624
519 0.0009995002498750624
521 0.0004997501249375312
522 0.0004997501249375312
523 0.0004997501249375312
532 0.0004997501249375312
533 0.0004997501249375312
544 0.0004997501249375312
