0.000000000000000000e+00 1.238694864989265021e+01 8.527856439999999566e+03 8.542817929999999251e+03
6.000000000000000125e-03 1.218801594989265169e+01 8.527663889999999810e+03 8.542404039999999441e+03
1.200000000000000025e-02 1.161560454989265168e+01 8.527109060000000682e+03 8.541211069999999381e+03
1.799999999999999864e-02 1.073549004989265043e+01 8.526253609999999753e+03 8.539370639999999185e+03
2.400000000000000050e-02 9.638565059892650666e+00 8.525183820000000196e+03 8.537066380000000208e+03
2.999999999999999889e-02 8.423104929892650361e+00 8.523994590000000244e+03 8.534499499999999898e+03
3.599999999999999728e-02 7.180599479892650905e+00 8.522775820000000749e+03 8.531860189999999420e+03
4.200000000000000261e-02 5.986776279892651154e+00 8.521603150000000824e+03 8.529308460000000196e+03
4.800000000000000100e-02 4.897197549892650770e+00 8.520532970000000205e+03 8.526963970000000700e+03
5.399999999999999939e-02 3.946257679892651193e+00 8.519600870000000214e+03 8.524903099999999540e+03
5.999999999999999778e-02 3.148713209892651133e+00 8.518822850000000471e+03 8.523161410000000615e+03
6.600000000000000311e-02 2.503136399892651021e+00 8.518198449999999866e+03 8.521740209999999934e+03
7.199999999999999456e-02 1.996558389892651109e+00 8.517715200000000550e+03 8.520615719999999783e+03
7.799999999999999989e-02 1.609354569892651021e+00 8.517353460000000268e+03 8.519749030000000857e+03
8.400000000000000522e-02 1.319499789892651043e+00 8.517090799999999945e+03 8.519095030000000406e+03
8.999999999999999667e-02 1.105688079892650943e+00 8.516905360000000655e+03 8.518609249999999520e+03
9.600000000000000200e-02 9.597584078926509887e-01 8.516788640000000669e+03 8.518276270000000295e+03
1.079999999999999988e-01 7.565506278926510397e-01 8.516645309999999881e+03 8.517815380000000005e+03
1.199999999999999956e-01 6.468226208926509679e-01 8.516599329999999100e+03 8.517578929999999673e+03
1.320000000000000062e-01 5.897290268926510537e-01 8.516613009999999122e+03 8.517478580000000875e+03
1.439999999999999891e-01 5.674054628926510357e-01 8.516670560000000478e+03 8.517473679999999149e+03
1.559999999999999998e-01 5.706064138926509877e-01 8.516762280000000828e+03 8.517540329999999813e+03
1.680000000000000104e-01 5.909755998926510268e-01 8.516877160000000003e+03 8.517655590000000302e+03
1.799999999999999933e-01 6.186401608926510587e-01 8.517001539999999295e+03 8.517793289999999615e+03
1.920000000000000040e-01 6.395940808926510179e-01 8.517116149999999834e+03 8.517918569999999818e+03
2.159999999999999976e-01 6.394212398926509833e-01 8.517286389999999301e+03 8.518070499999999811e+03
2.399999999999999911e-01 5.563557098926510402e-01 8.517334969999999885e+03 8.518015830000000278e+03
2.640000000000000124e-01 4.106223438926510094e-01 8.517273830000000089e+03 8.517784410000000207e+03
2.879999999999999782e-01 2.532811328926510286e-01 8.517156839999999647e+03 8.517485210000000734e+03
3.119999999999999996e-01 1.289522228926510139e-01 8.517040890000000218e+03 8.517223930000000109e+03
3.360000000000000209e-01 5.602362089265103262e-02 8.516961110000000190e+03 8.517055759999999282e+03
3.599999999999999867e-01 2.867765719265103277e-02 8.516925450000000637e+03 8.516983340000000680e+03
3.840000000000000080e-01 3.334913159265102955e-02 8.516928110000000743e+03 8.516987870000000839e+03
4.319999999999999951e-01 5.348866129265102826e-02 8.516957519999999931e+03 8.517036130000000412e+03
4.799999999999999822e-01 5.335477299265103251e-02 8.516968029999999999e+03 8.517040829999999914e+03
5.280000000000000249e-01 3.226067419265103015e-02 8.516932909999999538e+03 8.516982659999999669e+03
5.759999999999999565e-01 1.510658609265103439e-02 8.516882359999999608e+03 8.516917320000000473e+03
6.239999999999999991e-01 9.298618882651033674e-03 8.516850780000000668e+03 8.516877169999999751e+03
6.720000000000000417e-01 7.589709142651033386e-03 8.516833360000000539e+03 8.516854079999999158e+03
7.199999999999999734e-01 4.691226522651032425e-03 8.516812149999999747e+03 8.516827830000000176e+03
7.680000000000000160e-01 3.618313422651032833e-03 8.516782320000000254e+03 8.516795239999999467e+03
8.639999999999999902e-01 2.470452202651032825e-03 8.516737689999999930e+03 8.516748020000000906e+03
9.599999999999999645e-01 -6.918211983489673663e-04 8.516701429999999164e+03 8.516706990000000587e+03
1.056000000000000050e+00 -1.217045655348967300e-03 8.516662619999999151e+03 8.516665109999999913e+03
1.151999999999999913e+00 -1.483428045348967380e-03 8.516618469999999434e+03 8.516621779999999490e+03
1.247999999999999998e+00 -1.527432380348967391e-03 8.516580630000000383e+03 8.516591459999999643e+03
1.344000000000000083e+00 1.088759362651032592e-03 8.516540720000000874e+03 8.516551910000000134e+03
1.439999999999999947e+00 6.399717026510326565e-04 8.516511000000000422e+03 8.516522020000000339e+03
1.536000000000000032e+00 -1.999677997348967354e-03 8.516479989999999816e+03 8.516486409999999523e+03
1.727999999999999980e+00 -1.459761935348967508e-03 8.516426170000000639e+03 8.516432039999999688e+03
1.919999999999999929e+00 -3.431752727348967233e-03 8.516373180000000502e+03 8.516375500000000102e+03
2.112000000000000099e+00 -3.280844687348967448e-03 8.516337450000000899e+03 8.516337919999999940e+03
2.303999999999999826e+00 -1.188350275348967495e-03 8.516295579999999973e+03 8.516298489999999219e+03
2.495999999999999996e+00 -9.130780653489673415e-04 8.516258120000000417e+03 8.516261520000000019e+03
2.688000000000000167e+00 -1.590376397348967430e-03 8.516229439999999158e+03 8.516230069999999614e+03
2.879999999999999893e+00 -2.351736627348967150e-03 8.516205819999999221e+03 8.516204449999999269e+03
3.072000000000000064e+00 -1.496119880348967517e-03 8.516180949999999939e+03 8.516182890000000043e+03
3.455999999999999961e+00 -2.128870907348967383e-03 8.516136889999999767e+03 8.516139460000000327e+03
3.839999999999999858e+00 -2.314748607348967278e-03 8.516106579999999667e+03 8.516108420000000478e+03
4.224000000000000199e+00 -3.470929677348967048e-03 8.516079700000000230e+03 8.516079970000000685e+03
4.607999999999999652e+00 -7.504919393489673657e-04 8.516056379999999990e+03 8.516058580000000802e+03
4.991999999999999993e+00 -6.269899969489673873e-04 8.516038479999999254e+03 8.516041629999999714e+03
5.376000000000000334e+00 -1.619886707348967446e-03 8.516027289999999994e+03 8.516027050000000600e+03
5.759999999999999787e+00 -3.292127173489673960e-04 8.516016659999999320e+03 8.516020270000000892e+03
6.144000000000000128e+00 -1.979102887348967686e-03 8.516010829999999260e+03 8.516010580000000118e+03
6.911999999999999922e+00 -9.564911183489674135e-04 8.515999850000000151e+03 8.516002089999999953e+03
7.679999999999999716e+00 -2.719496873489673562e-04 8.515991490000000340e+03 8.515992439999999988e+03
8.448000000000000398e+00 2.599656316510326080e-04 8.515984969999999521e+03 8.515988799999999173e+03
9.215999999999999304e+00 -1.613415307348967445e-03 8.515979779999999664e+03 8.515979810000000725e+03
9.983999999999999986e+00 -9.125813003489673591e-04 8.515975800000000163e+03 8.515977160000000367e+03
1.075200000000000067e+01 -4.551837943489673633e-04 8.515978520000000572e+03 8.515977209999999104e+03
1.151999999999999957e+01 1.079797552651032538e-03 8.515975500000000466e+03 8.515981209999999919e+03
1.228800000000000026e+01 4.675093826510326716e-04 8.515974759999999151e+03 8.515978499999999258e+03
1.382399999999999984e+01 -7.063896073489673178e-04 8.515977349999999205e+03 8.515974729999999909e+03
1.535999999999999943e+01 -4.288156234896734441e-05 8.515983630000000630e+03 8.515984839999999167e+03
1.689600000000000080e+01 -1.359580857348967418e-03 8.515985559999999168e+03 8.515985529999999926e+03
1.843199999999999861e+01 1.358755622651032632e-03 8.515983940000000075e+03 8.515988789999999426e+03
1.996799999999999997e+01 -8.032512703489673314e-04 8.515980139999999665e+03 8.515981299999999464e+03
2.150400000000000134e+01 2.332715446510326722e-04 8.515980059999999867e+03 8.515982910000000629e+03
2.303999999999999915e+01 -8.531485313489674000e-04 8.515980439999999362e+03 8.515979509999999209e+03
2.457600000000000051e+01 -6.335045891489673618e-04 8.515979429999999411e+03 8.515979499999999462e+03
2.764799999999999969e+01 -6.164201410489673297e-04 8.515980470000000423e+03 8.515981630000000223e+03
3.071999999999999886e+01 9.756512826510326929e-04 8.515979670000000624e+03 8.515981840000000375e+03
3.379200000000000159e+01 1.630501526510326352e-04 8.515981239999999161e+03 8.515982640000000174e+03
3.686399999999999721e+01 -2.727588483489673619e-04 8.515980649999999514e+03 8.515982389999999214e+03
3.993599999999999994e+01 -9.296397833489674061e-04 8.515979320000000371e+03 8.515979250000000320e+03
4.300800000000000267e+01 2.437182906510326199e-04 8.515975679999999556e+03 8.515976670000000013e+03
4.607999999999999829e+01 1.480240896510326551e-04 8.515972169999999096e+03 8.515972120000000359e+03
4.915200000000000102e+01 7.876202526510326339e-04 8.515973249999999098e+03 8.515974430000000211e+03
5.529599999999999937e+01 -6.590179790489673547e-04 8.515975029999999606e+03 8.515974340000000666e+03
6.143999999999999773e+01 -4.551064263489673503e-04 8.515976730000000316e+03 8.515977109999999811e+03
6.758400000000000318e+01 -2.579567873489673770e-04 8.515980659999999261e+03 8.515981019999999262e+03
7.372799999999999443e+01 -1.427240634896734771e-05 8.515977080000000569e+03 8.515978300000000672e+03
7.987199999999999989e+01 -3.588320153489673323e-04 8.515975700000000870e+03 8.515976060000000871e+03
8.601600000000000534e+01 2.592587136510326410e-04 8.515977020000000266e+03 8.515978039999999964e+03
9.215999999999999659e+01 -3.565153813489673352e-04 8.515980040000000372e+03 8.515980030000000625e+03
9.830400000000000205e+01 -4.142871713489673494e-04 8.515973850000000311e+03 8.515973770000000513e+03
1.105919999999999987e+02 2.580746865103267316e-05 8.515972599999999147e+03 8.515973299999999654e+03
1.228799999999999955e+02 -3.597120734896740776e-05 8.515968919999999343e+03 8.515969520000000557e+03
1.351680000000000064e+02 -3.806262653489673651e-04 8.515965850000000501e+03 8.515965920000000551e+03
1.474559999999999889e+02 4.014368965103265029e-05 8.515967029999999795e+03 8.515967309999999998e+03
1.597439999999999998e+02 -2.339554623489673718e-04 8.515964910000000600e+03 8.515965200000000550e+03
1.720320000000000107e+02 -6.182833489673088961e-07 8.515960530000000290e+03 8.515960909999999785e+03
1.843199999999999932e+02 -5.867770867489674079e-04 8.515969170000000304e+03 8.515969039999999950e+03
1.966080000000000041e+02 -2.611680963489673691e-04 8.515964840000000549e+03 8.515965019999999640e+03
2.211839999999999975e+02 -2.977294348967328246e-06 8.515964470000000802e+03 8.515964819999999236e+03
2.457599999999999909e+02 3.066498065103261724e-05 8.515963770000000295e+03 8.515964060000000245e+03
2.703360000000000127e+02 -1.011806333489673779e-04 8.515966949999999997e+03 8.515967189999999391e+03
2.949119999999999777e+02 -2.091656373489673656e-04 8.515967599999999948e+03 8.515967529999999897e+03
3.194879999999999995e+02 3.856973965103260415e-05 8.515960479999999734e+03 8.515961110000000190e+03
3.440640000000000214e+02 1.450133565103267283e-05 8.515959740000000238e+03 8.515960310000000391e+03
3.686399999999999864e+02 6.751663865103266129e-05 8.515956570000000283e+03 8.515957599999999729e+03
3.932160000000000082e+02 1.147534236510326482e-04 8.515959100000000035e+03 8.515959689999999682e+03
4.423679999999999950e+02 3.945014965103267861e-05 8.515944700000000012e+03 8.515945320000000720e+03
4.915199999999999818e+02 -1.805520234896733703e-05 8.515947239999999510e+03 8.515947570000000269e+03
5.406720000000000255e+02 -2.021756803489673437e-04 8.515946610000000874e+03 8.515947009999999864e+03
5.898239999999999554e+02 1.173135886510326149e-04 8.515946400000000722e+03 8.515947249999999258e+03
6.389759999999999991e+02 1.297130406510326123e-04 8.515941559999999299e+03 8.515942259999999806e+03
6.881280000000000427e+02 -8.810544634896738713e-05 8.515942259999999806e+03 8.515942479999999705e+03
7.372799999999999727e+02 3.239283965103263285e-05 8.515945750000000771e+03 8.515946309999999357e+03
7.864320000000000164e+02 6.010249265103262753e-05 8.515946340000000419e+03 8.515946939999999813e+03
8.847359999999999900e+02 -1.656125134896736188e-05 8.515928289999999834e+03 8.515929040000000896e+03
9.830399999999999636e+02 6.185985565103260374e-05 8.515914129999999204e+03 8.515914800000000469e+03
1.081339999999999918e+03 -7.499624334896741289e-05 8.515916919999999664e+03 8.515917450000000827e+03
1.179650000000000091e+03 2.498938765103258554e-05 8.515924100000000180e+03 8.515925030000000334e+03
1.277950000000000045e+03 -6.026882134896739511e-05 8.515919190000000526e+03 8.515919630000000325e+03
1.376259999999999991e+03 -7.909376334896739327e-05 8.515931080000000293e+03 8.515931590000000142e+03
1.474559999999999945e+03 -4.600841534896740227e-05 8.515926699999999983e+03 8.515927299999999377e+03
1.572859999999999900e+03 -7.680957234896732249e-05 8.515911690000000817e+03 8.515912089999999807e+03
1.769470000000000027e+03 -2.671200348967331037e-06 8.515915810000000420e+03 8.515916359999999258e+03
1.966079999999999927e+03 1.804303765103260418e-05 8.515910819999999148e+03 8.515911469999999099e+03
2.162690000000000055e+03 4.848217565103264681e-05 8.515916349999999511e+03 8.515917110000000321e+03
2.359300000000000182e+03 -1.363365633489673867e-04 8.515907719999999244e+03 8.515908170000000609e+03
2.555900000000000091e+03 9.973323651032658423e-06 8.515897520000000441e+03 8.515898170000000391e+03
2.752510000000000218e+03 5.972299565103265755e-05 8.515882200000000012e+03 8.515882859999999710e+03
2.949119999999999891e+03 5.406844865103266427e-05 8.515875260000000708e+03 8.515875959999999395e+03
3.145730000000000018e+03 -7.377036134896737020e-05 8.515868749999999636e+03 8.515869160000000193e+03
3.538940000000000055e+03 1.958958165103265488e-05 8.515834349999999176e+03 8.515834930000000895e+03
3.932159999999999854e+03 -2.695640348967360232e-06 8.515859609999999520e+03 8.515860239999999976e+03
4.325380000000000109e+03 -9.452696348967383651e-06 8.515861909999999625e+03 8.515862540000000081e+03
4.718590000000000146e+03 3.399019565103261146e-05 8.515880789999999251e+03 8.515881390000000465e+03
5.111810000000000400e+03 2.092380465103260180e-05 8.515871320000000196e+03 8.515872020000000703e+03
5.505020000000000437e+03 2.349812965103269171e-05 8.515876179999999295e+03 8.515876889999999548e+03
5.898239999999999782e+03 6.852089365103259701e-05 8.515842199999999139e+03 8.515842950000000201e+03
6.291460000000000036e+03 -6.070145348967400864e-06 8.515754419999999300e+03 8.515754960000000210e+03
7.077890000000000327e+03 -2.390084348967381686e-06 8.515703429999999571e+03 8.515703980000000229e+03
7.864319999999999709e+03 -3.147742734896732692e-05 8.515717389999999796e+03 8.515718010000000504e+03
8.650750000000000000e+03 1.008943465103263187e-05 8.515676480000000083e+03 8.515677130000000034e+03
9.437180000000000291e+03 2.832773365103258625e-05 8.515697270000000572e+03 8.515697920000000522e+03
1.022360000000000036e+04 3.036853965103264615e-05 8.515668859999999768e+03 8.515669480000000476e+03
1.101000000000000000e+04 8.718319651032646611e-06 8.515638139999999112e+03 8.515638790000000881e+03
1.179650000000000000e+04 1.772859065103259048e-05 8.515642540000000736e+03 8.515643210000000181e+03
1.258289999999999964e+04 -3.026086434896734390e-05 8.515581679999999324e+03 8.515582239999999729e+03
1.415579999999999927e+04 4.247303065103261339e-05 8.515519029999999475e+03 8.515519689999999173e+03
1.572860000000000036e+04 8.291829651032667572e-06 8.515464949999999590e+03 8.515465469999999186e+03
1.730150000000000000e+04 2.278753465103267213e-05 8.515434869999999137e+03 8.515435550000000148e+03
1.887440000000000146e+04 2.727863165103263168e-05 8.515337330000000293e+03 8.515337960000000749e+03
2.044720000000000073e+04 1.941672365103261615e-05 8.515282199999999648e+03 8.515282789999999295e+03
2.202009999999999854e+04 5.243732651032660154e-06 8.515226489999999103e+03 8.515227160000000367e+03
2.359300000000000000e+04 -7.506593348967404225e-06 8.515199609999999666e+03 8.515200170000000071e+03
2.516579999999999927e+04 1.269272065103268371e-05 8.515144500000000335e+03 8.515145119999999224e+03
2.831159999999999854e+04 1.424375965103266261e-05 8.515141209999999774e+03 8.515141840000000229e+03
3.145729999999999927e+04 7.057464651032585752e-06 8.515029389999999694e+03 8.515030029999999897e+03
3.460300000000000000e+04 1.994279665103269178e-05 8.514872620000000097e+03 8.514873289999999542e+03
3.774869999999999709e+04 2.193014865103264707e-05 8.514731369999999515e+03 8.514731990000000224e+03
4.089450000000000000e+04 6.474698651032662761e-06 8.514647790000000896e+03 8.514648409999999785e+03
4.404019999999999709e+04 -1.524986234896735619e-05 8.514512829999999667e+03 8.514513409999999567e+03
4.718590000000000146e+04 1.723015565103266748e-05 8.514376350000000457e+03 8.514376990000000660e+03
5.033159999999999854e+04 3.067710365103263996e-05 8.513992389999999432e+03 8.513992990000000646e+03
5.662309999999999854e+04 1.805624865103261627e-05 8.513707589999999982e+03 8.513708220000000438e+03
6.291459999999999854e+04 8.680142651032647129e-06 8.513465099999999438e+03 8.513465729999999894e+03
6.920600000000000000e+04 1.481513865103265774e-05 8.513349580000000060e+03 8.513350200000000768e+03
7.549750000000000000e+04 8.955000651032665564e-06 8.513202279999999519e+03 8.513202909999999974e+03
8.178889999999999418e+04 9.163940651032618200e-06 8.512953190000000177e+03 8.512953840000000127e+03
8.808039999999999418e+04 1.222776065103268334e-05 8.512827219999999215e+03 8.512827869999999166e+03
9.437180000000000291e+04 -1.138364834896740500e-05 8.512881359999999404e+03 8.512881989999999860e+03
1.006630000000000000e+05 -3.249146348967323419e-06 8.512446309999999357e+03 8.512446939999999813e+03
1.132460000000000000e+05 2.074379465103262654e-05 8.512697109999999157e+03 8.512697729999999865e+03
1.258290000000000000e+05 -1.398096434896735091e-05 8.513078799999999319e+03 8.513079369999999471e+03
1.384120000000000000e+05 -3.218427348967338800e-06 8.513153669999999693e+03 8.513154270000000906e+03
1.509950000000000000e+05 -6.617892348967390793e-06 8.513755080000000817e+03 8.513755680000000211e+03
1.635780000000000000e+05 -5.276421348967348830e-06 8.513992290000000139e+03 8.513992879999999786e+03
1.761610000000000000e+05 1.517201665103258632e-05 8.514180070000000342e+03 8.514180689999999231e+03
1.887440000000000000e+05 2.458820651032585063e-06 8.514721690000000308e+03 8.514722270000000208e+03
2.013270000000000000e+05 8.568521651032621859e-06 8.514082720000000336e+03 8.514083300000000236e+03
2.264920000000000000e+05 2.139475365103263218e-05 8.514905969999999797e+03 8.514906590000000506e+03
2.516580000000000000e+05 3.023598365103268102e-05 8.517026340000000346e+03 8.517026939999999740e+03
2.768240000000000000e+05 -1.634069934896740465e-05 8.519558269999999538e+03 8.519558820000000196e+03
3.019900000000000000e+05 -1.719397134896738857e-05 8.522586170000000493e+03 8.522586690000000090e+03
3.271560000000000000e+05 -3.537091334896737532e-05 8.522995450000000346e+03 8.522996010000000751e+03
3.523220000000000000e+05 -8.851714234896733684e-05 8.524554910000000746e+03 8.524555350000000544e+03
