1.783364452739137165e-05 5.129695121315600570e-01
2.136548308856212695e-05 1.631943080101298849e+00
2.559677955375326230e-05 2.321597955563123872e+00
3.066605706070808129e-05 1.713028211430196235e+00
3.673927236337478215e-05 8.773143022419359616e-01
4.401524888309428025e-05 3.084473401516552471e+00
5.273218574062059995e-05 1.539337731851435187e+00
6.317545586005619612e-05 2.673034460289621883e+00
7.568694843709958882e-05 5.080500220396209077e-01
9.067626162302277646e-05 1.266710204020822239e+00
1.086341118476983703e-04 1.128591820102677001e+00
1.301483987727815751e-04 5.687237590237842477e-01
1.559234518055101096e-04 1.398886420182939849e+00
1.868030882607348551e-04 7.472777534533094901e-01
2.237982380435905231e-04 1.280363241388370099e+00
2.681200392228388451e-04 3.853932947152263200e-01
3.212194879695813837e-04 1.171230964178057610e+00
3.848349409112377262e-04 1.207024349738682112e+00
4.610490250211105056e-04 9.208109868356505467e-01
5.523568181454331779e-04 9.730486948129359881e-01
6.617475322451373595e-04 5.946062906052128616e-01
7.928023734781332972e-04 8.387410187920537608e-01
9.498117828412663702e-04 1.105498368771150597e+00
1.137915895567115452e-03 9.961436744700316037e-01
1.363272817600649301e-03 8.304414117633880377e-01
1.633260228149434551e-03 9.946224062825939072e-01
1.956716908321835553e-03 9.401343156013214353e-01
2.344232102958094654e-03 8.310277762391600209e-01
2.808492188710344766e-03 9.417956110541542136e-01
3.364695997505505291e-03 1.041921479467670331e+00
4.031052392147918551e-03 8.322379499821664917e-01
4.829376383568766834e-03 9.664411336153171384e-01
5.785803305261514803e-03 9.583008075327006381e-01
6.931644425369398385e-03 8.761108097829329866e-01
8.304412007242075594e-03 8.742971482572393649e-01
9.949047376640537260e-03 9.335951576682075537e-01
1.191939219975077582e-02 9.289677912698596218e-01
1.427995113834232450e-02 9.781709003285777859e-01
1.710800358744030483e-02 9.033550263238863121e-01
2.049613362905708044e-02 9.143227485724341186e-01
2.455526102698339305e-02 9.072394545997509718e-01
2.941827249059695074e-02 9.031076882429912578e-01
3.524437208710595043e-02 9.276439731297549951e-01
4.222429322494752890e-02 8.848306368740965766e-01
5.058654283696582821e-02 9.329222884732167875e-01
6.060488218389501608e-02 9.322371963557676278e-01
7.260728918284178879e-02 9.174612670284577609e-01
8.698669566726323354e-02 9.078734795236685917e-01
1.042138510922011874e-01 9.303351575024991771e-01
1.248527338135775461e-01 8.934688014218477026e-01
1.495790144721999004e-01 8.991405580299474121e-01
1.792021759321816288e-01 8.716809531676363854e-01
2.146920139308514941e-01 8.554572343397517376e-01
2.572103860118786778e-01 8.555027758116926506e-01
3.081492481303358955e-01 8.463331329907500811e-01
3.691762241626821428e-01 8.241007149737525905e-01
4.422892001650091109e-01 8.157339934694647354e-01
5.298817306728854648e-01 7.952142326169419073e-01
6.348213982980841497e-01 7.804203537026238591e-01
7.605436919392877249e-01 7.654322716844658148e-01
9.111644769684296152e-01 7.602765803936635258e-01
1.091614739413848678e+00 7.593207327390153472e-01
1.307802015361988701e+00 7.543420904527787796e-01
1.566803790413518138e+00 7.584908848500511169e-01
1.877099200657428302e+00 7.736794405314728618e-01
2.248846620532375162e+00 7.800321020569164210e-01
2.694216225177998414e+00 7.777008501902730186e-01
3.227788414620279767e+00 7.468019966007032329e-01
3.867031143303493401e+00 7.024968055905395081e-01
4.632871781664883670e+00 6.634645502915137438e-01
5.550382231215015061e+00 6.246773544985444460e-01
6.649599722251863909e+00 5.878300743396207562e-01
7.966510165281469824e+00 5.507609963499275896e-01
9.544226248860709916e+00 5.069769369284077287e-01
1.143439885213818208e+01 4.668285851359089689e-01
1.369890797856829856e+01 4.720907298865471557e-01
1.641188856816823005e+01 5.915274173376883216e-01
1.966215750885866242e+01 8.477132397649443929e-01
2.355612130178607799e+01 1.112859723045234617e+00
2.822125957105455996e+01 1.169873701565179003e+00
3.381029846014812534e+01 8.621751274344647831e-01
4.050621054266346022e+01 5.887145139505456370e-01
4.852820493319574524e+01 4.752996401970477902e-01
5.813890370114581430e+01 3.885925875205546443e-01
6.965293952711030556e+01 3.071878383324240236e-01
8.344725606980564692e+01 2.405468103842129945e-01
9.997344825439016347e+01 1.880861071931052286e-01
1.197725464754935416e+02 1.560571718003319341e-01
1.434927287165400287e+02 1.267746707446983367e-01
1.719105404403459829e+02 1.047969050307269445e-01
2.059563169425278772e+02 8.647738680531914801e-02
2.467446404384391201e+02 7.180517573203978876e-02
2.956108289802248805e+02 6.120043803382761022e-02
3.541546517691353984e+02 4.972513148448159254e-02
4.242927020041872765e+02 4.135037875249743256e-02
5.083211418365539203e+02 3.528571354255239517e-02
6.089908735584803026e+02 2.895051957786197450e-02
7.295975979625329728e+02 2.402535055341251113e-02
8.740897081794768155e+02 2.005557214833044929e-02
1.047197551196597942e+03 1.681229867771982453e-02
