0.000000000000000000e+00 28.0138
6.000000000000000125e-03 27.7089
1.200000000000000025e-02 26.8087
1.799999999999999864e-02 25.3548
2.400000000000000050e-02 23.4122
2.999999999999999889e-02 21.0635
3.599999999999999728e-02 18.4025
4.200000000000000261e-02 15.5274
4.800000000000000100e-02 12.5347
5.399999999999999939e-02 9.51426
5.999999999999999778e-02 6.54621
6.600000000000000311e-02 3.69852
7.199999999999999456e-02 1.02659
7.799999999999999989e-02 -1.42645
8.400000000000000522e-02 -3.62861
8.999999999999999667e-02 -5.55759
9.600000000000000200e-02 -7.12536
1.079999999999999988e-01 -9.52088
1.199999999999999956e-01 -10.7437
1.320000000000000062e-01 -10.8568
1.439999999999999891e-01 -9.9822
1.559999999999999998e-01 -8.30008
1.680000000000000104e-01 -6.04364
1.799999999999999933e-01 -3.48308
1.920000000000000040e-01 -0.955675
2.159999999999999976e-01 3.24371
2.399999999999999911e-01 5.41267
2.640000000000000124e-01 5.53229
2.879999999999999782e-01 4.40851
3.119999999999999996e-01 2.94746
3.360000000000000209e-01 1.69641
3.599999999999999867e-01 0.817861
3.840000000000000080e-01 0.32556
4.319999999999999951e-01 -0.218835
4.799999999999999822e-01 -0.431921
5.280000000000000249e-01 -0.376603
5.759999999999999565e-01 0.095754
6.239999999999999991e-01 0.648473
6.720000000000000417e-01 0.810182
7.199999999999999734e-01 0.452439
7.680000000000000160e-01 0.109909
8.639999999999999902e-01 0.146781
9.599999999999999645e-01 0.187131
1.056000000000000050e+00 0.111379
1.151999999999999913e+00 0.169552
1.247999999999999998e+00 0.0975434
1.344000000000000083e+00 0.108656
1.439999999999999947e+00 0.103847
1.536000000000000032e+00 0.10744
1.727999999999999980e+00 0.113434
1.919999999999999929e+00 0.128191
2.112000000000000099e+00 0.142034
2.303999999999999826e+00 0.158645
2.495999999999999996e+00 0.169185
2.688000000000000167e+00 0.177846
2.879999999999999893e+00 0.185606
3.072000000000000064e+00 0.184186
3.455999999999999961e+00 0.1826
3.839999999999999858e+00 0.171799
4.224000000000000199e+00 0.161362
4.607999999999999652e+00 0.151243
4.991999999999999993e+00 0.144451
5.376000000000000334e+00 0.142058
5.759999999999999787e+00 0.138902
6.144000000000000128e+00 0.135491
6.911999999999999922e+00 0.128641
7.679999999999999716e+00 0.119607
8.448000000000000398e+00 0.112991
9.215999999999999304e+00 0.108183
9.983999999999999986e+00 0.103352
1.075200000000000067e+01 0.0984757
1.151999999999999957e+01 0.0942707
1.228800000000000026e+01 0.0899028
1.382399999999999984e+01 0.0825807
1.535999999999999943e+01 0.0763518
1.689600000000000080e+01 0.0700873
1.843199999999999861e+01 0.0653793
1.996799999999999997e+01 0.0596261
2.150400000000000134e+01 0.0555469
2.303999999999999915e+01 0.0524551
2.457600000000000051e+01 0.0485235
2.764799999999999969e+01 0.0429998
3.071999999999999886e+01 0.0384674
3.379200000000000159e+01 0.0339369
3.686399999999999721e+01 0.0296298
3.993599999999999994e+01 0.0268288
4.300800000000000267e+01 0.0237695
4.607999999999999829e+01 0.0219888
4.915200000000000102e+01 0.0200492
5.529599999999999937e+01 0.0158806
6.143999999999999773e+01 0.0140837
6.758400000000000318e+01 0.0117188
7.372799999999999443e+01 0.0107928
7.987199999999999989e+01 0.00899869
8.601600000000000534e+01 0.00799345
9.215999999999999659e+01 0.00695438
9.830400000000000205e+01 0.00639308
1.105919999999999987e+02 0.00508481
1.228799999999999955e+02 0.00386795
1.351680000000000064e+02 0.00327275
1.474559999999999889e+02 0.00230176
1.597439999999999998e+02 0.00186373
1.720320000000000107e+02 0.00185811
1.843199999999999932e+02 0.00125403
1.966080000000000041e+02 0.000660925
2.211839999999999975e+02 0.000439686
2.457599999999999909e+02 0.000677254
2.703360000000000127e+02 0.000931024
2.949119999999999777e+02 0.00118861
3.194879999999999995e+02 0.0002067
3.440640000000000214e+02 0.00029693
3.686399999999999864e+02 0.000123776
3.932160000000000082e+02 -0.000147057
4.423679999999999950e+02 -1.44865e-05
4.915199999999999818e+02 -0.000132683
5.406720000000000255e+02 -0.000168704
5.898239999999999554e+02 -0.000617136
6.389759999999999991e+02 -0.000253843
6.881280000000000427e+02 -0.000463584
7.372799999999999727e+02 -0.000176833
7.864320000000000164e+02 -0.000330179
8.847359999999999900e+02 -0.000406494
9.830399999999999636e+02 9.53678e-05
1.081339999999999918e+03 0.000168933
1.179650000000000091e+03 2.43446e-05
1.277950000000000045e+03 -0.00015696
1.376259999999999991e+03 -0.000325182
1.474559999999999945e+03 -3.00962e-05
1.572859999999999900e+03 0.000185921
1.769470000000000027e+03 0.000382921
1.966079999999999927e+03 -2.86331e-05
2.162690000000000055e+03 0.000188553
2.359300000000000182e+03 -0.000121908
2.555900000000000091e+03 -0.000453121
2.752510000000000218e+03 0.000471357
2.949119999999999891e+03 0.000713501
3.145730000000000018e+03 0.000107029
3.538940000000000055e+03 -0.000115358
3.932159999999999854e+03 9.06661e-05
4.325380000000000109e+03 -0.000141087
4.718590000000000146e+03 -3.71435e-05
5.111810000000000400e+03 5.046e-05
5.505020000000000437e+03 -0.000173791
5.898239999999999782e+03 -0.000247157
6.291460000000000036e+03 0.000183207
7.077890000000000327e+03 2.77641e-05
7.864319999999999709e+03 -7.86826e-05
8.650750000000000000e+03 -0.000139841
9.437180000000000291e+03 0.000133047
1.022360000000000036e+04 0.000123657
1.101000000000000000e+04 7.31638e-05
1.179650000000000000e+04 -0.000115394
1.258289999999999964e+04 4.83729e-05
1.415579999999999927e+04 -0.000101815
1.572860000000000036e+04 -1.9877e-05
1.730150000000000000e+04 -4.35885e-05
1.887440000000000146e+04 7.63508e-05
2.044720000000000073e+04 8.69141e-05
2.202009999999999854e+04 -3.77318e-05
2.359300000000000000e+04 0.000193413
2.516579999999999927e+04 -1.08596e-05
2.831159999999999854e+04 8.72408e-05
3.145729999999999927e+04 1.70805e-05
3.460300000000000000e+04 2.79875e-05
3.774869999999999709e+04 6.36622e-05
4.089450000000000000e+04 -0.000118861
4.404019999999999709e+04 -0.000129185
4.718590000000000146e+04 -3.93912e-05
5.033159999999999854e+04 8.30334e-07
5.662309999999999854e+04 -7.76562e-05
6.291459999999999854e+04 2.46071e-05
6.920600000000000000e+04 4.43386e-05
7.549750000000000000e+04 1.08513e-05
8.178889999999999418e+04 0.000135787
8.808039999999999418e+04 -3.85309e-05
9.437180000000000291e+04 -4.60075e-06
1.006630000000000000e+05 1.90048e-05
1.132460000000000000e+05 2.98079e-05
1.258290000000000000e+05 -4.2415e-05
1.384120000000000000e+05 8.40259e-06
1.509950000000000000e+05 -8.64645e-05
1.635780000000000000e+05 1.1245e-05
1.761610000000000000e+05 1.09311e-05
1.887440000000000000e+05 -1.26737e-05
2.013270000000000000e+05 4.81674e-06
2.264920000000000000e+05 3.20581e-05
2.516580000000000000e+05 -3.722e-05
2.768240000000000000e+05 1.71754e-05
3.019900000000000000e+05 -4.53448e-05
3.271560000000000000e+05 -0.000122832
3.523220000000000000e+05 0.000117882
