1.783364452739137165e-05 -1.981777855284746698e-06
2.136548308856212695e-05 4.546152562797386080e-06
2.559677955375326230e-05 8.870100943338746823e-06
3.066605706070808129e-05 -4.611724327402490659e-07
3.673927236337478215e-05 7.371537671643826805e-06
4.401524888309428025e-05 4.273981099310801519e-05
5.273218574062059995e-05 -1.778686505049715156e-05
6.317545586005619612e-05 2.224210834395094560e-05
7.568694843709958882e-05 -7.437504123576411691e-05
9.067626162302277646e-05 1.611798785636029275e-05
1.086341118476983703e-04 5.169076471447207893e-05
1.301483987727815751e-04 -8.628054208186100105e-05
1.559234518055101096e-04 -8.093211035671418134e-05
1.868030882607348551e-04 9.506601549728998238e-06
2.237982380435905231e-04 -4.744811736777000693e-05
2.681200392228388451e-04 -1.195971590753835151e-05
3.212194879695813837e-04 4.367422420838503486e-05
3.848349409112377262e-04 -1.038817333188724805e-04
4.610490250211105056e-04 1.327796871219016916e-04
5.523568181454331779e-04 9.225739609223367282e-05
6.617475322451373595e-04 -1.501182103876479786e-04
7.928023734781332972e-04 4.877683957879986980e-05
9.498117828412663702e-04 -2.215191632854147214e-04
1.137915895567115452e-03 3.187804295105450846e-04
1.363272817600649301e-03 2.346677603103634906e-05
1.633260228149434551e-03 2.734858166329408096e-04
1.956716908321835553e-03 -1.927404436796425059e-04
2.344232102958094654e-03 1.086870010547269554e-04
2.808492188710344766e-03 2.400637384634503779e-04
3.364695997505505291e-03 2.165664341965374616e-04
4.031052392147918551e-03 1.913865916701667862e-04
4.829376383568766834e-03 -1.020926509100235645e-04
5.785803305261514803e-03 3.190998906800916811e-04
6.931644425369398385e-03 1.032113784842764159e-04
8.304412007242075594e-03 1.671180316005739725e-04
9.949047376640537260e-03 5.352296735849593971e-05
1.191939219975077582e-02 -9.904093710150286330e-04
1.427995113834232450e-02 2.159703743991861133e-04
1.710800358744030483e-02 -1.049471371407749020e-04
2.049613362905708044e-02 1.043256493072169358e-05
2.455526102698339305e-02 -5.483412305904711292e-04
2.941827249059695074e-02 2.130690885501938185e-04
3.524437208710595043e-02 -4.184217986549117738e-04
4.222429322494752890e-02 4.937212988150559492e-04
5.058654283696582821e-02 -1.211201431801258886e-03
6.060488218389501608e-02 5.878229934898776023e-04
7.260728918284178879e-02 1.974897776506079360e-04
8.698669566726323354e-02 -1.492725576958860980e-04
1.042138510922011874e-01 2.451609488803049245e-03
1.248527338135775461e-01 9.181028016499702144e-04
1.495790144721999004e-01 -9.710111307010864511e-07
1.792021759321816288e-01 6.487777061712483341e-03
2.146920139308514941e-01 3.782309353570703289e-03
2.572103860118786778e-01 3.394685162902725205e-04
3.081492481303358955e-01 5.493598376294103226e-03
3.691762241626821428e-01 6.045278133646612290e-03
4.422892001650091109e-01 8.626390112118950682e-03
5.298817306728854648e-01 1.487012916912387739e-02
6.348213982980841497e-01 1.851001722260489646e-02
7.605436919392877249e-01 2.822407840559954667e-02
9.111644769684296152e-01 3.633506871103732438e-02
1.091614739413848678e+00 6.455261999990319355e-02
1.307802015361988701e+00 8.130798746553648260e-02
1.566803790413518138e+00 1.093624265373838444e-01
1.877099200657428302e+00 1.465393522786648806e-01
2.248846620532375162e+00 2.083473077388683647e-01
2.694216225177998414e+00 2.898190939912688169e-01
3.227788414620279767e+00 3.676508394795380275e-01
3.867031143303493401e+00 4.666167882733129879e-01
4.632871781664883670e+00 5.759528037818949509e-01
5.550382231215015061e+00 6.762924480194687504e-01
6.649599722251863909e+00 7.612481705013723898e-01
7.966510165281469824e+00 8.546889607803150879e-01
9.544226248860709916e+00 9.099166618729390699e-01
1.143439885213818208e+01 9.182796515577459351e-01
1.369890797856829856e+01 7.991512306350598838e-01
1.641188856816823005e+01 9.427415547905574345e-01
1.966215750885866242e+01 2.383985473744246519e+00
2.355612130178607799e+01 6.783204744350703308e+00
2.822125957105455996e+01 1.449125846089691549e+01
3.381029846014812534e+01 2.165466623519371225e+01
4.050621054266346022e+01 2.526335460818239653e+01
4.852820493319574524e+01 2.731057771766882070e+01
5.813890370114581430e+01 2.847199831079094423e+01
6.965293952711030556e+01 2.816574694645198562e+01
8.344725606980564692e+01 2.663455848086790212e+01
9.997344825439016347e+01 2.481593764649152689e+01
1.197725464754935416e+02 2.392565506131579411e+01
1.434927287165400287e+02 2.327843841029344318e+01
1.719105404403459829e+02 2.269494464162409386e+01
2.059563169425278772e+02 2.257224506770585748e+01
2.467446404384391201e+02 2.229535314799648660e+01
2.956108289802248805e+02 2.231651698828822461e+01
3.541546517691353984e+02 2.210600086477868231e+01
4.242927020041872765e+02 2.200572001616649231e+01
5.083211418365539203e+02 2.216378209370768104e+01
6.089908735584803026e+02 2.202634063695971278e+01
7.295975979625329728e+02 2.195491637903260695e+01
8.740897081794768155e+02 2.189485875148468708e+01
1.047197551196597942e+03 2.202855127229690169e+01
