1 56.6497005988024
2 19.728293413173652
3 8.471556886227544
4 4.235029940119761
5 2.3308383233532934
6 1.4341317365269461
7 0.9543413173652695
8 0.6190119760479041
9 0.5044910179640718
10 0.32934131736526945
11 0.22005988023952097
12 0.20059880239520958
13 0.14296407185628743
14 0.10404191616766467
15 0.10029940119760479
16 0.07410179640718563
17 0.050149700598802395
18 0.05089820359281437
19 0.04790419161676647
20 0.03143712574850299
21 0.03143712574850299
22 0.0187125748502994
23 0.016467065868263474
24 0.016467065868263474
25 0.016467065868263474
26 0.014970059880239521
27 0.008233532934131737
28 0.009730538922155689
29 0.008982035928143712
30 0.0074850299401197605
31 0.005239520958083832
32 0.0029940119760479044
33 0.005988023952095809
34 0.004491017964071856
35 0.0037425149700598802
36 0.005239520958083832
37 0.0014970059880239522
38 0.0014970059880239522
39 0.002245508982035928
40 0.0029940119760479044
41 0.0007485029940119761
42 0.002245508982035928
43 0.0007485029940119761
44 0.0014970059880239522
45 0.0007485029940119761
46 0.0007485029940119761
47 0.0014970059880239522
49 0.0007485029940119761
51 0.0014970059880239522
52 0.0007485029940119761
53 0.0007485029940119761
55 0.0007485029940119761
58 0.0007485029940119761
63 0.0007485029940119761
68 0.0007485029940119761
77 0.0007485029940119761
87 0.0007485029940119761
92 0.0007485029940119761
676 0.0007485029940119761
694 0.0007485029940119761
697 0.0007485029940119761
699 0.0007485029940119761
705 0.0007485029940119761
706 0.0007485029940119761
707 0.0007485029940119761
711 0.0007485029940119761
712 0.0007485029940119761
713 0.0014970059880239522
718 0.0007485029940119761
719 0.0007485029940119761
720 0.0007485029940119761
721 0.0007485029940119761
722 0.0007485029940119761
724 0.002245508982035928
725 0.0014970059880239522
727 0.0029940119760479044
731 0.0014970059880239522
732 0.002245508982035928
734 0.002245508982035928
735 0.002245508982035928
736 0.0014970059880239522
737 0.0007485029940119761
738 0.002245508982035928
740 0.0007485029940119761
741 0.0014970059880239522
742 0.0037425149700598802
743 0.0007485029940119761
744 0.0014970059880239522
745 0.002245508982035928
746 0.0007485029940119761
748 0.002245508982035928
749 0.0037425149700598802
750 0.0037425149700598802
751 0.0007485029940119761
752 0.005239520958083832
753 0.0029940119760479044
754 0.0037425149700598802
755 0.005239520958083832
756 0.0029940119760479044
757 0.005239520958083832
758 0.004491017964071856
759 0.005239520958083832
760 0.002245508982035928
761 0.005988023952095809
762 0.005988023952095809
763 0.005239520958083832
764 0.005988023952095809
765 0.004491017964071856
766 0.005239520958083832
767 0.005988023952095809
768 0.0029940119760479044
769 0.008233532934131737
770 0.010479041916167664
771 0.008982035928143712
772 0.008982035928143712
773 0.004491017964071856
774 0.01122754491017964
775 0.008233532934131737
776 0.005239520958083832
777 0.004491017964071856
778 0.0074850299401197605
779 0.0074850299401197605
780 0.004491017964071856
781 0.01122754491017964
782 0.008233532934131737
783 0.002245508982035928
784 0.01122754491017964
785 0.008982035928143712
786 0.009730538922155689
787 0.012724550898203593
788 0.01347305389221557
789 0.008982035928143712
790 0.01122754491017964
791 0.008233532934131737
792 0.01347305389221557
793 0.01347305389221557
794 0.010479041916167664
795 0.01721556886227545
796 0.016467065868263474
797 0.011976047904191617
798 0.005988023952095809
799 0.014970059880239521
800 0.012724550898203593
801 0.011976047904191617
802 0.011976047904191617
803 0.014221556886227544
804 0.014970059880239521
805 0.017964071856287425
806 0.008982035928143712
807 0.011976047904191617
808 0.014221556886227544
809 0.012724550898203593
810 0.014221556886227544
811 0.01721556886227545
812 0.011976047904191617
813 0.014970059880239521
814 0.01721556886227545
815 0.02245508982035928
816 0.019461077844311378
817 0.01122754491017964
818 0.0187125748502994
819 0.010479041916167664
820 0.008982035928143712
821 0.011976047904191617
822 0.009730538922155689
823 0.009730538922155689
824 0.014970059880239521
825 0.011976047904191617
826 0.008233532934131737
827 0.01122754491017964
828 0.006736526946107785
829 0.008233532934131737
830 0.012724550898203593
831 0.010479041916167664
832 0.005239520958083832
833 0.010479041916167664
834 0.006736526946107785
835 0.0037425149700598802
836 0.0074850299401197605
837 0.014970059880239521
838 0.005239520958083832
839 0.006736526946107785
840 0.005239520958083832
841 0.005988023952095809
842 0.004491017964071856
843 0.0074850299401197605
844 0.008233532934131737
845 0.004491017964071856
846 0.0037425149700598802
847 0.0037425149700598802
848 0.0037425149700598802
849 0.004491017964071856
850 0.0007485029940119761
851 0.0037425149700598802
852 0.0014970059880239522
853 0.002245508982035928
854 0.0014970059880239522
855 0.0029940119760479044
856 0.0037425149700598802
857 0.004491017964071856
859 0.0014970059880239522
860 0.0014970059880239522
861 0.0014970059880239522
862 0.0037425149700598802
863 0.0014970059880239522
864 0.0029940119760479044
865 0.0014970059880239522
867 0.0007485029940119761
869 0.0014970059880239522
871 0.0007485029940119761
877 0.0007485029940119761
884 0.0007485029940119761
887 0.0007485029940119761
