0.06 0.0015494194124088439
0.138 0.006444553585514393
0.24 0.0154985850661607
0.372 0.030651135705600567
0.542 0.05113107425034641
0.766 0.07669119564042962
1.054 0.10634954148006859
1.432 0.14104071323555517
1.92 0.18294600758997828
2.5580000000000003 0.23634850350838013
3.384 0.300563391071215
4.46 0.368974672967041
5.8580000000000005 0.4437631868633349
7.674 0.5255706388799601
10.038 0.6118738037333171
13.108 0.7104634564258927
17.1 0.832728555166502
22.292 0.9885144520820054
29.038 1.1769473732745108
37.81 1.4221060316713132
49.212 1.7147081892216978
64.036 2.105320864169265
83.308 2.5857153893376523
108.36 3.2220291479551113
140.928 4.0253756700368415
183.266 5.052674377711234
238.306 6.447397348662268
309.858 8.243043835031758
402.87600000000003 10.56437553134031
523.8 13.623411394073463
680.998 17.470435297624526
885.3580000000001 22.600680961670214
1151.026 29.305138299910904
1496.394 37.861330376361515
1945.372 48.97271709586778
2529.044 63.396357509793184
3287.8160000000003 82.38008880741889
4274.222 107.457770952823
5556.548 139.36402751113252
5556.7480000000005 139.36401789416587
11113.496000000001 278.9134092344206
16670.244 418.4359399656907
22226.992000000002 557.6587506237477
27783.74 696.9046465426871
33340.488 836.0333280716799
38897.236000000004 974.1146305274879
44453.984000000004 1111.0870656744544
50010.732 1249.8699699095273
55567.48 1387.3297529909996
61124.228 1524.7652356723609
66680.976 1661.847751798152
72237.724 1799.0790924636797
77794.47200000001 1936.4966406723593
83351.22 2072.788863132917
88907.96800000001 2208.9158019690617
94464.716 2344.492989349853
100021.464 2481.1138980122946
105578.212 2617.7464739649913
111134.96 2753.8507093159765
116691.708 2889.2473918256064
122248.456 3022.515966714802
127805.204 3153.9904565121433
133361.952 3287.159950064546
138918.7 3420.3770131109363
144475.448 3552.9268577477096
150032.196 3685.755274981901
155588.94400000002 3817.4800897558657
161145.692 3949.1111872987294
166702.44 4078.9813884784794
172259.188 4208.617091885461
177815.93600000002 4336.648607006052
183372.684 4464.8809419491745
188929.432 4593.425681670752
194486.18 4723.841124336683
200042.928 4854.601679567583
205599.676 4986.6211427484395
211156.424 5118.526551181077
216713.172 5250.562256761232
222269.92 5383.799531831369
227826.668 5517.138367057229
233383.416 5652.765905401583
238940.16400000002 5788.406136014198
244496.912 5922.561346662868
250053.66 6052.462477386765
255610.408 6178.032576102498
261167.15600000002 6299.64511858566
266723.904 6419.173472546933
272280.652 6535.570328520126
277837.4 6653.172779307707
283394.148 6779.018472558255
288950.896 6902.250119848201
294507.64400000003 7025.827961793235
300064.392 7155.047057563583
305621.14 7283.34902220319
311177.88800000004 7411.292946639439
316734.636 7543.0843996563735
322291.384 7676.199951943888
327848.132 7810.9953706938
333404.88 7954.887180472127
338961.628 8098.183416801907
344518.376 8225.013594881497
350075.124 8360.594793552114
355631.87200000003 8499.053317801456
361188.62 8626.061283590752
366745.368 8754.729082702379
372302.116 8895.061751021864
377858.864 9028.079314160463
383415.612 9142.235016604698
388972.36 9251.240498095001
394529.108 9392.978734941073
