0.03 0.0023813807526143417
0.069 0.011754902185051649
0.12 0.03134601218266662
0.186 0.06381404478192344
0.271 0.11219836834950543
0.383 0.18155338398423812
0.527 0.27463205450953226
0.716 0.4019962102785753
0.96 0.5718491139457326
1.2790000000000001 0.7976012094001583
1.692 1.0977715283296219
2.23 1.492653467170466
2.9290000000000003 2.023674328096534
3.837 2.7214249288797854
5.019 3.6448738959115548
6.554 4.861017558903897
8.55 6.414622678857778
11.146 8.496842007080824
14.519 11.15239494747441
18.905 14.598682771346144
24.606 19.03751556515587
32.018 24.879721299259444
41.654 32.452668110048336
54.18 42.432691554767786
70.464 55.40209821529526
91.633 72.16043341292726
119.153 94.24675975768243
154.929 122.92804955368176
201.43800000000002 160.6843355709235
261.9 208.97963414510122
340.499 272.1697767420675
442.67900000000003 354.7596695961472
575.513 460.79701436715914
748.197 596.8938880227362
972.686 774.1851375128575
1264.522 1008.6895767234068
1643.9080000000001 1311.9643374843845
2137.111 1709.122379318746
2778.274 2215.41096540228
2778.3740000000003 2215.5151241794765
5556.7480000000005 4425.61253892162
8335.122 6627.487950205028
11113.496000000001 8825.664523942187
13891.87 11016.876465488638
16670.244 13202.642911431738
19448.618000000002 15389.984325266007
22226.992000000002 17568.88058949078
25005.366 19764.61145833486
27783.74 21956.71406198236
30562.114 24161.63458792718
33340.488 26350.072634818385
36118.862 28543.133577705794
38897.236000000004 30755.26767303081
41675.61 32972.32323210925
44453.984000000004 35193.27969925077
47232.358 37415.864057386745
50010.732 39659.12725793239
52789.106 41904.01026420998
55567.48 44134.130380588904
58345.854 46354.916954227185
61124.228 48578.891875428635
63902.602 50789.401245188456
66680.976 53004.58600667804
69459.35 55230.90836736132
72237.724 57443.65747781674
75016.098 59637.108792900835
77794.47200000001 61826.172785047485
80572.846 64036.385444333086
83351.22 66238.98857524649
86129.594 68432.06919338857
88907.96800000001 70596.44284963518
91686.342 72785.16779787044
94464.716 74968.33621819541
97243.09 77153.80411789205
100021.464 79356.53338503874
102799.838 81572.80346067039
105578.212 83786.93978408338
108356.586 85916.90278265282
111134.96 88039.26514036088
113913.334 90186.34487344728
116691.708 92318.67573021175
119470.08200000001 94469.3159489272
122248.456 96649.2692756468
125026.83 98815.74897338747
127805.204 100950.54194815403
130583.57800000001 103054.44715976347
133361.952 105141.24699920818
136140.326 107264.00005021333
138918.7 109355.88033040821
141697.074 111486.29458781709
144475.448 113590.94556011807
147253.82200000001 115684.72223709416
150032.196 117705.65923265641
152810.57 119779.53005990159
155588.94400000002 121908.28292456445
158367.318 124058.8670291523
161145.692 126175.73343750338
163924.066 128301.2223569042
166702.44 130437.68126970479
169480.814 132611.0315436389
172259.188 134818.19331863258
175037.562 136988.27997144908
177815.93600000002 139263.92089226126
180594.31 141538.17187326978
183372.684 143923.84095134726
186151.058 146175.01502846243
188929.432 148371.3593990318
191707.806 150354.3661285817
194486.18 152592.76503890625
197264.554 155122.4816272534
