0.03 0.0006520034530739287
0.069 0.0032274523542952884
0.12 0.008606506968667486
0.186 0.01765523042940301
0.271 0.0321984507947746
0.383 0.053915385921691775
0.527 0.08231633628660988
0.716 0.11910005382326684
0.96 0.16493667679113452
1.2790000000000001 0.2229166199681936
1.692 0.2976455939822943
2.23 0.3971260683553314
2.9290000000000003 0.5204231405455473
3.837 0.673631627723973
5.019 0.8660249941490554
6.554 1.115645387225943
8.55 1.4308774175956618
11.146 1.8400455734425993
14.519 2.364734275896962
18.905 3.0489782061641986
24.606 3.9258018840360034
32.018 5.056499155162857
41.654 6.573205823143833
54.18 8.490061535600699
70.464 10.938663243312496
91.633 14.14461736987445
119.153 18.419317279214795
154.929 23.822824805648235
201.43800000000002 30.938543616573593
261.9 40.31268550545471
340.499 52.49355624409079
442.67900000000003 68.08529097881859
575.513 88.54618110709411
748.197 115.17996490489051
972.686 149.62788549788633
1264.522 194.71423513766698
1643.9080000000001 252.75998886357195
2137.111 327.8324081687121
2778.274 426.163787057267
2778.3740000000003 426.1746967372312
5556.7480000000005 850.3469568568727
8335.122 1275.8821255744485
11113.496000000001 1698.0178695289796
13891.87 2117.5140303523335
16670.244 2533.836064309991
19448.618000000002 2948.12563883213
22226.992000000002 3362.0996785908096
25005.366 3774.0864690084964
27783.74 4181.732302592287
30562.114 4590.016847413614
33340.488 4996.117684479878
36118.862 5401.000266783424
38897.236000000004 5804.7918757520465
41675.61 6204.6668940022555
44453.984000000004 6605.776367935453
47232.358 7006.925156064503
50010.732 7412.90257203681
52789.106 7818.686885369767
55567.48 8222.731486131555
58345.854 8626.211623520676
61124.228 9030.559748823178
63902.602 9434.696453327524
66680.976 9833.79576167527
69459.35 10236.956570020286
72237.724 10639.675951649848
75016.098 11045.600142433927
77794.47200000001 11453.670124853446
80572.846 11862.927453697359
83351.22 12271.143180861782
86129.594 12681.003442641997
88907.96800000001 13092.99057768148
91686.342 13505.855517461854
94464.716 13909.795247094535
97243.09 14314.518566893212
100021.464 14716.944549769878
102799.838 15121.032350255284
105578.212 15520.870306691604
108356.586 15920.117284483411
111134.96 16318.309739898566
113913.334 16718.3224743818
116691.708 17115.519532535625
119470.08200000001 17514.401145856238
122248.456 17916.02323116067
125026.83 18314.07014701223
127805.204 18710.89802397956
130583.57800000001 19115.555894656438
133361.952 19513.78185202645
136140.326 19905.60425832775
138918.7 20303.356352563584
141697.074 20702.914707251482
144475.448 21096.31534637669
147253.82200000001 21497.92528924147
150032.196 21904.457995967045
152810.57 22301.745010238716
155588.94400000002 22712.508060939665
158367.318 23107.632449197106
161145.692 23486.48649077854
163924.066 23880.483684005725
166702.44 24262.329171299276
169480.814 24644.855772830222
172259.188 25042.671259031657
175037.562 25433.654849659244
177815.93600000002 25846.96885901156
180594.31 26239.78345231508
183372.684 26619.361177568804
186151.058 26994.607814050734
188929.432 27414.803438374627
191707.806 27856.630913690682
194486.18 28334.67241311005
197264.554 28659.195379637167
