0.000000000000000000e+00 2.879733770726932818e+01 7.900038150000000314e+02 8.207713280000000395e+02
6.000000000000000125e-03 2.848887550726932716e+01 7.897440870000000359e+02 8.201939479999999776e+02
1.200000000000000025e-02 2.757549450726932605e+01 7.889744630000000143e+02 8.184835630000000037e+02
1.799999999999999864e-02 2.609202520726932661e+01 7.877223539999999957e+02 8.157028790000000527e+02
2.400000000000000050e-02 2.409357240726932758e+01 7.860308199999999488e+02 8.119507589999999482e+02
2.999999999999999889e-02 2.165180170726932829e+01 7.839555350000000544e+02 8.073554749999999558e+02
3.599999999999999728e-02 1.885039720726932799e+01 7.815611370000000306e+02 8.020665179999999737e+02
4.200000000000000261e-02 1.578018770726932551e+01 7.789174160000000029e+02 7.962459020000000010e+02
4.800000000000000100e-02 1.253442180726932520e+01 7.760957439999999679e+02 7.900598609999999553e+02
5.399999999999999939e-02 9.204577387269324618e+00 7.731660869999999477e+02 7.836716360000000350e+02
5.999999999999999778e-02 5.876969197269326095e+00 7.701947629999999663e+02 7.772358239999999796e+02
6.600000000000000311e-02 2.630275167269326086e+00 7.672430120000000215e+02 7.708944259999999531e+02
7.199999999999999456e-02 -4.660251037306737398e-01 7.643662819999999556e+02 7.647745370000000094e+02
7.799999999999999989e-02 -3.352406272730673820e+00 7.616140830000000506e+02 7.589873860000000150e+02
8.400000000000000522e-02 -5.979419462730673374e+00 7.590301640000000134e+02 7.536283479999999599e+02
8.999999999999999667e-02 -8.307380512730674127e+00 7.566528339999999844e+02 7.487775149999999940e+02
9.600000000000000200e-02 -1.021796989273067524e+01 7.545821439999999711e+02 7.446568059999999605e+02
1.079999999999999988e-01 -1.314175209273067502e+01 7.511427179999999453e+02 7.380328080000000455e+02
1.199999999999999956e-01 -1.459383759273067405e+01 7.489210920000000442e+02 7.341344159999999874e+02
1.320000000000000062e-01 -1.460922339273067472e+01 7.479760410000000093e+02 7.329922880000000305e+02
1.439999999999999891e-01 -1.333276789273067386e+01 7.482547319999999900e+02 7.344113240000000360e+02
1.559999999999999998e-01 -1.101012489273067452e+01 7.495924049999999852e+02 7.379805119999999761e+02
1.680000000000000104e-01 -7.968598302730673488e+00 7.517327800000000479e+02 7.431141499999999951e+02
1.799999999999999933e-01 -4.583553852730673839e+00 7.543676010000000360e+02 7.491264650000000529e+02
1.920000000000000040e-01 -1.323922742730673674e+00 7.571624389999999494e+02 7.552220039999999699e+02
2.159999999999999976e-01 3.948647267269326022e+00 7.622389980000000378e+02 7.657433150000000524e+02
2.399999999999999911e-01 6.503846307269326665e+00 7.657600999999999658e+02 7.721068699999999581e+02
2.640000000000000124e-01 6.518248877269326336e+00 7.674297010000000228e+02 7.741210600000000568e+02
2.879999999999999782e-01 5.138587867269325926e+00 7.676276970000000119e+02 7.732245400000000473e+02
3.119999999999999996e-01 3.526127257269326076e+00 7.669940550000000030e+02 7.711573419999999714e+02
3.360000000000000209e-01 2.281424017269326310e+00 7.660476529999999684e+02 7.690214019999999664e+02
3.599999999999999867e-01 1.418984787269326198e+00 7.649758510000000342e+02 7.670317350000000260e+02
3.840000000000000080e-01 6.803364432693261854e-01 7.637329710000000205e+02 7.648979759999999715e+02
4.319999999999999951e-01 -8.263579647306737996e-01 7.612201850000000150e+02 7.605031760000000531e+02
4.799999999999999822e-01 -1.705756912730673758e+00 7.596984320000000253e+02 7.578002430000000231e+02
5.280000000000000249e-01 -1.130372462730673710e+00 7.600401650000000018e+02 7.586404310000000351e+02
5.759999999999999565e-01 1.615728372693262249e-01 7.614658580000000256e+02 7.614965919999999642e+02
6.239999999999999991e-01 9.786609592693262805e-01 7.627911500000000160e+02 7.638766849999999522e+02
6.720000000000000417e-01 1.128354457269326261e+00 7.634443949999999859e+02 7.648471889999999576e+02
7.199999999999999734e-01 7.062441402693262482e-01 7.631137649999999439e+02 7.640945590000000038e+02
7.680000000000000160e-01 1.084243292693262278e-01 7.621570870000000468e+02 7.624138430000000426e+02
8.639999999999999902e-01 -1.171306177306737778e-01 7.614774589999999534e+02 7.613511680000000297e+02
9.599999999999999645e-01 1.336043942693262432e-01 7.618542939999999817e+02 7.620648790000000190e+02
1.056000000000000050e+00 2.153008092693262376e-01 7.620597850000000335e+02 7.623953119999999899e+02
1.151999999999999913e+00 1.746686632693262298e-01 7.619692320000000336e+02 7.622441499999999905e+02
1.247999999999999998e+00 1.804078216932622838e-02 7.617042930000000069e+02 7.617966490000000022e+02
1.344000000000000083e+00 9.240782266932622002e-02 7.617641180000000531e+02 7.619444790000000012e+02
1.439999999999999947e+00 1.089158522693262215e-01 7.618749040000000150e+02 7.620705669999999827e+02
1.536000000000000032e+00 8.753241516932622202e-02 7.617945049999999583e+02 7.619694680000000062e+02
1.727999999999999980e+00 6.819000676932622518e-02 7.617596260000000257e+02 7.619040009999999938e+02
1.919999999999999929e+00 7.096942696932621863e-02 7.617529409999999643e+02 7.618896330000000034e+02
2.112000000000000099e+00 7.320949376932622821e-02 7.617310459999999921e+02 7.618630339999999705e+02
2.303999999999999826e+00 7.584677766932622356e-02 7.617285299999999779e+02 7.618565589999999474e+02
2.495999999999999996e+00 8.815105146932622482e-02 7.617087470000000167e+02 7.618433219999999437e+02
2.688000000000000167e+00 8.955928966932621971e-02 7.617122809999999618e+02 7.618448029999999562e+02
2.879999999999999893e+00 1.018586902693262158e-01 7.617036229999999932e+02 7.618406639999999470e+02
3.072000000000000064e+00 1.064428412693262244e-01 7.616911350000000311e+02 7.618336920000000418e+02
3.455999999999999961e+00 1.196660752693262247e-01 7.616859230000000025e+02 7.618348570000000564e+02
3.839999999999999858e+00 1.259620512693262473e-01 7.616888930000000073e+02 7.618374720000000480e+02
4.224000000000000199e+00 1.299137122693262425e-01 7.616849280000000135e+02 7.618412670000000162e+02
4.607999999999999652e+00 1.286748002693262338e-01 7.616856219999999666e+02 7.618479379999999992e+02
4.991999999999999993e+00 1.273056802693262324e-01 7.616894569999999476e+02 7.618528850000000148e+02
5.376000000000000334e+00 1.226872942693262164e-01 7.616890540000000556e+02 7.618479399999999941e+02
5.759999999999999787e+00 1.199516762693262212e-01 7.616947639999999637e+02 7.618525509999999485e+02
6.144000000000000128e+00 1.159908482693262216e-01 7.616917650000000322e+02 7.618461909999999762e+02
6.911999999999999922e+00 1.153801022693262263e-01 7.616946719999999686e+02 7.618500530000000026e+02
7.679999999999999716e+00 1.145506682693262224e-01 7.616899839999999813e+02 7.618403090000000475e+02
8.448000000000000398e+00 1.133067422693262161e-01 7.616841329999999743e+02 7.618290580000000318e+02
9.215999999999999304e+00 1.093334772693262263e-01 7.616786759999999958e+02 7.618234109999999646e+02
9.983999999999999986e+00 1.078226252693262194e-01 7.616710610000000088e+02 7.618092609999999922e+02
1.075200000000000067e+01 1.045432722693262206e-01 7.616760739999999714e+02 7.618106649999999718e+02
1.151999999999999957e+01 1.024145032693262181e-01 7.616754740000000083e+02 7.618093129999999746e+02
1.228800000000000026e+01 1.026595912693262225e-01 7.616664530000000468e+02 7.618009530000000495e+02
1.382399999999999984e+01 1.011602192693262237e-01 7.616658139999999548e+02 7.617993390000000318e+02
1.535999999999999943e+01 9.969690756932622633e-02 7.616686809999999923e+02 7.618002810000000409e+02
1.689600000000000080e+01 9.905443126932622633e-02 7.616679570000000012e+02 7.617984599999999773e+02
1.843199999999999861e+01 9.722992516932622842e-02 7.616673110000000406e+02 7.617938450000000330e+02
1.996799999999999997e+01 9.597481986932622500e-02 7.616600449999999682e+02 7.617861010000000306e+02
2.150400000000000134e+01 9.542630026932621967e-02 7.616641620000000330e+02 7.617881680000000415e+02
2.303999999999999915e+01 9.382626316932622668e-02 7.616602589999999964e+02 7.617835250000000542e+02
2.457600000000000051e+01 9.258582826932622301e-02 7.616567890000000034e+02 7.617778190000000222e+02
2.764799999999999969e+01 9.075673146932622393e-02 7.616534249999999702e+02 7.617717450000000099e+02
3.071999999999999886e+01 8.840411296932622343e-02 7.616508430000000089e+02 7.617667390000000296e+02
3.379200000000000159e+01 8.732359286932622755e-02 7.616465689999999995e+02 7.617612410000000409e+02
3.686399999999999721e+01 8.642188526932621795e-02 7.616489850000000388e+02 7.617613750000000437e+02
3.993599999999999994e+01 8.519565636932621699e-02 7.616459009999999807e+02 7.617594380000000456e+02
4.300800000000000267e+01 8.404565796932622623e-02 7.616436439999999948e+02 7.617551650000000336e+02
4.607999999999999829e+01 8.291011186932621679e-02 7.616416400000000522e+02 7.617527870000000121e+02
4.915200000000000102e+01 8.184374346932622724e-02 7.616410459999999603e+02 7.617494159999999965e+02
5.529599999999999937e+01 8.047422856932621993e-02 7.616364340000000084e+02 7.617425160000000233e+02
6.143999999999999773e+01 7.774206966932621643e-02 7.616360200000000304e+02 7.617393250000000080e+02
6.758400000000000318e+01 7.679851046932621716e-02 7.616350270000000364e+02 7.617362650000000031e+02
7.372799999999999443e+01 7.488305206932621694e-02 7.616330369999999448e+02 7.617309970000000021e+02
7.987199999999999989e+01 7.462623616932621828e-02 7.616327449999999999e+02 7.617300810000000411e+02
8.601600000000000534e+01 7.275848496932622866e-02 7.616310300000000097e+02 7.617267110000000230e+02
9.215999999999999659e+01 7.167212856932622667e-02 7.616290960000000041e+02 7.617223880000000236e+02
9.830400000000000205e+01 7.047156476932622815e-02 7.616256680000000188e+02 7.617178750000000491e+02
1.105919999999999987e+02 6.843859956932622779e-02 7.616225829999999632e+02 7.617128860000000259e+02
1.228799999999999955e+02 6.695203466932622693e-02 7.616180789999999661e+02 7.617068319999999630e+02
1.351680000000000064e+02 6.471071446932621929e-02 7.616171150000000125e+02 7.617030680000000302e+02
1.474559999999999889e+02 6.322569776932622510e-02 7.616141840000000229e+02 7.616976210000000265e+02
1.597439999999999998e+02 6.182185706932622621e-02 7.616133969999999636e+02 7.616947760000000471e+02
1.720320000000000107e+02 6.106502496932622592e-02 7.616120650000000296e+02 7.616929499999999962e+02
1.843199999999999932e+02 5.877558686932622678e-02 7.616082709999999452e+02 7.616863550000000487e+02
1.966080000000000041e+02 5.766256536932622828e-02 7.616045360000000528e+02 7.616805839999999534e+02
2.211839999999999975e+02 5.566884926932622740e-02 7.616000330000000531e+02 7.616733799999999519e+02
2.457599999999999909e+02 5.334599076932623057e-02 7.615957029999999577e+02 7.616660460000000512e+02
2.703360000000000127e+02 5.063131966932622741e-02 7.615926650000000109e+02 7.616591929999999593e+02
2.949119999999999777e+02 4.879489096932623088e-02 7.615901489999999967e+02 7.616538269999999784e+02
3.194879999999999995e+02 4.631205956932622769e-02 7.615858510000000479e+02 7.616470910000000458e+02
3.440640000000000214e+02 4.466196976932623047e-02 7.615818799999999555e+02 7.616418290000000297e+02
3.686399999999999864e+02 4.278162616932622980e-02 7.615793790000000172e+02 7.616363250000000562e+02
3.932160000000000082e+02 4.144081616932623197e-02 7.615777289999999766e+02 7.616330359999999473e+02
4.423679999999999950e+02 3.847473036932622797e-02 7.615710340000000542e+02 7.616227350000000342e+02
4.915199999999999818e+02 3.580170806932622685e-02 7.615630220000000463e+02 7.616107650000000149e+02
5.406720000000000255e+02 3.344044066932622822e-02 7.615566979999999830e+02 7.616015069999999696e+02
5.898239999999999554e+02 3.124711946932623094e-02 7.615541990000000396e+02 7.615958739999999807e+02
6.389759999999999991e+02 2.872016406932622820e-02 7.615497350000000552e+02 7.615876319999999851e+02
6.881280000000000427e+02 2.724369216932623003e-02 7.615459479999999530e+02 7.615817170000000260e+02
7.372799999999999727e+02 2.609398456932622914e-02 7.615427690000000212e+02 7.615766800000000103e+02
7.864320000000000164e+02 2.505390046932622766e-02 7.615383299999999736e+02 7.615707029999999804e+02
8.847359999999999900e+02 2.305777366932623001e-02 7.615312089999999898e+02 7.615605540000000246e+02
9.830399999999999636e+02 2.102585056932623070e-02 7.615235119999999824e+02 7.615496930000000475e+02
1.081339999999999918e+03 1.932551036932622993e-02 7.615236630000000559e+02 7.615462320000000318e+02
1.179650000000000091e+03 1.787759306932622944e-02 7.615234950000000254e+02 7.615432929999999487e+02
1.277950000000000045e+03 1.616025406932622768e-02 7.615243500000000267e+02 7.615414879999999584e+02
1.376259999999999991e+03 1.461285846932622833e-02 7.615209989999999607e+02 7.615354640000000472e+02
1.474559999999999945e+03 1.343848316932622772e-02 7.615191700000000310e+02 7.615315980000000309e+02
1.572859999999999900e+03 1.189772286932622679e-02 7.615167750000000524e+02 7.615277160000000549e+02
1.769470000000000027e+03 9.652917389326227948e-03 7.615133019999999533e+02 7.615225739999999632e+02
1.966079999999999927e+03 7.122116299326228250e-03 7.615067320000000564e+02 7.615126010000000178e+02
2.162690000000000055e+03 5.006256039326228632e-03 7.614975580000000264e+02 7.615000820000000203e+02
2.359300000000000182e+03 3.863891349326228474e-03 7.614791750000000548e+02 7.614809310000000551e+02
2.555900000000000091e+03 3.381468529326228569e-03 7.614690170000000080e+02 7.614712670000000116e+02
2.752510000000000218e+03 2.550993349326228631e-03 7.614514550000000099e+02 7.614527199999999993e+02
2.949119999999999891e+03 2.623950019326228445e-03 7.614392159999999876e+02 7.614411400000000185e+02
3.145730000000000018e+03 2.928194729326228599e-03 7.614346590000000106e+02 7.614372299999999996e+02
3.538940000000000055e+03 2.512799569326228544e-03 7.614357810000000200e+02 7.614376399999999876e+02
3.932159999999999854e+03 3.112146459326228624e-03 7.614206400000000485e+02 7.614244489999999814e+02
4.325380000000000109e+03 2.800763339326228524e-03 7.614027190000000473e+02 7.614059389999999894e+02
4.718590000000000146e+03 2.188404089326228402e-03 7.614165010000000393e+02 7.614185579999999618e+02
5.111810000000000400e+03 1.092426179326228420e-03 7.614320880000000216e+02 7.614328349999999546e+02
5.505020000000000437e+03 9.514621923262284349e-04 7.614376650000000382e+02 7.614396060000000261e+02
5.898239999999999782e+03 2.359760839326228554e-03 7.614416989999999714e+02 7.614453220000000329e+02
6.291460000000000036e+03 1.861635189326228462e-03 7.614006140000000187e+02 7.614045989999999620e+02
7.077890000000000327e+03 -3.233733346737715608e-04 7.613727450000000090e+02 7.613718939999999975e+02
7.864319999999999709e+03 1.494017869326228452e-03 7.613280849999999873e+02 7.613272090000000389e+02
8.650750000000000000e+03 1.416003399326228431e-03 7.613204510000000482e+02 7.613199449999999615e+02
9.437180000000000291e+03 5.137809732622841100e-05 7.613299419999999600e+02 7.613291070000000218e+02
1.022360000000000036e+04 -6.436555766737715907e-04 7.613034900000000107e+02 7.613031640000000380e+02
1.101000000000000000e+04 -1.613751670673771585e-03 7.613107449999999972e+02 7.613074380000000474e+02
1.179650000000000000e+04 -1.804050020673771473e-03 7.612870339999999487e+02 7.612821119999999837e+02
1.258289999999999964e+04 -2.108083246737715833e-04 7.612405039999999872e+02 7.612356700000000274e+02
1.415579999999999927e+04 1.722893319326228518e-03 7.612840230000000474e+02 7.612824650000000020e+02
1.572860000000000036e+04 2.460302649326228351e-03 7.612895620000000463e+02 7.612892309999999725e+02
1.730150000000000000e+04 3.612409133262284256e-04 7.613221180000000459e+02 7.613199200000000246e+02
1.887440000000000146e+04 2.058466102462284215e-04 7.612476299999999583e+02 7.612464370000000145e+02
2.044720000000000073e+04 -1.142583860673771585e-03 7.612502500000000509e+02 7.612469929999999749e+02
2.202009999999999854e+04 7.913108232622840664e-05 7.612259639999999763e+02 7.612268040000000155e+02
2.359300000000000000e+04 1.755050409326228480e-03 7.611549619999999550e+02 7.611551319999999805e+02
2.516579999999999927e+04 1.565133539326228444e-03 7.611260889999999790e+02 7.611242610000000468e+02
2.831159999999999854e+04 1.924126879326228546e-03 7.612068379999999479e+02 7.612075049999999692e+02
3.145729999999999927e+04 2.595453879326228321e-03 7.612712209999999686e+02 7.612741620000000466e+02
3.460300000000000000e+04 2.163659969326228293e-03 7.613705009999999902e+02 7.613685430000000451e+02
3.774869999999999709e+04 -1.369062760673771468e-03 7.614890229999999747e+02 7.614861019999999598e+02
4.089450000000000000e+04 1.245907179326228437e-03 7.613844719999999597e+02 7.613807540000000245e+02
4.404019999999999709e+04 3.322516832622842494e-05 7.614429239999999481e+02 7.614415079999999989e+02
4.718590000000000146e+04 -9.490755506737715182e-04 7.614180850000000191e+02 7.614170510000000149e+02
5.033159999999999854e+04 -1.753893006737716038e-04 7.612438580000000456e+02 7.612433529999999564e+02
5.662309999999999854e+04 -2.537548536737715618e-04 7.613441380000000436e+02 7.613417899999999463e+02
6.291459999999999854e+04 -2.673452446737715820e-04 7.614775879999999688e+02 7.614794630000000097e+02
6.920600000000000000e+04 1.812730089326228516e-03 7.616358750000000555e+02 7.616375450000000455e+02
7.549750000000000000e+04 7.386287953262283407e-04 7.614737559999999803e+02 7.614740050000000338e+02
8.178889999999999418e+04 1.227296009326228491e-03 7.612460220000000390e+02 7.612495709999999463e+02
8.808039999999999418e+04 -2.240925956737716018e-04 7.610473359999999730e+02 7.610470890000000281e+02
9.437180000000000291e+04 -8.697358506737716110e-04 7.609901290000000245e+02 7.609904890000000250e+02
1.006630000000000000e+05 -9.251496106737714265e-04 7.609145670000000337e+02 7.609142120000000205e+02
1.132460000000000000e+05 3.790134533262284281e-04 7.610186599999999544e+02 7.610188220000000001e+02
1.258290000000000000e+05 3.840594743262284311e-04 7.612003730000000132e+02 7.612013269999999920e+02
1.384120000000000000e+05 -8.404697306737714257e-04 7.612933839999999464e+02 7.612903810000000249e+02
1.509950000000000000e+05 6.653552053262284200e-04 7.617058429999999589e+02 7.617065360000000283e+02
1.635780000000000000e+05 1.454088879326228450e-03 7.614908480000000282e+02 7.614907540000000381e+02
1.761610000000000000e+05 7.175204413262285200e-04 7.615899379999999610e+02 7.615892920000000004e+02
1.887440000000000000e+05 1.953193749326228440e-03 7.614605910000000222e+02 7.614621610000000373e+02
2.013270000000000000e+05 2.930823548262284140e-04 7.610647360000000390e+02 7.610629040000000032e+02
2.264920000000000000e+05 -1.842751767377158456e-05 7.606424610000000257e+02 7.606406500000000506e+02
2.516580000000000000e+05 1.302910429326228437e-03 7.614215369999999439e+02 7.614223110000000361e+02
2.768240000000000000e+05 3.497246933262283938e-04 7.620672070000000531e+02 7.620670400000000200e+02
3.019900000000000000e+05 -3.329573686737716232e-04 7.612822840000000042e+02 7.612821370000000343e+02
3.271560000000000000e+05 -3.090493680673771400e-03 7.601744519999999739e+02 7.601738910000000260e+02
3.523220000000000000e+05 -4.279787820673771302e-03 7.618608100000000150e+02 7.618608430000000453e+02
