1 20.517306482064193
2 8.114537444933921
3 3.341724354940214
4 1.5185651353052234
5 0.7073631214600378
6 0.3404657016991819
7 0.16865953429830083
8 0.11642542479546884
9 0.0578980490874764
10 0.03838892385147892
11 0.015103838892385148
12 0.016362492133417242
13 0.011327879169288861
14 0.00881057268722467
15 0.0031466331025802393
16 0.0031466331025802393
17 0.0012586532410320957
19 0.0012586532410320957
22 0.0006293266205160479
888 0.0006293266205160479
893 0.0006293266205160479
895 0.0006293266205160479
896 0.0006293266205160479
899 0.0012586532410320957
902 0.0031466331025802393
903 0.0018879798615481435
904 0.0006293266205160479
906 0.0012586532410320957
907 0.0012586532410320957
908 0.0018879798615481435
909 0.0031466331025802393
910 0.0012586532410320957
911 0.0025173064820641915
912 0.004405286343612335
913 0.008181246066708621
914 0.005663939584644431
915 0.004405286343612335
916 0.005663939584644431
917 0.007551919446192574
918 0.005034612964128383
919 0.005034612964128383
920 0.0144745122718691
921 0.013845185651353053
922 0.015103838892385148
923 0.01195720578980491
924 0.0144745122718691
925 0.020138451856513532
926 0.016991818753933293
927 0.02076777847702958
928 0.022026431718061675
929 0.021397105097545627
930 0.027690371302706105
931 0.024543738200125866
932 0.03524229074889868
933 0.025802391441157962
934 0.02957835116425425
935 0.03838892385147892
936 0.032724984266834484
937 0.02957835116425425
938 0.024543738200125866
939 0.02391441157960982
940 0.034612964128382634
941 0.030207677784770296
942 0.032724984266834484
943 0.028319697923222153
944 0.032095657646318436
945 0.027690371302706105
946 0.02391441157960982
947 0.03587161736941473
948 0.030207677784770296
949 0.021397105097545627
950 0.02391441157960982
951 0.025802391441157962
952 0.016362492133417242
953 0.0144745122718691
954 0.018879798615481436
955 0.013215859030837005
956 0.012586532410320957
957 0.008181246066708621
958 0.008181246066708621
959 0.003775959723096287
960 0.005034612964128383
961 0.006922592825676526
962 0.0031466331025802393
963 0.005034612964128383
964 0.003775959723096287
965 0.003775959723096287
