0.000000000000000000e+00 2.277823402008161224e+01 1.220831969999999956e+03 1.245377060000000029e+03
6.000000000000000125e-03 2.253188572008161117e+01 1.220629619999999932e+03 1.244918190000000095e+03
1.200000000000000025e-02 2.180280132008161331e+01 1.220030259999999998e+03 1.243559510000000046e+03
1.799999999999999864e-02 2.061974162008161215e+01 1.219055740000000014e+03 1.241352329999999938e+03
2.400000000000000050e-02 1.902798912008161025e+01 1.217740170000000035e+03 1.238377120000000104e+03
2.999999999999999889e-02 1.708608742008161130e+01 1.216127390000000105e+03 1.234737689999999930e+03
3.599999999999999728e-02 1.486189422008161287e+01 1.214267929999999978e+03 1.230554229999999961e+03
4.200000000000000261e-02 1.242841042008161168e+01 1.212215830000000096e+03 1.225955850000000055e+03
4.800000000000000100e-02 9.859813350081612526e+00 1.210025720000000092e+03 1.221073699999999917e+03
5.399999999999999939e-02 7.228032140081611878e+00 1.207750379999999950e+03 1.216035010000000057e+03
5.999999999999999778e-02 4.600080680081611639e+00 1.205438959999999952e+03 1.210958589999999958e+03
6.600000000000000311e-02 2.036235360081611656e+00 1.203135939999999891e+03 1.205951880000000074e+03
7.199999999999999456e-02 -4.109670359183882349e-01 1.200880730000000085e+03 1.201109480000000076e+03
7.799999999999999989e-02 -2.697021399918388518e+00 1.198707810000000109e+03 1.196512889999999970e+03
8.400000000000000522e-02 -4.785200159918387541e+00 1.196647220000000061e+03 1.192231289999999944e+03
8.999999999999999667e-02 -6.645939999918388352e+00 1.194725290000000086e+03 1.188322679999999991e+03
9.600000000000000200e-02 -8.188993559918387177e+00 1.193010929999999917e+03 1.184950730000000021e+03
1.079999999999999988e-01 -1.058651067991838879e+01 1.190066319999999905e+03 1.179407269999999926e+03
1.199999999999999956e-01 -1.183516777991838786e+01 1.187988200000000006e+03 1.175928720000000112e+03
1.320000000000000062e-01 -1.191816177991838721e+01 1.186876639999999952e+03 1.174635330000000067e+03
1.439999999999999891e-01 -1.088888767991838868e+01 1.186776170000000093e+03 1.175516740000000027e+03
1.559999999999999998e-01 -8.879471329918388278e+00 1.187656379999999899e+03 1.178405050000000074e+03
1.680000000000000104e-01 -6.106518769918388045e+00 1.189399869999999964e+03 1.182958579999999984e+03
1.799999999999999933e-01 -2.864104249918388412e+00 1.191806319999999914e+03 1.188674459999999954e+03
1.920000000000000040e-01 4.439520210816117474e-01 1.194644270000000006e+03 1.194913170000000036e+03
2.159999999999999976e-01 6.036101500081612059e+00 1.200225050000000010e+03 1.206299770000000080e+03
2.399999999999999911e-01 8.796778410081612876e+00 1.204472970000000032e+03 1.213532050000000027e+03
2.640000000000000124e-01 8.340903090081612348e+00 1.206473919999999907e+03 1.215256840000000011e+03
2.879999999999999782e-01 5.686167120081612403e+00 1.206203009999999949e+03 1.212419740000000047e+03
3.119999999999999996e-01 2.305431020081611493e+00 1.204201559999999972e+03 1.207019860000000108e+03
3.360000000000000209e-01 -5.958991419183883309e-01 1.201367899999999963e+03 1.201183279999999968e+03
3.599999999999999867e-01 -2.347761089918388500e+00 1.198651209999999992e+03 1.196566420000000107e+03
3.840000000000000080e-01 -2.612441539918388234e+00 1.196872609999999895e+03 1.194358619999999974e+03
4.319999999999999951e-01 -1.541658929918388266e+00 1.195381620000000112e+03 1.193663939999999911e+03
4.799999999999999822e-01 -1.196696539183882829e-01 1.196405109999999922e+03 1.196055560000000014e+03
5.280000000000000249e-01 6.678032590816116443e-01 1.198518690000000106e+03 1.199145140000000083e+03
5.759999999999999565e-01 1.279772880081611719e+00 1.200442900000000009e+03 1.201932420000000093e+03
6.239999999999999991e-01 1.156127660081611719e+00 1.200795039999999972e+03 1.202250919999999951e+03
6.720000000000000417e-01 1.684976220816117309e-01 1.199330150000000003e+03 1.199658570000000054e+03
7.199999999999999734e-01 -7.921856729183882617e-01 1.197458530000000110e+03 1.196625669999999900e+03
7.680000000000000160e-01 -5.787848229183882864e-01 1.197247720000000072e+03 1.196600750000000062e+03
8.639999999999999902e-01 4.737709900816117758e-01 1.198836440000000039e+03 1.199412100000000009e+03
9.599999999999999645e-01 1.158362840816117290e-01 1.198898390000000063e+03 1.199132409999999936e+03
1.056000000000000050e+00 -2.052925789183882854e-01 1.197955860000000030e+03 1.197771160000000009e+03
1.151999999999999913e+00 1.350617720816117140e-01 1.198356359999999995e+03 1.198566440000000057e+03
1.247999999999999998e+00 2.917754068161172720e-02 1.198547520000000077e+03 1.198666330000000016e+03
1.344000000000000083e+00 -3.365332901838827273e-02 1.198249759999999924e+03 1.198268479999999954e+03
1.439999999999999947e+00 1.744457578161172709e-02 1.198230990000000020e+03 1.198318510000000060e+03
1.536000000000000032e+00 1.649542048161172642e-02 1.198327389999999923e+03 1.198410360000000082e+03
1.727999999999999980e+00 1.423820178161172567e-02 1.198266039999999975e+03 1.198339240000000018e+03
1.919999999999999929e+00 3.057806288161172420e-02 1.198271860000000061e+03 1.198358349999999973e+03
2.112000000000000099e+00 4.489540338161172872e-02 1.198250450000000001e+03 1.198342499999999973e+03
2.303999999999999826e+00 5.872361948161172740e-02 1.198233439999999973e+03 1.198332259999999906e+03
2.495999999999999996e+00 7.284971158161172855e-02 1.198231289999999944e+03 1.198337060000000065e+03
2.688000000000000167e+00 8.563254748161172603e-02 1.198224449999999933e+03 1.198337539999999990e+03
2.879999999999999893e+00 9.195560238161172573e-02 1.198213809999999967e+03 1.198328379999999925e+03
3.072000000000000064e+00 9.763155288161172451e-02 1.198209170000000086e+03 1.198329199999999901e+03
3.455999999999999961e+00 9.652630748161172836e-02 1.198206609999999955e+03 1.198317260000000033e+03
3.839999999999999858e+00 8.959476288161172253e-02 1.198206370000000106e+03 1.198313799999999901e+03
4.224000000000000199e+00 7.860499188161172712e-02 1.198209299999999985e+03 1.198302940000000035e+03
4.607999999999999652e+00 6.595477758161172321e-02 1.198210829999999987e+03 1.198297949999999901e+03
4.991999999999999993e+00 5.701615808161172860e-02 1.198213510000000042e+03 1.198293100000000095e+03
5.376000000000000334e+00 5.341252818161172644e-02 1.198207799999999907e+03 1.198282349999999951e+03
5.759999999999999787e+00 5.222922718161172873e-02 1.198192579999999907e+03 1.198266630000000077e+03
6.144000000000000128e+00 5.252689668161172887e-02 1.198195950000000039e+03 1.198267880000000105e+03
6.911999999999999922e+00 5.380408738161172877e-02 1.198189229999999952e+03 1.198261520000000019e+03
7.679999999999999716e+00 5.265000288161172937e-02 1.198177619999999933e+03 1.198243670000000066e+03
8.448000000000000398e+00 4.883430778161172714e-02 1.198176290000000108e+03 1.198243140000000039e+03
9.215999999999999304e+00 4.518309538161172090e-02 1.198172589999999900e+03 1.198235239999999976e+03
9.983999999999999986e+00 4.346543438161172557e-02 1.198163739999999962e+03 1.198222040000000106e+03
1.075200000000000067e+01 3.949660768161172841e-02 1.198166549999999916e+03 1.198221630000000005e+03
1.151999999999999957e+01 3.654648158161172278e-02 1.198159130000000005e+03 1.198211710000000039e+03
1.228800000000000026e+01 3.680899438161172599e-02 1.198153980000000047e+03 1.198204019999999900e+03
1.382399999999999984e+01 3.470798998161173099e-02 1.198153589999999895e+03 1.198200589999999920e+03
1.535999999999999943e+01 3.238195368161173038e-02 1.198147650000000112e+03 1.198190910000000031e+03
1.689600000000000080e+01 3.047122158161172725e-02 1.198145430000000033e+03 1.198187239999999974e+03
1.843199999999999861e+01 2.901158268161172643e-02 1.198140339999999924e+03 1.198178949999999986e+03
1.996799999999999997e+01 2.661821408161172547e-02 1.198133000000000038e+03 1.198168139999999994e+03
2.150400000000000134e+01 2.576411508161172495e-02 1.198134099999999989e+03 1.198168429999999944e+03
2.303999999999999915e+01 2.568995868161172424e-02 1.198125939999999900e+03 1.198158190000000104e+03
2.457600000000000051e+01 2.473060578161172599e-02 1.198125929999999926e+03 1.198156760000000077e+03
2.764799999999999969e+01 2.181453498161172594e-02 1.198119050000000016e+03 1.198148059999999987e+03
3.071999999999999886e+01 2.032764328161172640e-02 1.198115770000000111e+03 1.198141759999999977e+03
3.379200000000000159e+01 1.888184018161172609e-02 1.198112460000000056e+03 1.198137760000000071e+03
3.686399999999999721e+01 1.805374068161172407e-02 1.198105620000000044e+03 1.198130090000000109e+03
3.993599999999999994e+01 1.694330148161172708e-02 1.198100860000000011e+03 1.198123370000000023e+03
4.300800000000000267e+01 1.532282278161172483e-02 1.198100529999999935e+03 1.198120580000000018e+03
4.607999999999999829e+01 1.439993338161172504e-02 1.198096630000000005e+03 1.198115099999999984e+03
4.915200000000000102e+01 1.357345438161172528e-02 1.198092939999999999e+03 1.198111020000000053e+03
5.529599999999999937e+01 1.273775938161172613e-02 1.198090670000000046e+03 1.198108189999999922e+03
6.143999999999999773e+01 1.188406758161172569e-02 1.198085039999999935e+03 1.198100320000000011e+03
6.758400000000000318e+01 1.095811458161172550e-02 1.198076679999999897e+03 1.198091010000000097e+03
7.372799999999999443e+01 1.081469368161172562e-02 1.198072679999999991e+03 1.198087649999999940e+03
7.987199999999999989e+01 9.367991371611724891e-03 1.198069349999999986e+03 1.198082910000000084e+03
8.601600000000000534e+01 8.250012161611725015e-03 1.198066229999999905e+03 1.198077479999999923e+03
9.215999999999999659e+01 7.084226101611725869e-03 1.198066170000000056e+03 1.198076430000000073e+03
9.830400000000000205e+01 6.561919991611725282e-03 1.198063000000000102e+03 1.198072679999999991e+03
1.105919999999999987e+02 6.865824121611725436e-03 1.198061709999999948e+03 1.198071210000000065e+03
1.228799999999999955e+02 6.759904681611726002e-03 1.198056640000000016e+03 1.198065820000000031e+03
1.351680000000000064e+02 5.293060961611725616e-03 1.198052010000000109e+03 1.198059739999999920e+03
1.474559999999999889e+02 5.674643071611725278e-03 1.198050040000000081e+03 1.198057540000000017e+03
1.597439999999999998e+02 4.617381171611725961e-03 1.198050240000000031e+03 1.198056730000000016e+03
1.720320000000000107e+02 4.466507491611725923e-03 1.198046920000000000e+03 1.198054110000000037e+03
1.843199999999999932e+02 4.710918471611725937e-03 1.198045339999999896e+03 1.198053149999999960e+03
1.966080000000000041e+02 4.444890911611725295e-03 1.198047010000000000e+03 1.198054110000000037e+03
2.211839999999999975e+02 4.251279181611725827e-03 1.198045119999999997e+03 1.198051680000000033e+03
2.457599999999999909e+02 3.401794781611725514e-03 1.198046010000000024e+03 1.198050670000000082e+03
2.703360000000000127e+02 3.494397721611725450e-03 1.198041099999999915e+03 1.198046160000000100e+03
2.949119999999999777e+02 3.973435541611725942e-03 1.198041919999999891e+03 1.198047849999999926e+03
3.194879999999999995e+02 2.737215341611725760e-03 1.198041109999999890e+03 1.198044849999999997e+03
3.440640000000000214e+02 1.977097861611725686e-03 1.198036949999999933e+03 1.198038770000000113e+03
3.686399999999999864e+02 1.675753411611725485e-03 1.198038430000000062e+03 1.198040209999999888e+03
3.932160000000000082e+02 1.593307371611725519e-03 1.198035460000000057e+03 1.198037350000000060e+03
4.423679999999999950e+02 1.433954391611725557e-03 1.198030639999999948e+03 1.198031960000000026e+03
4.915199999999999818e+02 4.490768466117255704e-04 1.198026100000000042e+03 1.198026939999999968e+03
5.406720000000000255e+02 6.240841296117255509e-04 1.198028880000000072e+03 1.198029009999999971e+03
5.898239999999999554e+02 4.981719146117256003e-04 1.198029250000000047e+03 1.198029849999999897e+03
6.389759999999999991e+02 2.338029086117255945e-04 1.198028319999999894e+03 1.198028759999999920e+03
6.881280000000000427e+02 1.041345776117255965e-04 1.198024820000000091e+03 1.198025660000000016e+03
7.372799999999999727e+02 5.894725976117255782e-04 1.198027520000000095e+03 1.198028720000000021e+03
7.864320000000000164e+02 2.620948326117255927e-04 1.198034830000000056e+03 1.198035830000000033e+03
8.847359999999999900e+02 1.956964606117256051e-04 1.198038849999999911e+03 1.198040099999999939e+03
9.830399999999999636e+02 1.783312396117255863e-04 1.198039680000000089e+03 1.198040310000000090e+03
1.081339999999999918e+03 -7.544606188827440805e-05 1.198044409999999971e+03 1.198044830000000047e+03
1.179650000000000091e+03 2.714161986117256085e-04 1.198047270000000026e+03 1.198047710000000052e+03
1.277950000000000045e+03 3.772728746117256018e-04 1.198056280000000015e+03 1.198057150000000092e+03
1.376259999999999991e+03 3.290546576117256102e-04 1.198063810000000103e+03 1.198064869999999928e+03
1.474559999999999945e+03 3.573918876117255822e-04 1.198059569999999894e+03 1.198059940000000097e+03
1.572859999999999900e+03 2.474805356117256079e-04 1.198069719999999961e+03 1.198069629999999961e+03
1.769470000000000027e+03 2.625102546117256161e-04 1.198068500000000085e+03 1.198068420000000060e+03
1.966079999999999927e+03 4.581401661172559113e-05 1.198066890000000058e+03 1.198067070000000058e+03
2.162690000000000055e+03 2.419782161172559336e-05 1.198070840000000089e+03 1.198071279999999888e+03
2.359300000000000182e+03 2.460683486117255900e-04 1.198064959999999928e+03 1.198065560000000005e+03
2.555900000000000091e+03 6.385702161172560152e-05 1.198071850000000040e+03 1.198071930000000066e+03
2.752510000000000218e+03 6.691450261172559861e-05 1.198075229999999920e+03 1.198075229999999920e+03
2.949119999999999891e+03 8.418590611725595627e-06 1.198081419999999980e+03 1.198081989999999905e+03
3.145730000000000018e+03 -2.241699753882744092e-04 1.198091100000000097e+03 1.198091190000000097e+03
3.538940000000000055e+03 -1.530010449882744118e-04 1.198097469999999930e+03 1.198097999999999956e+03
3.932159999999999854e+03 -3.324201723882743830e-04 1.198105579999999918e+03 1.198105080000000044e+03
4.325380000000000109e+03 -4.313762513882744257e-04 1.198108770000000050e+03 1.198108559999999898e+03
4.718590000000000146e+03 -8.720468288827441176e-05 1.198110390000000052e+03 1.198110339999999951e+03
5.111810000000000400e+03 1.560194961172558636e-05 1.198118670000000066e+03 1.198117970000000014e+03
5.505020000000000437e+03 -1.730906338827441302e-05 1.198140319999999974e+03 1.198140519999999924e+03
5.898239999999999782e+03 -1.423096598827441460e-05 1.198141959999999926e+03 1.198141669999999976e+03
6.291460000000000036e+03 2.698253926117255867e-04 1.198147619999999961e+03 1.198148239999999987e+03
7.077890000000000327e+03 1.750827326117255860e-04 1.198149359999999888e+03 1.198149359999999888e+03
7.864319999999999709e+03 -1.576706307882744240e-04 1.198136299999999892e+03 1.198135819999999967e+03
8.650750000000000000e+03 1.990059076117256130e-04 1.198153839999999946e+03 1.198154060000000072e+03
9.437180000000000291e+03 1.238688356117255797e-04 1.198145430000000033e+03 1.198145670000000109e+03
1.022360000000000036e+04 2.227626666117256101e-04 1.198150879999999916e+03 1.198151489999999967e+03
1.101000000000000000e+04 5.022605861172558367e-05 1.198141859999999951e+03 1.198142399999999952e+03
1.179650000000000000e+04 -5.428834658827440984e-05 1.198137210000000096e+03 1.198136870000000044e+03
1.258289999999999964e+04 -1.962052986882744136e-04 1.198121190000000070e+03 1.198120789999999943e+03
1.415579999999999927e+04 -2.295544533882744114e-04 1.198170579999999973e+03 1.198170339999999896e+03
1.572860000000000036e+04 9.388764611725590719e-06 1.198152119999999968e+03 1.198151949999999943e+03
1.730150000000000000e+04 1.688814736117255871e-04 1.198137349999999969e+03 1.198137549999999919e+03
1.887440000000000146e+04 9.092106961172558293e-05 1.198102059999999938e+03 1.198102540000000090e+03
2.044720000000000073e+04 1.198946916117255999e-04 1.198082799999999907e+03 1.198083110000000033e+03
2.202009999999999854e+04 -1.690926388274406264e-06 1.198070320000000038e+03 1.198070420000000013e+03
2.359300000000000000e+04 -4.216231838827441127e-05 1.198091730000000098e+03 1.198091580000000022e+03
2.516579999999999927e+04 -2.826054178827440422e-05 1.198102589999999964e+03 1.198102370000000064e+03
2.831159999999999854e+04 -1.488678795882744047e-04 1.198160930000000008e+03 1.198160689999999931e+03
3.145729999999999927e+04 -1.773375755882744033e-04 1.198187580000000025e+03 1.198186920000000100e+03
3.460300000000000000e+04 1.844672561172560460e-05 1.198205539999999928e+03 1.198205169999999953e+03
3.774869999999999709e+04 4.028121061172559923e-05 1.198187320000000000e+03 1.198187400000000025e+03
4.089450000000000000e+04 -2.620720653882744060e-04 1.198244999999999891e+03 1.198244670000000042e+03
4.404019999999999709e+04 5.905013611725589318e-06 1.198229409999999916e+03 1.198229329999999891e+03
4.718590000000000146e+04 -6.446786708827440893e-05 1.198246900000000096e+03 1.198246679999999969e+03
5.033159999999999854e+04 1.111892611725592015e-06 1.198315679999999929e+03 1.198315599999999904e+03
5.662309999999999854e+04 -4.389279558827441135e-05 1.198329760000000078e+03 1.198330030000000079e+03
6.291459999999999854e+04 -5.698631688827440951e-05 1.198264689999999973e+03 1.198264499999999998e+03
6.920600000000000000e+04 8.768879261172559314e-05 1.198250800000000027e+03 1.198250929999999926e+03
7.549750000000000000e+04 4.090892061172558716e-05 1.198243789999999990e+03 1.198243919999999889e+03
8.178889999999999418e+04 -4.337427798827440321e-05 1.198238119999999981e+03 1.198237930000000006e+03
8.808039999999999418e+04 -1.165442202282744062e-04 1.198309749999999894e+03 1.198309569999999894e+03
9.437180000000000291e+04 2.164772961172560083e-05 1.198322619999999915e+03 1.198322650000000067e+03
1.006630000000000000e+05 4.442989861172560290e-05 1.198352290000000039e+03 1.198352470000000039e+03
1.132460000000000000e+05 -5.812907048827440921e-05 1.198536309999999958e+03 1.198536389999999983e+03
1.258290000000000000e+05 -7.963146178827440534e-05 1.198548510000000078e+03 1.198548450000000003e+03
1.384120000000000000e+05 -1.021856815882744119e-04 1.198477810000000090e+03 1.198477519999999913e+03
1.509950000000000000e+05 5.197196611725596023e-06 1.198413990000000013e+03 1.198414029999999912e+03
1.635780000000000000e+05 3.868256661172559015e-05 1.198341989999999896e+03 1.198342219999999998e+03
1.761610000000000000e+05 3.142472961172558532e-05 1.198177969999999959e+03 1.198178239999999960e+03
1.887440000000000000e+05 1.160086736117255807e-04 1.198053779999999961e+03 1.198053920000000062e+03
2.013270000000000000e+05 -9.270329468827440307e-05 1.197957859999999982e+03 1.197957630000000108e+03
2.264920000000000000e+05 -1.065299685182744059e-04 1.197304750000000013e+03 1.197304530000000113e+03
2.516580000000000000e+05 1.247650916117255999e-04 1.196897969999999987e+03 1.196898079999999936e+03
2.768240000000000000e+05 1.371598696117255984e-04 1.196555329999999913e+03 1.196555579999999964e+03
3.019900000000000000e+05 5.592484961172559292e-05 1.196805399999999963e+03 1.196805239999999912e+03
3.271560000000000000e+05 -1.768256228827441105e-05 1.195858649999999898e+03 1.195858510000000024e+03
3.523220000000000000e+05 1.270943861172559660e-05 1.195293390000000045e+03 1.195293190000000095e+03
