1.783364452739137165e-05 2.980281336412727633e+00
2.136548308856212695e-05 1.369936342627899872e+00
2.559677955375326230e-05 5.961505825903034017e-01
3.066605706070808129e-05 1.888647770660450309e+00
3.673927236337478215e-05 1.455328799126661687e+00
4.401524888309428025e-05 2.735271020921321128e+00
5.273218574062059995e-05 4.946773370579864881e+00
6.317545586005619612e-05 1.026116611260507350e+00
7.568694843709958882e-05 4.353979687765905382e+00
9.067626162302277646e-05 1.886674826340189348e+00
1.086341118476983703e-04 3.349887220730948023e+00
1.301483987727815751e-04 1.408706142682859097e+00
1.559234518055101096e-04 1.876020468800337015e+00
1.868030882607348551e-04 2.182048299383477996e+00
2.237982380435905231e-04 1.360855706977726065e+00
2.681200392228388451e-04 2.143632627539553415e+00
3.212194879695813837e-04 1.983564486823139683e+00
3.848349409112377262e-04 2.236093336794910957e+00
4.610490250211105056e-04 1.527068367655818548e+00
5.523568181454331779e-04 1.623620814790977640e+00
6.617475322451373595e-04 1.734734489008899594e+00
7.928023734781332972e-04 2.471031759622110968e+00
9.498117828412663702e-04 2.203495791187286557e+00
1.137915895567115452e-03 2.409374802730772203e+00
1.363272817600649301e-03 2.026210800321427641e+00
1.633260228149434551e-03 2.024280253154329579e+00
1.956716908321835553e-03 1.830725318665958667e+00
2.344232102958094654e-03 1.914854094758156933e+00
2.808492188710344766e-03 2.314534556756337125e+00
3.364695997505505291e-03 2.073463603990001403e+00
4.031052392147918551e-03 1.950418731217809176e+00
4.829376383568766834e-03 2.074341377724182589e+00
5.785803305261514803e-03 2.208789265509097710e+00
6.931644425369398385e-03 2.083022454693139291e+00
8.304412007242075594e-03 2.049371886677525900e+00
9.949047376640537260e-03 2.076429074915584483e+00
1.191939219975077582e-02 2.112224718396571888e+00
1.427995113834232450e-02 2.089339853583545903e+00
1.710800358744030483e-02 2.013738402687585527e+00
2.049613362905708044e-02 1.839330439690168850e+00
2.455526102698339305e-02 1.865456205483411178e+00
2.941827249059695074e-02 1.772127332326634663e+00
3.524437208710595043e-02 1.681980752948240232e+00
4.222429322494752890e-02 1.735341062073149088e+00
5.058654283696582821e-02 1.615828770228006972e+00
6.060488218389501608e-02 1.570919130960883869e+00
7.260728918284178879e-02 1.497364426509635527e+00
8.698669566726323354e-02 1.429018918110584790e+00
1.042138510922011874e-01 1.328518877468023884e+00
1.248527338135775461e-01 1.290581556535948415e+00
1.495790144721999004e-01 1.233939447337644824e+00
1.792021759321816288e-01 1.177376490653114116e+00
2.146920139308514941e-01 1.130750564282350545e+00
2.572103860118786778e-01 1.058380115854209880e+00
3.081492481303358955e-01 1.000355153881475445e+00
3.691762241626821428e-01 9.502585070066920103e-01
4.422892001650091109e-01 8.990287152487340672e-01
5.298817306728854648e-01 8.621855064730692408e-01
6.348213982980841497e-01 8.209628367575054764e-01
7.605436919392877249e-01 7.967992445509296529e-01
9.111644769684296152e-01 7.970594787360525402e-01
1.091614739413848678e+00 7.889355600262119017e-01
1.307802015361988701e+00 7.964988195130040527e-01
1.566803790413518138e+00 8.321079009884310151e-01
1.877099200657428302e+00 8.649463213887806923e-01
2.248846620532375162e+00 8.665855360564058696e-01
2.694216225177998414e+00 8.134789020634316525e-01
3.227788414620279767e+00 7.546705238523959691e-01
3.867031143303493401e+00 7.006309850938705619e-01
4.632871781664883670e+00 6.482887230427127889e-01
5.550382231215015061e+00 6.020906657315594490e-01
6.649599722251863909e+00 5.576825975190360385e-01
7.966510165281469824e+00 5.138943644973636982e-01
9.544226248860709916e+00 4.748487185223784768e-01
1.143439885213818208e+01 4.756861615182755298e-01
1.369890797856829856e+01 6.225803373187044354e-01
1.641188856816823005e+01 1.040127789779660139e+00
1.966215750885866242e+01 1.597759489165710090e+00
2.355612130178607799e+01 1.847937903946155869e+00
2.822125957105455996e+01 1.826651548616457843e+00
3.381029846014812534e+01 1.330831743148322754e+00
4.050621054266346022e+01 8.412172673463123029e-01
4.852820493319574524e+01 6.239786169187949705e-01
5.813890370114581430e+01 5.042335401671188544e-01
6.965293952711030556e+01 4.020398136285454616e-01
8.344725606980564692e+01 3.165325669087038496e-01
9.997344825439016347e+01 2.482378975378193020e-01
1.197725464754935416e+02 2.058175692778796417e-01
1.434927287165400287e+02 1.695213051946641014e-01
1.719105404403459829e+02 1.394611203808946431e-01
2.059563169425278772e+02 1.151080682018814361e-01
2.467446404384391201e+02 9.609944389061295111e-02
2.956108289802248805e+02 8.215925530231847629e-02
3.541546517691353984e+02 6.622273184964685977e-02
4.242927020041872765e+02 5.505577326432815194e-02
5.083211418365539203e+02 4.757493092147952601e-02
6.089908735584803026e+02 3.861904496900277900e-02
7.295975979625329728e+02 3.201132379760684987e-02
8.740897081794768155e+02 2.673249900439820387e-02
1.047197551196597942e+03 2.239996732602108492e-02
