1.783364452739137165e-05 1.890226170719546683e+00
2.136548308856212695e-05 3.155396420616836117e+00
2.559677955375326230e-05 3.214349283851371641e+00
3.066605706070808129e-05 1.649129183180710001e+00
3.673927236337478215e-05 6.953663058773171812e-01
4.401524888309428025e-05 1.316636456499679753e+00
5.273218574062059995e-05 7.557285440292375034e-01
6.317545586005619612e-05 1.522098525416916592e+00
7.568694843709958882e-05 1.686385941914235964e+00
9.067626162302277646e-05 1.854332880990370080e+00
1.086341118476983703e-04 1.689467410462847763e+00
1.301483987727815751e-04 1.345366579350952385e+00
1.559234518055101096e-04 3.915712187930870392e-01
1.868030882607348551e-04 7.208574437012965630e-01
2.237982380435905231e-04 1.004710367627743794e+00
2.681200392228388451e-04 9.823678279832108728e-01
3.212194879695813837e-04 7.189541137990042019e-01
3.848349409112377262e-04 5.305912703667078345e-01
4.610490250211105056e-04 6.866391926204461482e-01
5.523568181454331779e-04 7.028337347388314837e-01
6.617475322451373595e-04 8.847921011011239401e-01
7.928023734781332972e-04 6.684378022676538134e-01
9.498117828412663702e-04 1.090817086680408332e+00
1.137915895567115452e-03 6.926772621333183722e-01
1.363272817600649301e-03 6.796507301557558334e-01
1.633260228149434551e-03 9.239605983804262124e-01
1.956716908321835553e-03 7.157104098594261332e-01
2.344232102958094654e-03 5.859375659120328317e-01
2.808492188710344766e-03 7.351245056073163475e-01
3.364695997505505291e-03 8.696886001077516193e-01
4.031052392147918551e-03 6.005731806139905649e-01
4.829376383568766834e-03 6.879636399287801796e-01
5.785803305261514803e-03 7.246586070706695359e-01
6.931644425369398385e-03 6.424214290803241800e-01
8.304412007242075594e-03 6.676316743542557441e-01
9.949047376640537260e-03 7.427291872064457623e-01
1.191939219975077582e-02 6.893253717940580616e-01
1.427995113834232450e-02 7.001904589829069936e-01
1.710800358744030483e-02 6.711371702870090328e-01
2.049613362905708044e-02 7.127499948463408286e-01
2.455526102698339305e-02 6.777733961630418857e-01
2.941827249059695074e-02 6.944450586615326104e-01
3.524437208710595043e-02 7.298706826950095428e-01
4.222429322494752890e-02 6.917468909901342000e-01
5.058654283696582821e-02 7.078556649753615648e-01
6.060488218389501608e-02 6.936445541823960115e-01
7.260728918284178879e-02 7.076133267209825384e-01
8.698669566726323354e-02 7.162713723481259898e-01
1.042138510922011874e-01 7.009477721637807912e-01
1.248527338135775461e-01 7.120003976567755855e-01
1.495790144721999004e-01 7.172417262217514189e-01
1.792021759321816288e-01 7.005681598854114345e-01
2.146920139308514941e-01 7.092389327169370539e-01
2.572103860118786778e-01 7.199802785138509353e-01
3.081492481303358955e-01 7.308273348826557214e-01
3.691762241626821428e-01 7.170551679350651852e-01
4.422892001650091109e-01 7.190168317299980849e-01
5.298817306728854648e-01 7.297257629502365006e-01
6.348213982980841497e-01 7.231051260008131143e-01
7.605436919392877249e-01 7.271728703539738214e-01
9.111644769684296152e-01 7.215442719384790315e-01
1.091614739413848678e+00 7.236770857038226090e-01
1.307802015361988701e+00 7.198943922035045961e-01
1.566803790413518138e+00 7.220619772844910633e-01
1.877099200657428302e+00 7.174701468343723798e-01
2.248846620532375162e+00 7.124410374346762387e-01
2.694216225177998414e+00 7.086327798503071485e-01
3.227788414620279767e+00 6.993561744193158569e-01
3.867031143303493401e+00 6.921056963042430121e-01
4.632871781664883670e+00 6.788205547103615123e-01
5.550382231215015061e+00 6.580783581398566007e-01
6.649599722251863909e+00 6.380893435487934306e-01
7.966510165281469824e+00 6.130292017185570153e-01
9.544226248860709916e+00 5.854877413265954234e-01
1.143439885213818208e+01 5.562702994753131458e-01
1.369890797856829856e+01 5.286254904079806805e-01
1.641188856816823005e+01 5.093220827772196868e-01
1.966215750885866242e+01 5.075303996912144955e-01
2.355612130178607799e+01 5.289968399698785628e-01
2.822125957105455996e+01 5.364391840276526713e-01
3.381029846014812534e+01 4.917475214215811241e-01
4.050621054266346022e+01 4.286199514455294457e-01
4.852820493319574524e+01 3.743430855744953600e-01
5.813890370114581430e+01 3.192743134575533603e-01
6.965293952711030556e+01 2.610355614646671651e-01
8.344725606980564692e+01 2.064120765073583219e-01
9.997344825439016347e+01 1.615948407825819610e-01
1.197725464754935416e+02 1.295529912673570871e-01
1.434927287165400287e+02 1.051314897038398144e-01
1.719105404403459829e+02 8.594403868673888836e-02
2.059563169425278772e+02 7.114615127556110641e-02
2.467446404384391201e+02 5.872293726713851553e-02
2.956108289802248805e+02 4.897708850542607795e-02
3.541546517691353984e+02 4.060841090671084286e-02
4.242927020041872765e+02 3.378580060490208453e-02
5.083211418365539203e+02 2.826873989472383428e-02
6.089908735584803026e+02 2.350965705146657730e-02
7.295975979625329728e+02 1.957881689740615869e-02
8.740897081794768155e+02 1.629412532074473244e-02
1.047197551196597942e+03 1.368425451512657667e-02
