1.783364452739137165e-05 1.170649475678961124e-04
2.136548308856212695e-05 -5.352938492168343715e-05
2.559677955375326230e-05 -9.519902050334493363e-05
3.066605706070808129e-05 2.109313801719184451e-04
3.673927236337478215e-05 1.917857520423089956e-04
4.401524888309428025e-05 -3.382946448474893138e-04
5.273218574062059995e-05 4.369676236322205367e-05
6.317545586005619612e-05 -2.576201378502674050e-04
7.568694843709958882e-05 1.762023128996669289e-04
9.067626162302277646e-05 6.287035962908630281e-04
1.086341118476983703e-04 5.281945942534789495e-04
1.301483987727815751e-04 -7.701559076713512895e-06
1.559234518055101096e-04 -5.381488563304295380e-04
1.868030882607348551e-04 -1.655839858013487991e-04
2.237982380435905231e-04 -1.037030160451228242e-04
2.681200392228388451e-04 3.677913248617829443e-04
3.212194879695813837e-04 3.044177114577511882e-04
3.848349409112377262e-04 3.169928523333168709e-06
4.610490250211105056e-04 -5.918239230886439359e-04
5.523568181454331779e-04 1.245808282817604563e-03
6.617475322451373595e-04 9.323724461502735147e-04
7.928023734781332972e-04 4.170553067341191129e-04
9.498117828412663702e-04 1.090585120512453567e-03
1.137915895567115452e-03 -5.642312146312076625e-04
1.363272817600649301e-03 7.046778632264466113e-04
1.633260228149434551e-03 -7.190213946077124180e-04
1.956716908321835553e-03 1.278141352046171294e-03
2.344232102958094654e-03 -1.379709935619156925e-04
2.808492188710344766e-03 9.977390811049919542e-04
3.364695997505505291e-03 8.774113305390808396e-04
4.031052392147918551e-03 5.111756903181659956e-03
4.829376383568766834e-03 5.242747180872849543e-03
5.785803305261514803e-03 3.752508382092293020e-03
6.931644425369398385e-03 4.599012538516881674e-03
8.304412007242075594e-03 1.048274519091729404e-02
9.949047376640537260e-03 1.093798937959658026e-02
1.191939219975077582e-02 1.576703677457038169e-02
1.427995113834232450e-02 1.896411276822333042e-02
1.710800358744030483e-02 2.428129446616052525e-02
2.049613362905708044e-02 2.885501593357027786e-02
2.455526102698339305e-02 3.897427109066296802e-02
2.941827249059695074e-02 4.668168218950673881e-02
3.524437208710595043e-02 6.076070536166067182e-02
4.222429322494752890e-02 6.858650914344419092e-02
5.058654283696582821e-02 8.209873728883877730e-02
6.060488218389501608e-02 9.847167800603183474e-02
7.260728918284178879e-02 1.107015211755351947e-01
8.698669566726323354e-02 1.237506018830229204e-01
1.042138510922011874e-01 1.378067728138363257e-01
1.248527338135775461e-01 1.489954908237046682e-01
1.495790144721999004e-01 1.673468316698067115e-01
1.792021759321816288e-01 1.732962316689843907e-01
2.146920139308514941e-01 1.829507404294428707e-01
2.572103860118786778e-01 1.964089751293988662e-01
3.081492481303358955e-01 1.964516373066409749e-01
3.691762241626821428e-01 1.993122109112944462e-01
4.422892001650091109e-01 2.085233230850033204e-01
5.298817306728854648e-01 2.073859835812696950e-01
6.348213982980841497e-01 2.022813468972094186e-01
7.605436919392877249e-01 1.857805313391413804e-01
9.111644769684296152e-01 1.776621897488814550e-01
1.091614739413848678e+00 1.772192166688442427e-01
1.307802015361988701e+00 1.917340184334198061e-01
1.566803790413518138e+00 2.346693659459282988e-01
1.877099200657428302e+00 3.621091679758794979e-01
2.248846620532375162e+00 5.309926516587444301e-01
2.694216225177998414e+00 6.390198551038598351e-01
3.227788414620279767e+00 7.145974962804653163e-01
3.867031143303493401e+00 7.128418096795429149e-01
4.632871781664883670e+00 6.641948021058651230e-01
5.550382231215015061e+00 5.348430677851631065e-01
6.649599722251863909e+00 2.809411020381395452e-01
7.966510165281469824e+00 -2.873226644948091435e-01
9.544226248860709916e+00 -1.418034383154903599e+00
1.143439885213818208e+01 -3.912044943847098555e+00
1.369890797856829856e+01 -8.498709319393871198e+00
1.641188856816823005e+01 -1.147491560277989109e+01
1.966215750885866242e+01 -2.686633249743084484e+00
2.355612130178607799e+01 1.571048328430364371e+01
2.822125957105455996e+01 3.702629402694518745e+01
3.381029846014812534e+01 4.825220094062014198e+01
4.050621054266346022e+01 4.257782446638417184e+01
4.852820493319574524e+01 3.665870386297070382e+01
5.813890370114581430e+01 3.494771204998870218e+01
6.965293952711030556e+01 3.331171446422868598e+01
8.344725606980564692e+01 3.142015270657109838e+01
9.997344825439016347e+01 2.975818305920930840e+01
1.197725464754935416e+02 2.932774376258796423e+01
1.434927287165400287e+02 2.929849419418319201e+01
1.719105404403459829e+02 2.861387047914872639e+01
2.059563169425278772e+02 2.848681697006691138e+01
2.467446404384391201e+02 2.864718212429184518e+01
2.956108289802248805e+02 2.886807061152940079e+01
3.541546517691353984e+02 2.816569444178262671e+01
4.242927020041872765e+02 2.804214060628580185e+01
5.083211418365539203e+02 2.908753164153880988e+01
6.089908735584803026e+02 2.824280153145549122e+01
7.295975979625329728e+02 2.804400763642585304e+01
8.740897081794768155e+02 2.807290621972174804e+01
1.047197551196597942e+03 2.815680222479905126e+01
