0.06 0.0008042019274039861
0.138 0.0034613376276340906
0.24 0.008820889925756583
0.372 0.01852685874022729
0.542 0.03263426971086289
0.766 0.05159886275478901
1.054 0.07484010900401754
1.432 0.10295207971657136
1.92 0.1358636950376687
2.5580000000000003 0.17600650639056672
3.384 0.22625160031827185
4.46 0.2845779965296951
5.8580000000000005 0.34841871019885734
7.674 0.41515404424494584
10.038 0.4884545819963704
13.108 0.5742907186876003
17.1 0.6697111010232514
22.292 0.7885525726347158
29.038 0.9162622453840586
37.81 1.0626448928681431
49.212 1.2461634826344423
64.036 1.4493590922498285
83.308 1.6996181230922356
108.36 2.0071365920411255
140.928 2.3972412265706797
183.266 2.8838466974487544
238.306 3.4531968110087874
309.858 4.208258644958024
402.87600000000003 5.103671560637668
523.8 6.170349804882748
680.998 7.7003906301663045
885.3580000000001 9.585251143373162
1151.026 11.933535645871277
1496.394 15.016447667911583
1945.372 18.852209842231176
2529.044 24.0841226364478
3287.8160000000003 30.77050298130319
4274.222 39.35964769571502
5556.548 50.31892414423352
5556.7480000000005 50.32182961552343
11113.496000000001 98.80449264464632
16670.244 147.36812547246222
22226.992000000002 195.26126924679053
27783.74 243.19495363961198
33340.488 290.94232921863687
38897.236000000004 338.74252950963887
44453.984000000004 386.2696806086422
50010.732 433.8201911006373
55567.48 481.3368768452808
61124.228 528.6247930484099
66680.976 575.8635134678719
72237.724 623.4171599238297
77794.47200000001 671.0593494800892
83351.22 718.5427568348141
88907.96800000001 766.3098854735591
94464.716 814.4876097801682
100021.464 863.0496782722186
105578.212 911.5882001261781
111134.96 959.7353742939936
116691.708 1007.9242409797879
122248.456 1056.7310515166398
127805.204 1105.456048870615
133361.952 1153.9942604309329
138918.7 1202.8396864804101
144475.448 1252.0927219680943
150032.196 1301.8891446784824
155588.94400000002 1351.9206146000245
161145.692 1402.570179986348
166702.44 1452.4930849116956
172259.188 1502.618672907759
177815.93600000002 1552.4113078431808
183372.684 1603.0591985819083
188929.432 1653.165036593256
194486.18 1703.55572542705
200042.928 1753.864215557367
205599.676 1804.0133715815232
211156.424 1855.055569329676
216713.172 1905.919124098749
222269.92 1956.0099264672333
227826.668 2006.5498678159336
233383.416 2056.490527054784
238940.16400000002 2106.891976613538
244496.912 2157.383908073419
250053.66 2208.557082765384
255610.408 2260.1320542831436
261167.15600000002 2312.0116076490126
266723.904 2364.3179660468973
272280.652 2415.490401313935
277837.4 2467.001214218143
283394.148 2518.9225852202057
288950.896 2569.035208990114
294507.64400000003 2619.943351445973
300064.392 2671.8224619949538
305621.14 2723.4782898132553
311177.88800000004 2774.103361487973
316734.636 2823.550785199551
322291.384 2876.349493028001
327848.132 2930.823367554346
333404.88 2984.695762309968
338961.628 3040.3435665088055
344518.376 3096.7075262030785
350075.124 3154.2091197609207
355631.87200000003 3208.66525763344
361188.62 3260.7245976882027
366745.368 3313.2171387279436
372302.116 3372.584011369855
377858.864 3430.5189220403613
383415.612 3489.4966776773886
388972.36 3546.1755515106997
394529.108 3609.124919473472
