2.080593829987612879e-05 1.909389904752312726e-04
2.488763811267308089e-05 2.648398893561774983e-05
2.977008399717626086e-05 1.388854723182051049e-04
3.561036596508670537e-05 6.911160608532501476e-04
4.259639187741918326e-05 9.316134750502304621e-04
5.095293327660821930e-05 9.515043064998442114e-04
6.094885728729453869e-05 1.290347161245508113e-03
7.290577726822225903e-05 -4.596640164114424451e-04
8.720840054521674116e-05 3.878089194751506517e-03
1.043169061578597486e-04 2.578087897135162773e-03
1.247817508670565978e-04 2.306950277546946683e-03
1.492613797986474264e-04 1.813200426939595277e-03
1.785434115532828281e-04 2.620824559766977459e-03
2.135699794018237896e-04 6.331510166590328600e-03
2.554680439052960258e-04 6.553451777254875113e-03
3.055856522512779270e-04 4.130715106729818641e-03
3.655353109309304738e-04 5.016443125953938889e-03
4.372458672487071528e-04 8.802917507634231906e-03
5.230245689237916209e-04 9.146806407136087377e-03
6.256312985168129134e-04 1.235162388588268573e-02
7.483673711336961487e-04 9.889355048972590587e-03
8.951817524239618880e-04 1.227032843094009659e-02
1.070798114379140249e-03 1.819568679587061852e-02
1.280866816881767387e-03 1.885857740829206472e-02
1.532146704927732795e-03 2.257761371123517824e-02
1.832722570747649616e-03 2.301716235083394943e-02
2.192265277551407304e-03 2.778704390531160778e-02
2.622342914234400153e-03 3.107001794208531092e-02
3.136792992276963513e-03 3.359885902252988943e-02
3.752167660067644468e-03 4.108065359424932506e-02
4.488266259176349957e-03 3.607317725374101225e-02
5.368772357282583681e-03 4.460190367500758979e-02
6.422015753943063898e-03 4.715215900342385053e-02
7.681883976315169796e-03 5.349987536861370435e-02
9.188912591710046013e-03 5.185065639873182725e-02
1.099158941718222406e-02 5.531243457995062285e-02
1.314791458838206022e-02 6.114920080130722274e-02
1.572726668202876696e-02 6.609340510807527880e-02
1.881263493346817597e-02 6.686216766541554224e-02
2.250328936968803289e-02 6.769608052463227388e-02
2.691797476785239701e-02 6.633060842560564718e-02
3.219873120321442572e-02 7.108627103446733819e-02
3.851546411043654805e-02 7.679403013100083442e-02
4.607141089752730262e-02 7.730956871694381893e-02
5.510967999769320752e-02 8.498457261842540245e-02
6.592107274950315121e-02 9.240557241388387688e-02
7.885343977005820904e-02 1.002917507079816584e-01
9.432287285733025051e-02 1.095016885762992026e-01
1.128270925149713472e-01 1.191115323839804646e-01
1.349614618358458418e-01 1.302809755495466237e-01
1.614381419821797337e-01 1.477145661533582066e-01
1.931090055793708293e-01 1.649638298168254469e-01
2.309930452493056674e-01 1.905508845738082269e-01
2.763091591376715672e-01 2.121255775335893212e-01
3.305153682915760727e-01 2.407405403367053609e-01
3.953557276850417912e-01 2.799172166730177769e-01
4.729164402288190683e-01 3.238787437504805911e-01
5.656929792019287362e-01 3.827155368846348882e-01
6.766703787322738695e-01 4.564454309926115338e-01
8.094192756283702384e-01 5.468102762621963597e-01
9.682107926553257249e-01 6.834504908093864683e-01
1.158153959561321944e+00 8.428619231542734402e-01
1.385360093300536333e+00 1.056497355079496936e+00
1.657139426295814122e+00 1.291005019083197647e+00
1.982236309147300091e+00 1.514586348018467143e+00
2.371110555304899670e+00 1.682252173207315460e+00
2.836273979814652346e+00 1.863899412017403057e+00
3.392692960088147913e+00 2.079986078738639943e+00
4.058269970866449583e+00 2.365617781813620368e+00
4.854419586501121486e+00 2.702172145620351351e+00
5.806757483109115547e+00 3.100601966771782791e+00
6.945924608866904215e+00 3.555568726420638370e+00
8.308573039670074323e+00 4.074728348497338892e+00
9.938545239521953789e+00 4.658427866395726369e+00
1.188828466770589287e+01 5.965706370990424112e+00
1.422052311825156856e+01 1.066126861982404428e+01
1.701029908091452114e+01 2.516526081038028906e+01
2.034737206332369652e+01 4.226246848109344256e+01
2.433911055378498745e+01 4.617962916518156646e+01
2.911394654335533261e+01 4.002356500823771768e+01
3.482550775453622549e+01 1.797805387796384124e+01
4.165756052877210891e+01 5.444519586781220610e+00
4.982992240744206214e+01 4.338156084690136360e+00
5.960553464038598293e+01 2.653978752931991369e+00
7.129892217603844529e+01 8.279167029520859700e-01
8.528631332870244819e+01 -6.670588786604882137e-02
1.020177447176912437e+02 2.840462324932979121e-01
1.220315409480994902e+02 1.930771193664798657e-01
1.459716349089734706e+02 -4.171815585952394767e-01
1.746082859599462438e+02 2.804563892735849606e-01
2.088628626026041388e+02 3.876688791854532301e-01
2.498374870054055634e+02 -8.013414309128623625e-01
2.988504951784470336e+02 -5.864137605973109846e-01
3.574788537096948744e+02 -1.153243344443454915e-01
4.276088977978491812e+02 -3.043885466929224098e-02
5.114970230501567698e+02 -4.990212429254376469e-01
6.118422837703835739e+02 7.871974040405549378e-02
7.318732335469545660e+02 2.096274451677933304e-01
8.754518021894218691e+02 4.069087893708812215e-02
1.047197551196597942e+03 -4.279201412813003346e-04
