1 1.273863068465767
2 0.5097451274362819
3 0.22488755622188905
4 0.10844577711144428
5 0.04397801099450275
6 0.018490754622688656
7 0.008995502248875561
8 0.005997001499250375
9 0.001999000499750125
10 0.0004997501249375312
980 0.0004997501249375312
982 0.0004997501249375312
983 0.0009995002498750624
984 0.0004997501249375312
985 0.0024987506246876563
986 0.0029985007496251873
987 0.005497251374312844
988 0.008995502248875561
989 0.013493253373313344
990 0.022488755622188907
991 0.02798600699650175
992 0.03948025987006497
993 0.05147426286856572
994 0.08395802098950525
995 0.08895552223888056
996 0.11144427786106946
997 0.1469265367316342
998 0.1469265367316342
999 0.13343328335832083
1000 0.11094452773613193
