1.075200000000000067e+01 -5.594414452000000607e-04 8.606706175000001167e+03 8.606705260000000635e+03
1.151999999999999957e+01 8.668858272500000201e-04 8.606706104999999297e+03 8.606706554999998843e+03
1.228800000000000026e+01 5.750650017500000310e-04 8.606706054999998742e+03 8.606705315000001065e+03
1.382399999999999984e+01 6.360791622500000086e-04 8.606703779999999824e+03 8.606704557500001101e+03
1.535999999999999943e+01 -2.222754586074999800e-04 8.606705165000001216e+03 8.606704787500000748e+03
1.689600000000000080e+01 1.738614027499999978e-04 8.606708657499999390e+03 8.606708800000000338e+03
1.843199999999999861e+01 3.534548265000000120e-04 8.606707022500000676e+03 8.606707822500000475e+03
1.996799999999999997e+01 3.011819817500000092e-04 8.606709119999999530e+03 8.606709157499999492e+03
2.150400000000000134e+01 2.994347880499999910e-04 8.606710647500000050e+03 8.606709667499999341e+03
2.303999999999999915e+01 4.362909452500000028e-04 8.606709647499999846e+03 8.606710047500000655e+03
2.457600000000000051e+01 3.632051959750000249e-04 8.606707812500000728e+03 8.606708534999999756e+03
2.764799999999999969e+01 6.328302420000000332e-04 8.606707172500000524e+03 8.606708302499999263e+03
3.071999999999999886e+01 7.980841472499999650e-04 8.606707730000000083e+03 8.606708744999999908e+03
3.379200000000000159e+01 4.338019102499999840e-04 8.606707312499998807e+03 8.606706957499998680e+03
3.686399999999999721e+01 3.472409802500000565e-04 8.606704854999999952e+03 8.606705835000000661e+03
3.993599999999999994e+01 8.881550595000000433e-04 8.606706747500000347e+03 8.606707012500000928e+03
4.300800000000000267e+01 1.413674568750000076e-04 8.606708732499999314e+03 8.606709339999999429e+03
4.607999999999999829e+01 7.124725570000000697e-04 8.606706645000000208e+03 8.606707677499998681e+03
4.915200000000000102e+01 3.194505468500000015e-04 8.606706000000000131e+03 8.606706002499999158e+03
5.529599999999999937e+01 3.144111612499999610e-04 8.606708520000000135e+03 8.606708817499998986e+03
6.143999999999999773e+01 5.816098410250000435e-04 8.606708092500000930e+03 8.606708752500000628e+03
6.758400000000000318e+01 4.462985895000000044e-04 8.606708585000000312e+03 8.606709087499999441e+03
7.372799999999999443e+01 -2.192554174999998773e-05 8.606705809999999474e+03 8.606705250000000888e+03
7.987199999999999989e+01 2.956685363499999652e-04 8.606706040000000939e+03 8.606705890000001091e+03
8.601600000000000534e+01 5.004132580750000718e-04 8.606705917499999487e+03 8.606706539999999222e+03
9.215999999999999659e+01 7.584603140000000182e-04 8.606704639999999927e+03 8.606705117499999687e+03
9.830400000000000205e+01 5.309339057499999929e-04 8.606703559999999925e+03 8.606704267499999332e+03
1.105919999999999987e+02 5.224519231250000003e-04 8.606706802499998958e+03 8.606707162500000777e+03
1.228799999999999955e+02 2.495743555249999761e-04 8.606708174999999756e+03 8.606708725000000413e+03
1.351680000000000064e+02 3.691904279500000160e-04 8.606709322499998962e+03 8.606709772499998508e+03
1.474559999999999889e+02 4.590400699000000365e-04 8.606708747499998935e+03 8.606708909999999378e+03
1.597439999999999998e+02 1.990833564500000142e-04 8.606711220000001049e+03 8.606711432500000228e+03
1.720320000000000107e+02 3.262657819999999730e-04 8.606711027500001364e+03 8.606711412500000733e+03
1.843199999999999932e+02 6.199680462499999618e-04 8.606711192500000834e+03 8.606711402500000986e+03
1.966080000000000041e+02 4.577239541499999445e-04 8.606711332499999116e+03 8.606711720000001151e+03
2.211839999999999975e+02 3.153011787499999724e-04 8.606715529999999490e+03 8.606715720000000147e+03
2.457599999999999909e+02 4.776541906500000097e-04 8.606715824999999313e+03 8.606716307500000767e+03
2.703360000000000127e+02 3.354367961749999977e-04 8.606714847499999451e+03 8.606715254999999161e+03
2.949119999999999777e+02 3.536361858249999733e-04 8.606713244999999006e+03 8.606713475000000471e+03
3.194879999999999995e+02 2.893270051249999556e-04 8.606714025000001129e+03 8.606714604999999210e+03
3.440640000000000214e+02 4.783358323999999822e-04 8.606715589999999793e+03 8.606715910000000804e+03
3.686399999999999864e+02 2.824788142499999599e-04 8.606714964999999211e+03 8.606715169999999489e+03
3.932160000000000082e+02 3.902484615499999827e-04 8.606716640000002371e+03 8.606716937499999403e+03
4.423679999999999950e+02 4.464548610000000205e-04 8.606716062499999680e+03 8.606716449999999895e+03
4.915199999999999818e+02 4.357403831249999858e-04 8.606718147499999759e+03 8.606718455000000176e+03
5.406720000000000255e+02 3.664000765500000241e-04 8.606719702499998675e+03 8.606720015000000785e+03
5.898239999999999554e+02 4.550045479750000209e-04 8.606719199999999546e+03 8.606719465000000127e+03
6.389759999999999991e+02 3.891178677500000240e-04 8.606719287500000064e+03 8.606719547499998953e+03
6.881280000000000427e+02 5.570721077499999306e-04 8.606720734999998967e+03 8.606721267500000977e+03
7.372799999999999727e+02 3.733025082500000271e-04 8.606721620000000257e+03 8.606722162500000195e+03
7.864320000000000164e+02 3.854531414750000202e-04 8.606724140000000261e+03 8.606724614999999176e+03
8.847359999999999900e+02 5.288663992750000133e-04 8.606726417500000025e+03 8.606726962499998990e+03
9.830399999999999636e+02 4.293364163999999813e-04 8.606725562499999796e+03 8.606725964999999633e+03
1.081339999999999918e+03 4.098399450249999359e-04 8.606729745000000548e+03 8.606730157500000132e+03
1.179650000000000091e+03 4.345141464500000160e-04 8.606725554999999076e+03 8.606726047500000277e+03
1.277950000000000045e+03 3.764581769250000204e-04 8.606720479999999952e+03 8.606720779999999650e+03
1.376259999999999991e+03 4.971546618500000212e-04 8.606722342499999286e+03 8.606722877500000322e+03
1.474559999999999945e+03 4.642561400000000046e-04 8.606716457499998796e+03 8.606716907500001980e+03
1.572859999999999900e+03 4.296938790925000553e-04 8.606709165000000212e+03 8.606709610000001703e+03
1.769470000000000027e+03 4.783723150749999648e-04 8.606700935000000754e+03 8.606701367499999833e+03
1.966079999999999927e+03 4.555288428750000132e-04 8.606693987500000731e+03 8.606694530000000668e+03
2.162690000000000055e+03 4.421910238000000383e-04 8.606702115000000049e+03 8.606702505000001111e+03
2.359300000000000182e+03 4.347384408250000356e-04 8.606700782500000059e+03 8.606701180000000022e+03
2.555900000000000091e+03 3.665086069702499756e-04 8.606705630000000383e+03 8.606705972499999916e+03
2.752510000000000218e+03 4.719119960624999386e-04 8.606703670000000784e+03 8.606704205000000002e+03
2.949119999999999891e+03 4.223269725249999794e-04 8.606713872500000434e+03 8.606714214999999967e+03
3.145730000000000018e+03 4.578021282500000216e-04 8.606704922500000976e+03 8.606705425000000105e+03
3.538940000000000055e+03 4.399621168249999914e-04 8.606708255000001373e+03 8.606708752500000628e+03
3.932159999999999854e+03 4.823731832499999431e-04 8.606703617500001201e+03 8.606704197500001101e+03
4.325380000000000109e+03 4.423009581750000268e-04 8.606699002500001370e+03 8.606699372499999299e+03
4.718590000000000146e+03 4.334953262125000421e-04 8.606702825000000303e+03 8.606703287500000442e+03
5.111810000000000400e+03 3.809793728974999734e-04 8.606696412499999497e+03 8.606696722500000760e+03
5.505020000000000437e+03 4.571293755875000323e-04 8.606703685000000405e+03 8.606704097499999989e+03
5.898239999999999782e+03 4.899497054749999726e-04 8.606714837499999703e+03 8.606715294999998150e+03
6.291460000000000036e+03 4.585028219499999880e-04 8.606697192499999801e+03 8.606697630000000572e+03
7.077890000000000327e+03 4.921413748250000070e-04 8.606693737499999770e+03 8.606694222500000251e+03
7.864319999999999709e+03 4.755635045250000388e-04 8.606707099999999627e+03 8.606707594999999856e+03
8.650750000000000000e+03 4.342622302149999874e-04 8.606704462499999863e+03 8.606704894999998942e+03
9.437180000000000291e+03 4.301172071750000172e-04 8.606703277500000695e+03 8.606703692500001125e+03
1.022360000000000036e+04 4.727132058999999973e-04 8.606716050000000905e+03 8.606716575000000375e+03
1.101000000000000000e+04 4.471751708749999816e-04 8.606742129999998724e+03 8.606742539999999281e+03
1.179650000000000000e+04 4.722985887499999889e-04 8.606744452500000989e+03 8.606744922500001849e+03
1.258289999999999964e+04 4.569023395599999880e-04 8.606745897500000865e+03 8.606746345000001384e+03
1.415579999999999927e+04 4.472272549250000200e-04 8.606731927500000893e+03 8.606732352499999251e+03
1.572860000000000036e+04 4.644011028000000403e-04 8.606727847500000280e+03 8.606728289999999106e+03
1.730150000000000000e+04 4.568783352250000199e-04 8.606732072500000868e+03 8.606732512499998847e+03
1.887440000000000146e+04 4.661759293499999389e-04 8.606725089999999909e+03 8.606725552500000049e+03
2.044720000000000073e+04 4.590730977999999784e-04 8.606737799999998970e+03 8.606738235000000714e+03
2.202009999999999854e+04 4.566986315275000101e-04 8.606737069999999221e+03 8.606737515000000712e+03
2.359300000000000000e+04 4.815401884499999905e-04 8.606752922499999841e+03 8.606753392499998881e+03
2.516579999999999927e+04 4.564450450749999778e-04 8.606724302500000704e+03 8.606724759999999151e+03
2.831159999999999854e+04 4.674161589499999840e-04 8.606680637499999648e+03 8.606681087500001013e+03
3.145729999999999927e+04 4.338681067500000212e-04 8.606637440000000424e+03 8.606637839999999414e+03
3.460300000000000000e+04 4.438139268999999917e-04 8.606553110000000743e+03 8.606553552500001388e+03
3.774869999999999709e+04 4.642079139500000003e-04 8.606543137500000739e+03 8.606543569999999818e+03
4.089450000000000000e+04 4.594852332499999720e-04 8.606506299999999101e+03 8.606506704999999783e+03
4.404019999999999709e+04 4.655793246000000185e-04 8.606502875000000131e+03 8.606503345000000991e+03
4.718590000000000146e+04 4.559890320404999878e-04 8.606462319999998726e+03 8.606462762500001190e+03


