1 138.7976011994003
2 32.90504747626187
3 12.238380809595203
4 5.880059970014993
5 3.231384307846077
6 2.0699650174912545
7 1.3903048475762119
8 1.00199900049975
9 0.7116441779110445
10 0.5362318840579711
11 0.43928035982008995
12 0.31984007996002
13 0.2593703148425787
14 0.2108945527236382
15 0.17891054472763618
16 0.15542228885557222
17 0.13043478260869565
18 0.10044977511244378
19 0.09995002498750624
20 0.0864567716141929
21 0.09145427286356822
22 0.059470264867566215
23 0.049475262368815595
24 0.04597701149425287
25 0.04247876061969016
26 0.03298350824587706
27 0.04147926036981509
28 0.033483258370814596
29 0.02798600699650175
30 0.030484757621189407
31 0.021989005497251374
32 0.01699150424787606
33 0.01999000499750125
34 0.027486256871564217
35 0.012993503248375811
36 0.014992503748125937
37 0.015492253873063468
38 0.008995502248875561
39 0.01199400299850075
40 0.01699150424787606
41 0.0074962518740629685
42 0.009495252373813094
43 0.006496751624187906
44 0.009495252373813094
45 0.0074962518740629685
46 0.0079960019990005
47 0.005497251374312844
48 0.005497251374312844
49 0.006496751624187906
50 0.005997001499250375
51 0.004997501249375313
52 0.005497251374312844
53 0.005497251374312844
54 0.0034982508745627187
55 0.0024987506246876563
56 0.004497751124437781
57 0.0029985007496251873
58 0.0024987506246876563
59 0.001999000499750125
60 0.001999000499750125
61 0.001999000499750125
62 0.004997501249375313
63 0.001999000499750125
64 0.0034982508745627187
65 0.0004997501249375312
66 0.0029985007496251873
67 0.0024987506246876563
68 0.0014992503748125937
69 0.0014992503748125937
70 0.0014992503748125937
71 0.0014992503748125937
72 0.001999000499750125
73 0.0014992503748125937
74 0.0004997501249375312
75 0.001999000499750125
76 0.0009995002498750624
77 0.0009995002498750624
78 0.0009995002498750624
79 0.0004997501249375312
81 0.0004997501249375312
82 0.0009995002498750624
85 0.0004997501249375312
87 0.0004997501249375312
88 0.0004997501249375312
89 0.0004997501249375312
91 0.0014992503748125937
92 0.0004997501249375312
93 0.0004997501249375312
94 0.0004997501249375312
96 0.0009995002498750624
98 0.0014992503748125937
99 0.0009995002498750624
103 0.0004997501249375312
104 0.0004997501249375312
111 0.0004997501249375312
115 0.0004997501249375312
116 0.0004997501249375312
118 0.0004997501249375312
120 0.0004997501249375312
121 0.0009995002498750624
122 0.0004997501249375312
126 0.0004997501249375312
128 0.0004997501249375312
135 0.0004997501249375312
142 0.0004997501249375312
144 0.0004997501249375312
147 0.0004997501249375312
148 0.0004997501249375312
156 0.0004997501249375312
157 0.0009995002498750624
159 0.0004997501249375312
161 0.0004997501249375312
164 0.0004997501249375312
178 0.0004997501249375312
184 0.0004997501249375312
187 0.0004997501249375312
188 0.0004997501249375312
189 0.0004997501249375312
190 0.0004997501249375312
215 0.0004997501249375312
220 0.0004997501249375312
241 0.0004997501249375312
247 0.0004997501249375312
251 0.0004997501249375312
262 0.0004997501249375312
274 0.0004997501249375312
275 0.0004997501249375312
316 0.0004997501249375312
326 0.0004997501249375312
331 0.0004997501249375312
340 0.0004997501249375312
363 0.0014992503748125937
372 0.0004997501249375312
391 0.0004997501249375312
394 0.0004997501249375312
397 0.0004997501249375312
410 0.0004997501249375312
414 0.0009995002498750624
418 0.0004997501249375312
420 0.0004997501249375312
422 0.0009995002498750624
428 0.0004997501249375312
431 0.0004997501249375312
432 0.0004997501249375312
433 0.0004997501249375312
436 0.0004997501249375312
437 0.0009995002498750624
440 0.0004997501249375312
447 0.0004997501249375312
451 0.0004997501249375312
452 0.0004997501249375312
461 0.0004997501249375312
463 0.0009995002498750624
465 0.0004997501249375312
467 0.0004997501249375312
469 0.0004997501249375312
470 0.0009995002498750624
471 0.0004997501249375312
472 0.0004997501249375312
473 0.0004997501249375312
475 0.0009995002498750624
478 0.001999000499750125
479 0.0004997501249375312
480 0.001999000499750125
481 0.0004997501249375312
486 0.0004997501249375312
487 0.0014992503748125937
488 0.0009995002498750624
489 0.0004997501249375312
490 0.0004997501249375312
491 0.0004997501249375312
492 0.0004997501249375312
494 0.0004997501249375312
495 0.0004997501249375312
498 0.0004997501249375312
499 0.0009995002498750624
500 0.0009995002498750624
502 0.001999000499750125
503 0.0014992503748125937
504 0.0004997501249375312
505 0.0004997501249375312
506 0.0004997501249375312
507 0.0009995002498750624
508 0.0004997501249375312
509 0.0009995002498750624
510 0.0004997501249375312
512 0.00399800099950025
513 0.0014992503748125937
514 0.0009995002498750624
515 0.0009995002498750624
516 0.0004997501249375312
517 0.0024987506246876563
518 0.0009995002498750624
519 0.0009995002498750624
520 0.0009995002498750624
521 0.0009995002498750624
522 0.0014992503748125937
523 0.0009995002498750624
524 0.0014992503748125937
525 0.0014992503748125937
526 0.0004997501249375312
527 0.0004997501249375312
528 0.0004997501249375312
529 0.0009995002498750624
531 0.0004997501249375312
532 0.0014992503748125937
533 0.0009995002498750624
534 0.0004997501249375312
535 0.001999000499750125
536 0.0024987506246876563
537 0.0024987506246876563
538 0.0009995002498750624
539 0.001999000499750125
540 0.001999000499750125
541 0.0024987506246876563
542 0.0009995002498750624
543 0.0024987506246876563
544 0.0009995002498750624
545 0.0009995002498750624
546 0.0014992503748125937
547 0.001999000499750125
548 0.00399800099950025
549 0.0024987506246876563
550 0.001999000499750125
551 0.0014992503748125937
552 0.0014992503748125937
553 0.001999000499750125
554 0.0029985007496251873
555 0.0024987506246876563
556 0.0029985007496251873
557 0.00399800099950025
558 0.001999000499750125
559 0.0024987506246876563
560 0.0034982508745627187
561 0.001999000499750125
562 0.004497751124437781
563 0.005497251374312844
564 0.0009995002498750624
565 0.0029985007496251873
566 0.001999000499750125
567 0.0014992503748125937
568 0.004997501249375313
569 0.0034982508745627187
570 0.0014992503748125937
571 0.004497751124437781
572 0.001999000499750125
573 0.0029985007496251873
574 0.00399800099950025
575 0.006496751624187906
576 0.004497751124437781
577 0.004997501249375313
578 0.005997001499250375
579 0.0029985007496251873
580 0.00399800099950025
581 0.004497751124437781
582 0.004497751124437781
583 0.005497251374312844
584 0.004997501249375313
585 0.0029985007496251873
586 0.004997501249375313
587 0.004497751124437781
588 0.005497251374312844
589 0.004997501249375313
590 0.00399800099950025
591 0.004997501249375313
592 0.004997501249375313
593 0.004997501249375313
594 0.006496751624187906
595 0.009495252373813094
596 0.006496751624187906
597 0.005497251374312844
598 0.0069965017491254375
599 0.005497251374312844
600 0.00849575212393803
601 0.0079960019990005
602 0.001999000499750125
603 0.008995502248875561
604 0.005497251374312844
605 0.0069965017491254375
606 0.00399800099950025
607 0.005997001499250375
608 0.005997001499250375
609 0.00849575212393803
610 0.0079960019990005
611 0.009495252373813094
612 0.005497251374312844
613 0.005497251374312844
614 0.010994502748625687
615 0.0029985007496251873
616 0.008995502248875561
617 0.008995502248875561
618 0.006496751624187906
619 0.005497251374312844
620 0.008995502248875561
621 0.004497751124437781
622 0.008995502248875561
623 0.0079960019990005
624 0.006496751624187906
625 0.005497251374312844
626 0.005497251374312844
627 0.009495252373813094
628 0.005997001499250375
629 0.004497751124437781
630 0.0074962518740629685
631 0.0069965017491254375
632 0.006496751624187906
633 0.0069965017491254375
634 0.0069965017491254375
635 0.0079960019990005
636 0.010994502748625687
637 0.0074962518740629685
638 0.010994502748625687
639 0.008995502248875561
640 0.006496751624187906
641 0.009995002498750625
642 0.0079960019990005
643 0.006496751624187906
644 0.004997501249375313
645 0.010494752623688156
646 0.0069965017491254375
647 0.010494752623688156
648 0.005497251374312844
649 0.0069965017491254375
650 0.0069965017491254375
651 0.005497251374312844
652 0.004497751124437781
653 0.010494752623688156
654 0.00849575212393803
655 0.0034982508745627187
656 0.004497751124437781
657 0.006496751624187906
658 0.0069965017491254375
659 0.0079960019990005
660 0.0079960019990005
661 0.0074962518740629685
662 0.006496751624187906
663 0.010494752623688156
664 0.009495252373813094
665 0.0079960019990005
666 0.004997501249375313
667 0.006496751624187906
668 0.0069965017491254375
669 0.008995502248875561
670 0.008995502248875561
671 0.011494252873563218
672 0.005997001499250375
673 0.00849575212393803
674 0.004497751124437781
675 0.0034982508745627187
676 0.0074962518740629685
677 0.005497251374312844
678 0.005497251374312844
679 0.004997501249375313
680 0.004497751124437781
681 0.0029985007496251873
682 0.004497751124437781
683 0.0029985007496251873
684 0.0029985007496251873
685 0.0034982508745627187
686 0.0069965017491254375
687 0.0029985007496251873
688 0.001999000499750125
689 0.004997501249375313
690 0.005997001499250375
691 0.004997501249375313
692 0.004497751124437781
693 0.00399800099950025
694 0.0034982508745627187
695 0.0069965017491254375
696 0.00399800099950025
697 0.0029985007496251873
698 0.0024987506246876563
699 0.001999000499750125
700 0.001999000499750125
701 0.001999000499750125
702 0.0014992503748125937
703 0.0014992503748125937
704 0.0014992503748125937
705 0.0029985007496251873
706 0.0014992503748125937
707 0.0009995002498750624
708 0.0024987506246876563
709 0.001999000499750125
710 0.0014992503748125937
711 0.001999000499750125
712 0.0014992503748125937
713 0.0009995002498750624
714 0.0029985007496251873
716 0.0009995002498750624
717 0.0024987506246876563
718 0.001999000499750125
719 0.0009995002498750624
722 0.0009995002498750624
723 0.0004997501249375312
724 0.0014992503748125937
725 0.0014992503748125937
726 0.0009995002498750624
727 0.0004997501249375312
730 0.0004997501249375312
733 0.0004997501249375312
734 0.0004997501249375312
735 0.0009995002498750624
737 0.0009995002498750624
738 0.0004997501249375312
742 0.0009995002498750624
747 0.0009995002498750624
751 0.0004997501249375312
766 0.0004997501249375312
