2.080593829987612879e-05 3.562639214332149128e-05
2.488763811267308089e-05 5.843534735373775844e-05
2.977008399717626086e-05 1.739895143136227545e-05
3.561036596508670537e-05 -8.293598901831817510e-06
4.259639187741918326e-05 7.358808109582231900e-05
5.095293327660821930e-05 -2.986998436484338554e-05
6.094885728729453869e-05 9.683078797027860505e-05
7.290577726822225903e-05 6.733096541686982696e-05
8.720840054521674116e-05 6.700889340310748135e-05
1.043169061578597486e-04 2.461370335059454191e-04
1.247817508670565978e-04 2.293099304699835290e-04
1.492613797986474264e-04 2.427780313638132380e-04
1.785434115532828281e-04 -1.170307615683759714e-05
2.135699794018237896e-04 3.422304635886021934e-04
2.554680439052960258e-04 1.442424577536908473e-04
3.055856522512779270e-04 1.130960364099873054e-04
3.655353109309304738e-04 2.101757402023096829e-04
4.372458672487071528e-04 2.914231830043420590e-04
5.230245689237916209e-04 5.596743682479391087e-04
6.256312985168129134e-04 5.975247522435322154e-04
7.483673711336961487e-04 6.158904667940266232e-04
8.951817524239618880e-04 5.719564217880545535e-04
1.070798114379140249e-03 6.096138117959641698e-04
1.280866816881767387e-03 9.140930251831146450e-04
1.532146704927732795e-03 9.921606497465364823e-04
1.832722570747649616e-03 1.533318324280623715e-03
2.192265277551407304e-03 1.603709175844862363e-03
2.622342914234400153e-03 1.428224527026495869e-03
3.136792992276963513e-03 2.357925051566012176e-03
3.752167660067644468e-03 2.701166692781713143e-03
4.488266259176349957e-03 2.901198950571812034e-03
5.368772357282583681e-03 4.148427026332371717e-03
6.422015753943063898e-03 3.771141161554266916e-03
7.681883976315169796e-03 5.231644668390208336e-03
9.188912591710046013e-03 6.614123875013110110e-03
1.099158941718222406e-02 7.733731563294216592e-03
1.314791458838206022e-02 8.792723744748038098e-03
1.572726668202876696e-02 9.861187763916036755e-03
1.881263493346817597e-02 1.318291068647661594e-02
2.250328936968803289e-02 1.547225520239894382e-02
2.691797476785239701e-02 1.817596100091377342e-02
3.219873120321442572e-02 2.243178359641821371e-02
3.851546411043654805e-02 2.722805035785315700e-02
4.607141089752730262e-02 3.300264314051667286e-02
5.510967999769320752e-02 3.760227427749155554e-02
6.592107274950315121e-02 4.720996856719388707e-02
7.885343977005820904e-02 5.615596118387745223e-02
9.432287285733025051e-02 6.425925830594444998e-02
1.128270925149713472e-01 7.892726550278147957e-02
1.349614618358458418e-01 9.341643636845345378e-02
1.614381419821797337e-01 1.127708952504037909e-01
1.931090055793708293e-01 1.377744741762243763e-01
2.309930452493056674e-01 1.610484916724346793e-01
2.763091591376715672e-01 1.928343604473471695e-01
3.305153682915760727e-01 2.298362012389806863e-01
3.953557276850417912e-01 2.754979094583595578e-01
4.729164402288190683e-01 3.304722860203468393e-01
5.656929792019287362e-01 3.956845642147210351e-01
6.766703787322738695e-01 4.737015559899346862e-01
8.094192756283702384e-01 5.690226085886442853e-01
9.682107926553257249e-01 6.802673518066802982e-01
1.158153959561321944e+00 8.058394903346451921e-01
1.385360093300536333e+00 9.595697623332789528e-01
1.657139426295814122e+00 1.149843812014388345e+00
1.982236309147300091e+00 1.355177141880443470e+00
2.371110555304899670e+00 1.602742245775270025e+00
2.836273979814652346e+00 1.906332065985072211e+00
3.392692960088147913e+00 2.223843029993498810e+00
4.058269970866449583e+00 2.588007277777528259e+00
4.854419586501121486e+00 2.990449232099721577e+00
5.806757483109115547e+00 3.440466418073143462e+00
6.945924608866904215e+00 3.937270081986732784e+00
8.308573039670074323e+00 4.451020072095226432e+00
9.938545239521953789e+00 5.042679664655726590e+00
1.188828466770589287e+01 5.715662755245594084e+00
1.422052311825156856e+01 6.626582727991075394e+00
1.701029908091452114e+01 8.153269475251473608e+00
2.034737206332369652e+01 1.072986750732167138e+01
2.433911055378498745e+01 1.389383259960332673e+01
2.911394654335533261e+01 1.414821640566022865e+01
3.482550775453622549e+01 1.097262280163562131e+01
4.165756052877210891e+01 8.534986367450034805e+00
4.982992240744206214e+01 6.734423135804811444e+00
5.960553464038598293e+01 4.237320881309793563e+00
7.129892217603844529e+01 1.980280574446225961e+00
8.528631332870244819e+01 6.377919509725621383e-01
1.020177447176912437e+02 2.674160502521169547e-01
1.220315409480994902e+02 5.694443957220157726e-02
1.459716349089734706e+02 3.551432823844056369e-02
1.746082859599462438e+02 5.565524935157636910e-02
2.088628626026041388e+02 4.360842096616938945e-02
2.498374870054055634e+02 -3.474401293170257393e-02
2.988504951784470336e+02 -9.170167683212271381e-02
3.574788537096948744e+02 -2.278131610692518683e-02
4.276088977978491812e+02 8.030574813428300804e-03
5.114970230501567698e+02 -5.591281783183123938e-02
6.118422837703835739e+02 2.628338191395121134e-02
7.318732335469545660e+02 3.972022366186186287e-02
8.754518021894218691e+02 1.129656275492972421e-02
1.047197551196597942e+03 -1.086619336081103579e-04
