0.000000000000000000e+00 1.338434519482266261e+01 1.432132419999999911e+04 1.433819369999999981e+04
3.000000000000000062e-03 1.331705679482266191e+01 1.432125449999999910e+04 1.433804520000000048e+04
6.000000000000000125e-03 1.311849649482266145e+01 1.432104880000000048e+04 1.433760690000000068e+04
8.999999999999999320e-03 1.279804099482266189e+01 1.432071650000000045e+04 1.433689849999999933e+04
1.200000000000000025e-02 1.236994949482266115e+01 1.432027230000000054e+04 1.433595050000000083e+04
1.499999999999999944e-02 1.185182799482266169e+01 1.431973420000000078e+04 1.433480060000000049e+04
1.799999999999999864e-02 1.126304549482266104e+01 1.431912260000000060e+04 1.433349120000000039e+04
2.100000000000000130e-02 1.062333189482266249e+01 1.431845869999999923e+04 1.433206569999999920e+04
2.400000000000000050e-02 9.951673544822661199e+00 1.431776289999999972e+04 1.433056650000000081e+04
2.699999999999999969e-02 9.265526204822661427e+00 1.431705429999999978e+04 1.432903310000000056e+04
2.999999999999999889e-02 8.580310204822662712e+00 1.431635009999999966e+04 1.432750040000000081e+04
3.300000000000000155e-02 7.909130784822661298e+00 1.431566480000000047e+04 1.432599890000000050e+04
3.599999999999999728e-02 7.262665274822660777e+00 1.431501039999999921e+04 1.432455309999999918e+04
3.899999999999999994e-02 6.649171794822660964e+00 1.431439589999999953e+04 1.432318260000000009e+04
4.200000000000000261e-02 6.074589714822661080e+00 1.431382819999999992e+04 1.432190129999999954e+04
4.499999999999999833e-02 5.542713984822660755e+00 1.431331110000000081e+04 1.432071869999999944e+04
4.800000000000000100e-02 5.066643514822660954e+00 1.431286009999999987e+04 1.431966549999999916e+04
5.399999999999999939e-02 4.224789664822661273e+00 1.431208740000000034e+04 1.431781660000000011e+04
5.999999999999999778e-02 3.548416214822661452e+00 1.431150770000000011e+04 1.431635579999999936e+04
6.600000000000000311e-02 3.014533384822661422e+00 1.431109130000000005e+04 1.431523060000000078e+04
7.199999999999999456e-02 2.596109614822661449e+00 1.431080379999999968e+04 1.431437720000000081e+04
7.799999999999999989e-02 2.267158104822661446e+00 1.431061189999999988e+04 1.431373300000000017e+04
8.400000000000000522e-02 2.005414324822661243e+00 1.431048730000000069e+04 1.431324380000000019e+04
8.999999999999999667e-02 1.793252374822661421e+00 1.431040819999999985e+04 1.431286650000000009e+04
9.600000000000000200e-02 1.624296944822661404e+00 1.431036349999999948e+04 1.431258339999999953e+04
1.079999999999999988e-01 1.344956284822661496e+00 1.431031300000000010e+04 1.431213919999999962e+04
1.199999999999999956e-01 1.133694214822661417e+00 1.431029989999999998e+04 1.431183050000000003e+04
1.320000000000000062e-01 9.688760058226614236e-01 1.431030659999999989e+04 1.431160839999999916e+04
1.439999999999999891e-01 8.388363238226613783e-01 1.431032519999999931e+04 1.431144739999999911e+04
1.559999999999999998e-01 7.350946218226613871e-01 1.431035050000000047e+04 1.431132910000000084e+04
1.680000000000000104e-01 6.502790138226614003e-01 1.431037759999999980e+04 1.431123849999999948e+04
1.799999999999999933e-01 5.782061978226613608e-01 1.431040250000000015e+04 1.431116359999999986e+04
1.920000000000000040e-01 5.156657088226613839e-01 1.431041979999999967e+04 1.431109569999999985e+04
2.159999999999999976e-01 4.020311458226613621e-01 1.431043519999999990e+04 1.431095980000000054e+04
2.399999999999999911e-01 3.041386498226613666e-01 1.431042360000000008e+04 1.431082320000000072e+04
2.640000000000000124e-01 2.237726218226613883e-01 1.431039639999999963e+04 1.431069800000000032e+04
2.879999999999999782e-01 1.629331478226613839e-01 1.431036839999999938e+04 1.431059699999999975e+04
3.119999999999999996e-01 1.208236118226613809e-01 1.431034540000000015e+04 1.431052089999999953e+04
3.360000000000000209e-01 9.399494902266138097e-02 1.431032530000000042e+04 1.431046270000000004e+04
3.599999999999999867e-01 7.601288312266138436e-02 1.431030960000000050e+04 1.431041970000000038e+04
3.840000000000000080e-01 6.275475562266139007e-02 1.431029620000000068e+04 1.431038819999999942e+04
4.319999999999999951e-01 4.754828012266138632e-02 1.431026679999999942e+04 1.431033599999999933e+04
4.799999999999999822e-01 3.672090262266138744e-02 1.431023669999999947e+04 1.431029459999999926e+04
5.280000000000000249e-01 2.675509352266138355e-02 1.431020540000000074e+04 1.431025480000000061e+04
5.759999999999999565e-01 2.329126792266138571e-02 1.431016909999999916e+04 1.431021429999999964e+04
6.239999999999999991e-01 1.991739692266138520e-02 1.431012889999999970e+04 1.431016539999999986e+04
6.720000000000000417e-01 1.517716662266138487e-02 1.431009699999999975e+04 1.431012039999999979e+04
7.199999999999999734e-01 1.506410942266138246e-02 1.431006240000000071e+04 1.431008070000000043e+04
7.680000000000000160e-01 1.339136452266138401e-02 1.431003210000000036e+04 1.431004709999999977e+04
8.639999999999999902e-01 5.061874612661384359e-03 1.430997140000000036e+04 1.430997719999999936e+04
9.599999999999999645e-01 4.714486772661383163e-03 1.430990810000000056e+04 1.430991309999999976e+04
1.056000000000000050e+00 2.918239142661383564e-03 1.430985879999999997e+04 1.430986570000000029e+04
1.151999999999999913e+00 2.228738312661383402e-03 1.430980190000000039e+04 1.430980489999999918e+04
1.247999999999999998e+00 2.742927802661384012e-03 1.430975180000000000e+04 1.430975699999999961e+04
1.344000000000000083e+00 3.771618932661383473e-03 1.430970130000000063e+04 1.430971210000000065e+04
1.439999999999999947e+00 4.465781142661382971e-03 1.430966029999999955e+04 1.430967070000000058e+04
1.536000000000000032e+00 4.891650592661384370e-03 1.430962210000000050e+04 1.430963110000000052e+04
1.727999999999999980e+00 4.090364562661383610e-03 1.430954219999999987e+04 1.430955459999999948e+04
1.919999999999999929e+00 -1.108675787338616334e-03 1.430946670000000086e+04 1.430946320000000014e+04
2.112000000000000099e+00 -5.921013787338616323e-03 1.430940329999999994e+04 1.430939799999999923e+04
2.303999999999999826e+00 -3.283032961338616315e-03 1.430934569999999985e+04 1.430934590000000026e+04
2.495999999999999996e+00 3.061085726613834053e-04 1.430929000000000087e+04 1.430929670000000078e+04
2.688000000000000167e+00 1.025207442661383445e-03 1.430924309999999969e+04 1.430924959999999919e+04
2.879999999999999893e+00 1.896171142661383455e-03 1.430919679999999971e+04 1.430920199999999932e+04
3.072000000000000064e+00 -1.326581357338616450e-03 1.430916229999999996e+04 1.430915890000000036e+04
3.455999999999999961e+00 1.423373042661383453e-03 1.430909540000000015e+04 1.430909230000000025e+04
3.839999999999999858e+00 6.610295326613837945e-04 1.430904180000000088e+04 1.430904629999999997e+04
4.224000000000000199e+00 1.821912226613836387e-04 1.430899500000000080e+04 1.430899829999999929e+04
4.607999999999999652e+00 -4.375489877338616454e-03 1.430895969999999943e+04 1.430895859999999993e+04
4.991999999999999993e+00 -8.649842573386164104e-04 1.430893059999999969e+04 1.430893699999999990e+04
5.376000000000000334e+00 -2.839006673386163492e-04 1.430890929999999935e+04 1.430891200000000026e+04
5.759999999999999787e+00 -1.814933926338616402e-03 1.430889010000000053e+04 1.430889400000000023e+04
6.144000000000000128e+00 -2.575927773338616226e-03 1.430887910000000011e+04 1.430888179999999920e+04
6.911999999999999922e+00 3.179006982661383967e-03 1.430885469999999987e+04 1.430886119999999937e+04
7.679999999999999716e+00 1.702154812661383926e-03 1.430883170000000064e+04 1.430883259999999973e+04
8.448000000000000398e+00 2.630677462661383265e-03 1.430882140000000072e+04 1.430882840000000033e+04
9.215999999999999304e+00 -8.789022473386163669e-04 1.430880949999999939e+04 1.430881060000000070e+04
9.983999999999999986e+00 -1.180100747338616455e-03 1.430880500000000029e+04 1.430880669999999918e+04
1.075200000000000067e+01 -1.585721979338616285e-03 1.430880190000000039e+04 1.430879989999999998e+04
1.151999999999999957e+01 4.281412926613837808e-04 1.430879800000000068e+04 1.430879999999999927e+04
1.228800000000000026e+01 7.757407526613837624e-04 1.430880279999999948e+04 1.430880229999999938e+04
1.382399999999999984e+01 -7.696488173386164394e-04 1.430880689999999959e+04 1.430880730000000040e+04
1.535999999999999943e+01 5.451039926613835546e-04 1.430881279999999970e+04 1.430881329999999980e+04
1.689600000000000080e+01 -1.545931994338616390e-03 1.430881450000000041e+04 1.430881019999999990e+04
1.843199999999999861e+01 -2.062782573386164053e-04 1.430881580000000031e+04 1.430881450000000041e+04
1.996799999999999997e+01 -3.990349673386162609e-04 1.430881600000000071e+04 1.430882040000000052e+04
2.150400000000000134e+01 5.227695226613835421e-04 1.430879969999999958e+04 1.430880240000000049e+04
2.303999999999999915e+01 1.223729626613836996e-04 1.430880750000000080e+04 1.430880719999999928e+04
2.457600000000000051e+01 3.974718226613833949e-04 1.430881190000000061e+04 1.430881450000000041e+04
2.764799999999999969e+01 1.033585122661383714e-03 1.430881730000000061e+04 1.430881860000000052e+04
3.071999999999999886e+01 2.436218226613837481e-04 1.430881970000000001e+04 1.430882129999999961e+04
3.379200000000000159e+01 -5.616061873386164922e-04 1.430881060000000070e+04 1.430880960000000050e+04
3.686399999999999721e+01 -7.959312473386163239e-04 1.430880140000000029e+04 1.430880080000000089e+04
3.993599999999999994e+01 -1.060400873386163276e-04 1.430879629999999997e+04 1.430880030000000079e+04
4.300800000000000267e+01 1.020634742661383643e-03 1.430880080000000089e+04 1.430880190000000039e+04
4.607999999999999829e+01 -1.333621573386162447e-04 1.430881179999999949e+04 1.430881220000000030e+04
4.915200000000000102e+01 2.623033226613834777e-04 1.430880459999999948e+04 1.430880650000000060e+04
5.529599999999999937e+01 -3.463736773386162648e-04 1.430880489999999918e+04 1.430880570000000080e+04
6.143999999999999773e+01 -8.414686773386163485e-04 1.430880700000000070e+04 1.430880949999999939e+04
6.758400000000000318e+01 9.536902726613835819e-04 1.430880750000000080e+04 1.430881019999999990e+04
7.372799999999999443e+01 -3.768076973386163750e-04 1.430879910000000018e+04 1.430879999999999927e+04
7.987199999999999989e+01 8.257698026613836083e-04 1.430880290000000059e+04 1.430880500000000029e+04
8.601600000000000534e+01 1.263302826613834674e-04 1.430879130000000077e+04 1.430879229999999916e+04
9.215999999999999659e+01 4.325491026613836887e-04 1.430878820000000087e+04 1.430878809999999976e+04
9.830400000000000205e+01 -8.649575733861653362e-05 1.430879379999999946e+04 1.430879429999999957e+04
1.105919999999999987e+02 -2.176461173386164127e-04 1.430879119999999966e+04 1.430879240000000027e+04
1.228799999999999955e+02 3.490601726613834499e-04 1.430879010000000017e+04 1.430879099999999926e+04
1.351680000000000064e+02 -1.874894373386165949e-04 1.430880279999999948e+04 1.430880479999999989e+04
1.474559999999999889e+02 -4.636107173386166090e-04 1.430880340000000069e+04 1.430880500000000029e+04
1.597439999999999998e+02 -5.358425973386164200e-04 1.430880199999999968e+04 1.430880429999999978e+04
1.720320000000000107e+02 -1.978311873386162829e-04 1.430880580000000009e+04 1.430880769999999939e+04
1.843199999999999932e+02 2.975285226613833857e-04 1.430880719999999928e+04 1.430881029999999919e+04
1.966080000000000041e+02 5.238216266138361749e-05 1.430880739999999969e+04 1.430880960000000050e+04
2.211839999999999975e+02 1.626612526613837109e-04 1.430882489999999962e+04 1.430882749999999942e+04
2.457599999999999909e+02 9.747466266138340302e-05 1.430881550000000061e+04 1.430881830000000082e+04
2.703360000000000127e+02 1.597018826613835936e-04 1.430881869999999981e+04 1.430882049999999981e+04
2.949119999999999777e+02 -8.596177733861650253e-05 1.430882459999999992e+04 1.430882560000000012e+04
3.194879999999999995e+02 3.214675326613835107e-04 1.430883810000000085e+04 1.430884070000000065e+04
3.440640000000000214e+02 5.214446226613836388e-04 1.430884850000000006e+04 1.430885059999999976e+04
3.686399999999999864e+02 -8.647288733861641097e-05 1.430885570000000007e+04 1.430885699999999997e+04
3.932160000000000082e+02 -1.966919073386162731e-04 1.430886030000000028e+04 1.430886110000000008e+04
4.423679999999999950e+02 4.635502266138371436e-05 1.430885360000000037e+04 1.430885570000000007e+04
4.915199999999999818e+02 1.275935266138337673e-05 1.430884879999999976e+04 1.430885039999999935e+04
5.406720000000000255e+02 2.371701026613833897e-04 1.430887080000000060e+04 1.430887299999999959e+04
5.898239999999999554e+02 4.648729026613834282e-04 1.430888780000000042e+04 1.430889010000000053e+04
6.389759999999999991e+02 -2.147815973386163306e-04 1.430889480000000003e+04 1.430889650000000074e+04
6.881280000000000427e+02 1.675564326613834115e-04 1.430890129999999954e+04 1.430890279999999984e+04
7.372799999999999727e+02 1.563346226613835516e-04 1.430889010000000053e+04 1.430889190000000053e+04
7.864320000000000164e+02 -1.037485733861639309e-05 1.430885280000000057e+04 1.430885479999999916e+04
8.847359999999999900e+02 5.462177266138358231e-05 1.430884640000000036e+04 1.430884779999999955e+04
9.830399999999999636e+02 -3.428484733861624986e-05 1.430885859999999957e+04 1.430886009999999987e+04
1.081339999999999918e+03 -7.281620733861661476e-05 1.430883050000000003e+04 1.430883250000000044e+04
1.179650000000000091e+03 1.887614026613838002e-04 1.430881149999999980e+04 1.430881329999999980e+04
1.277950000000000045e+03 2.295772661383473773e-06 1.430880309999999918e+04 1.430880489999999918e+04
1.376259999999999991e+03 -1.245879373386162350e-04 1.430880789999999979e+04 1.430880919999999969e+04
1.474559999999999945e+03 -5.415860733861636162e-05 1.430881090000000040e+04 1.430881270000000040e+04
1.572859999999999900e+03 -1.889375573386163631e-04 1.430882419999999911e+04 1.430882569999999942e+04
1.769470000000000027e+03 -1.709632733861658066e-05 1.430883760000000075e+04 1.430883929999999964e+04
1.966079999999999927e+03 5.544285266138350432e-05 1.430888040000000001e+04 1.430888210000000072e+04
2.162690000000000055e+03 -9.432164733861637951e-05 1.430892109999999957e+04 1.430892250000000058e+04
2.359300000000000182e+03 5.558963266138377060e-05 1.430891660000000047e+04 1.430891799999999967e+04
2.555900000000000091e+03 -6.771517338616424297e-06 1.430895889999999963e+04 1.430896069999999963e+04
2.752510000000000218e+03 -1.891444573386162273e-04 1.430899860000000081e+04 1.430900009999999929e+04
2.949119999999999891e+03 -6.923763733861654918e-05 1.430899359999999979e+04 1.430899500000000080e+04
3.145730000000000018e+03 -5.745207338616470372e-06 1.430901120000000083e+04 1.430901269999999931e+04
3.538940000000000055e+03 4.984404266138338369e-05 1.430898439999999937e+04 1.430898630000000048e+04
3.932159999999999854e+03 -1.260519273386163409e-04 1.430894650000000001e+04 1.430894789999999921e+04
4.325380000000000109e+03 -1.725367733861624467e-05 1.430894030000000021e+04 1.430894199999999910e+04
4.718590000000000146e+03 1.691944526613837520e-04 1.430889660000000003e+04 1.430889840000000004e+04
5.111810000000000400e+03 2.060550126613837872e-04 1.430887210000000050e+04 1.430887390000000050e+04
5.505020000000000437e+03 1.454225726613836769e-04 1.430884749999999985e+04 1.430884920000000056e+04
5.898239999999999782e+03 2.410625526613834578e-04 1.430886319999999978e+04 1.430886520000000019e+04
6.291460000000000036e+03 1.235832026613837946e-04 1.430876130000000012e+04 1.430876319999999942e+04
7.077890000000000327e+03 4.923960266138343797e-05 1.430880450000000019e+04 1.430880630000000019e+04
7.864319999999999709e+03 6.588873266138344301e-05 1.430880810000000019e+04 1.430880980000000091e+04
8.650750000000000000e+03 1.604472226613834485e-04 1.430882279999999992e+04 1.430882450000000063e+04
9.437180000000000291e+03 8.266059266138353623e-05 1.430887080000000060e+04 1.430887240000000020e+04
1.022360000000000036e+04 -6.439399733861646963e-05 1.430886199999999917e+04 1.430886340000000018e+04
1.101000000000000000e+04 1.195040026613835779e-04 1.430889099999999962e+04 1.430889279999999962e+04
1.179650000000000000e+04 6.334827266138345209e-05 1.430906830000000082e+04 1.430906999999999971e+04
1.258289999999999964e+04 8.737198266138340372e-05 1.430910989999999947e+04 1.430911169999999947e+04
1.415579999999999927e+04 7.601060266138352436e-05 1.430928340000000026e+04 1.430928520000000026e+04
1.572860000000000036e+04 7.360631266138369447e-05 1.430929769999999917e+04 1.430929939999999988e+04
1.730150000000000000e+04 5.083638266138376660e-05 1.430933090000000084e+04 1.430933250000000044e+04
1.887440000000000146e+04 1.504864726613835794e-04 1.430944100000000071e+04 1.430944280000000072e+04
2.044720000000000073e+04 8.457367266138373849e-05 1.430940079999999944e+04 1.430940250000000015e+04
2.202009999999999854e+04 8.185336266138378350e-05 1.430940550000000076e+04 1.430940719999999965e+04
2.359300000000000000e+04 4.428428266138378575e-05 1.430939400000000023e+04 1.430939569999999912e+04
2.516579999999999927e+04 1.069597626613834861e-04 1.430917050000000017e+04 1.430917230000000018e+04
2.831159999999999854e+04 6.762397266138345589e-05 1.430911859999999979e+04 1.430912030000000050e+04
3.145729999999999927e+04 1.110179226613836403e-04 1.430887069999999949e+04 1.430887240000000020e+04
3.460300000000000000e+04 4.715889266138344887e-05 1.430901560000000063e+04 1.430901720000000023e+04
3.774869999999999709e+04 9.274443266138378966e-05 1.430907870000000003e+04 1.430908050000000003e+04
4.089450000000000000e+04 7.476312266138348053e-05 1.430917900000000009e+04 1.430918059999999969e+04
4.404019999999999709e+04 1.225388826613833804e-04 1.430937030000000050e+04 1.430937219999999979e+04
4.718590000000000146e+04 7.275782266138357615e-05 1.430935659999999916e+04 1.430935820000000058e+04
5.033159999999999854e+04 7.123798266138372387e-05 1.430916569999999956e+04 1.430916729999999916e+04
5.662309999999999854e+04 1.622618926613835291e-04 1.430905659999999989e+04 1.430905849999999919e+04
6.291459999999999854e+04 1.213513326613836936e-04 1.430908829999999944e+04 1.430909000000000015e+04
6.920600000000000000e+04 6.380554266138338884e-05 1.430924879999999939e+04 1.430925040000000081e+04
7.549750000000000000e+04 1.016079826613837736e-04 1.430940049999999974e+04 1.430940229999999974e+04
8.178889999999999418e+04 6.302438266138354894e-05 1.430877059999999983e+04 1.430877239999999983e+04
8.808039999999999418e+04 8.030184266138344976e-05 1.430868540000000030e+04 1.430868709999999919e+04
9.437180000000000291e+04 1.488684266138379231e-05 1.430857550000000083e+04 1.430857710000000043e+04
1.006630000000000000e+05 3.655542266138350413e-05 1.430800809999999910e+04 1.430800970000000052e+04
1.132460000000000000e+05 9.054198266138365966e-05 1.430715740000000005e+04 1.430715910000000076e+04
1.258290000000000000e+05 3.256642661383403470e-06 1.430685050000000047e+04 1.430685210000000006e+04
1.384120000000000000e+05 -7.534301733861650460e-05 1.430585130000000026e+04 1.430585269999999946e+04
1.509950000000000000e+05 -1.253192173386163261e-04 1.430499489999999969e+04 1.430499619999999959e+04
1.635780000000000000e+05 -1.278343073386162092e-04 1.430637349999999969e+04 1.430637459999999919e+04
1.761610000000000000e+05 -4.803353073386164990e-04 1.430090200000000004e+04 1.430090270000000055e+04
