0.06 0.005066321813471912
0.138 0.023103670937716588
0.24 0.057435942340159855
0.372 0.11077929039284323
0.542 0.1844663207421438
0.766 0.285809117377928
1.054 0.4200562351719954
1.432 0.6004016233325667
1.92 0.8399944678261853
2.5580000000000003 1.163946420763811
3.384 1.5892989751671573
4.46 2.142530265175236
5.8580000000000005 2.872425722860473
7.674 3.8270306979471638
10.038 5.075936927313513
13.108 6.6840315782209
17.1 8.838320431311665
22.292 11.614595703450954
29.038 15.207278367280535
37.81 19.83846734302114
49.212 25.91849950217439
64.036 33.617693729224534
83.308 43.79505387681464
108.36 57.149168134282654
140.928 74.25482848690689
183.266 96.75161329680178
238.306 126.02898156217236
309.858 164.10371820895574
402.87600000000003 212.9247355809826
523.8 276.8203920958298
680.998 361.59597662553074
885.3580000000001 469.1730852622787
1151.026 610.0527182535407
1496.394 793.7467025972326
1945.372 1034.5311601477615
2529.044 1342.4586743371253
3287.8160000000003 1746.7546500580488
4274.222 2263.573428342101
5556.548 2967.087009462006
5556.7480000000005 2967.2114749476755
11113.496000000001 5933.229353195375
16670.244 8899.868003815182
22226.992000000002 11877.84611451503
27783.74 14870.256471694618
33340.488 17844.629546365184
38897.236000000004 20844.818178762518
44453.984000000004 23807.974280152685
50010.732 26743.641996367816
55567.48 29680.231950936344
61124.228 32614.5905864235
66680.976 35586.18564211703
72237.724 38593.646491004976
77794.47200000001 41590.47271317756
83351.22 44633.19898200537
88907.96800000001 47696.51488738272
94464.716 50745.312016576194
100021.464 53813.21495791139
105578.212 56880.048770538335
111134.96 59939.298934167884
116691.708 63022.874375533516
122248.456 66144.38903004926
127805.204 69326.7560153357
133361.952 72507.10045031137
138918.7 75721.21768377273
144475.448 78962.33164782167
150032.196 82220.56720239142
155588.94400000002 85413.9381967004
161145.692 88615.04367132549
166702.44 91827.3328519251
172259.188 95091.19437046832
177815.93600000002 98368.35650677506
183372.684 101547.77325900813
188929.432 104824.38030817399
194486.18 108046.26083128962
200042.928 111328.62643475104
205599.676 114634.26252625401
211156.424 117881.14063231558
216713.172 121130.49606192442
222269.92 124143.06575760062
227826.668 126993.63276554731
233383.416 129772.46356881855
238940.16400000002 132825.58573053454
