0.06 0.0029323821978622026
0.138 0.011642505275637994
0.24 0.026191477983279227
0.372 0.047910491483947604
0.542 0.07526803207005296
0.766 0.10856052682996568
1.054 0.14762556784863506
1.432 0.1962013397742242
1.92 0.2571466534480889
2.5580000000000003 0.33173415153438257
3.384 0.4244195335847162
4.46 0.5397468820256826
5.8580000000000005 0.6840097620758526
7.674 0.8732289616354073
10.038 1.121772790588695
13.108 1.4456935697700244
17.1 1.8613030230801064
22.292 2.399470541374374
29.038 3.0903285065406676
37.81 3.9916908010724006
49.212 5.177795343303623
64.036 6.706057433201478
83.308 8.665315564326807
108.36 11.282288158917048
140.928 14.700035935351487
183.266 19.248550646009548
238.306 24.992352871352075
309.858 32.544247583118015
402.87600000000003 42.34460912375678
523.8 54.845390720869275
680.998 71.48386095742084
885.3580000000001 92.48267837530933
1151.026 120.47683746238178
1496.394 156.82098889680256
1945.372 203.3395664926534
2529.044 264.40431836718403
3287.8160000000003 343.9414097522195
4274.222 447.3894072850934
5556.548 580.7155912470766
5556.7480000000005 580.7171086749959
11113.496000000001 1160.5803171084988
16670.244 1741.627592350678
22226.992000000002 2322.7193333399237
27783.74 2901.5508276116334
33340.488 3481.4465697748337
38897.236000000004 4062.187962417043
44453.984000000004 4645.064764117706
50010.732 5228.043685017336
55567.48 5809.528958378741
61124.228 6392.978007712289
66680.976 6976.507802248966
72237.724 7562.354743706366
77794.47200000001 8140.595848099959
83351.22 8720.502026959033
88907.96800000001 9303.716897713513
94464.716 9887.646199233848
100021.464 10474.374711552782
105578.212 11057.865345055512
111134.96 11637.783450142648
116691.708 12222.592149492046
122248.456 12801.557493873039
127805.204 13371.26799300614
133361.952 13941.89196940905
138918.7 14517.504328726125
144475.448 15098.988695286687
150032.196 15671.40559919299
155588.94400000002 16248.389907872224
161145.692 16825.555205788583
166702.44 17415.940018666235
172259.188 18011.72137035688
177815.93600000002 18610.791440124216
183372.684 19209.378440525008
188929.432 19813.89635667314
194486.18 20418.442678445655
200042.928 21019.964688957596
205599.676 21619.31245744197
211156.424 22227.19397794979
216713.172 22832.07786754823
222269.92 23430.39494708566
227826.668 24013.311575583648
233383.416 24608.31065513947
238940.16400000002 25203.592596356677
244496.912 25798.055752228498
250053.66 26400.61105133127
255610.408 27006.873882339158
261167.15600000002 27620.460955548337
266723.904 28220.331650169115
272280.652 28818.593983654875
277837.4 29409.57098157754
283394.148 29988.594694568226
288950.896 30568.551556671377
294507.64400000003 31157.682816749064
300064.392 31745.809688171314
305621.14 32325.673710581752
311177.88800000004 32917.9399003575
316734.636 33518.35642268403
322291.384 34110.07794280682
327848.132 34708.894903738874
333404.88 35311.62631394207
338961.628 35926.449392118986
344518.376 36504.88975167314
350075.124 37082.38511243211
355631.87200000003 37678.221490219854
361188.62 38299.429593269306
366745.368 38930.85655767176
372302.116 39540.99982308754
377858.864 40095.6056305003
383415.612 40750.37225641631
388972.36 41362.239007900425
394529.108 42100.83779195565
