1.783364452739137165e-05 1.981695539101269599e-05
2.136548308856212695e-05 7.887289089657993722e-05
2.559677955375326230e-05 2.025747920438017902e-04
3.066605706070808129e-05 1.331060130727536230e-04
3.673927236337478215e-05 3.351476393434060249e-05
4.401524888309428025e-05 2.201990964374197059e-04
5.273218574062059995e-05 1.107251449542468965e-05
6.317545586005619612e-05 2.775235255033756294e-04
7.568694843709958882e-05 1.092337074743118298e-04
9.067626162302277646e-05 8.435882792027016362e-06
1.086341118476983703e-04 -6.582888269757720240e-05
1.301483987727815751e-04 3.019286907729210956e-04
1.559234518055101096e-04 -2.865350141241729482e-05
1.868030882607348551e-04 2.572652996809062951e-04
2.237982380435905231e-04 1.952175506734088613e-04
2.681200392228388451e-04 1.440197215001165804e-05
3.212194879695813837e-04 -1.849962023598780291e-04
3.848349409112377262e-04 2.128867058735818291e-04
4.610490250211105056e-04 -1.141056280091645345e-06
5.523568181454331779e-04 -3.409944586862793969e-04
6.617475322451373595e-04 1.518864909711290434e-04
7.928023734781332972e-04 3.748617423868168307e-04
9.498117828412663702e-04 3.386690616444164520e-04
1.137915895567115452e-03 3.724630998882999576e-04
1.363272817600649301e-03 2.683036914033994948e-04
1.633260228149434551e-03 5.708582389523791933e-04
1.956716908321835553e-03 7.906679193262397521e-06
2.344232102958094654e-03 2.536129980614705570e-04
2.808492188710344766e-03 6.679385857280052425e-04
3.364695997505505291e-03 -2.599945560446877157e-04
4.031052392147918551e-03 4.700047556567691948e-04
4.829376383568766834e-03 1.026295517228555760e-04
5.785803305261514803e-03 5.080004747520320543e-04
6.931644425369398385e-03 3.787051832046902560e-04
8.304412007242075594e-03 1.573068707163193186e-04
9.949047376640537260e-03 2.324456389515048389e-04
1.191939219975077582e-02 1.734130076151342461e-04
1.427995113834232450e-02 2.257657286515596558e-03
1.710800358744030483e-02 1.308554458794748958e-04
2.049613362905708044e-02 5.069308424764327461e-04
2.455526102698339305e-02 3.401800219835746141e-05
2.941827249059695074e-02 8.351724051861417111e-04
3.524437208710595043e-02 1.940963903616905019e-03
4.222429322494752890e-02 1.598420895728544858e-03
5.058654283696582821e-02 5.010211282202312391e-03
6.060488218389501608e-02 2.395519086106642249e-03
7.260728918284178879e-02 6.698407848775270526e-03
8.698669566726323354e-02 8.144636534391586774e-03
1.042138510922011874e-01 8.298328222992699607e-03
1.248527338135775461e-01 1.169111105707368835e-02
1.495790144721999004e-01 1.278876238101389097e-02
1.792021759321816288e-01 1.782073408388573643e-02
2.146920139308514941e-01 1.971082140199856281e-02
2.572103860118786778e-01 3.132424302520558229e-02
3.081492481303358955e-01 3.567633465071690102e-02
3.691762241626821428e-01 4.835543302771198176e-02
4.422892001650091109e-01 5.598246704218000358e-02
5.298817306728854648e-01 6.705563443257578360e-02
6.348213982980841497e-01 7.691512750439295776e-02
7.605436919392877249e-01 8.485355335976617341e-02
9.111644769684296152e-01 9.375530135588540370e-02
1.091614739413848678e+00 1.085657142803358177e-01
1.307802015361988701e+00 1.205745536658126421e-01
1.566803790413518138e+00 1.417128979503178288e-01
1.877099200657428302e+00 2.093429461067591590e-01
2.248846620532375162e+00 3.192201740852601000e-01
2.694216225177998414e+00 4.972570297852408339e-01
3.227788414620279767e+00 6.738352360329309398e-01
3.867031143303493401e+00 8.413816038610747450e-01
4.632871781664883670e+00 9.805548058265978195e-01
5.550382231215015061e+00 1.094506660048865987e+00
6.649599722251863909e+00 1.190053246390566200e+00
7.966510165281469824e+00 1.227407415259678336e+00
9.544226248860709916e+00 1.071011729026118298e+00
1.143439885213818208e+01 4.682757559472840447e-01
1.369890797856829856e+01 -8.163430342013067165e-01
1.641188856816823005e+01 -2.128639511631169601e+00
1.966215750885866242e+01 -3.318540714257408042e-01
2.355612130178607799e+01 8.398178101359871306e+00
2.822125957105455996e+01 2.355766422240248659e+01
3.381029846014812534e+01 3.006838538669505212e+01
4.050621054266346022e+01 2.757342636939744551e+01
4.852820493319574524e+01 2.663987260136894264e+01
5.813890370114581430e+01 2.638078442317273797e+01
6.965293952711030556e+01 2.522238639636742263e+01
8.344725606980564692e+01 2.366978556694576241e+01
9.997344825439016347e+01 2.228255987457002263e+01
1.197725464754935416e+02 2.196691357067352968e+01
1.434927287165400287e+02 2.154128017527182237e+01
1.719105404403459829e+02 2.119920287638786505e+01
2.059563169425278772e+02 2.105216897905219042e+01
2.467446404384391201e+02 2.095763109175028660e+01
2.956108289802248805e+02 2.123026691942182254e+01
3.541546517691353984e+02 2.078472922416747792e+01
4.242927020041872765e+02 2.069126735257238181e+01
5.083211418365539203e+02 2.115892806345705068e+01
6.089908735584803026e+02 2.079623555617317976e+01
7.295975979625329728e+02 2.068557227000515297e+01
8.740897081794768155e+02 2.068251922361256945e+01
1.047197551196597942e+03 2.076592741161172029e+01
