0 2.17855321e+01  1.43866089e+03  1.46231264e+03
0.006 2.15431699e+01  1.43845348e+03  1.46185249e+03
0.012 2.08285254e+01  1.43784151e+03  1.46049502e+03
0.018 1.96772452e+01  1.43685391e+03  1.45830556e+03
0.024 1.81445189e+01  1.43553519e+03  1.45538496e+03
0.03 1.62999248e+01  1.43394118e+03  1.45186019e+03
0.036 1.42214736e+01  1.43213416e+03  1.44787350e+03
0.042 1.19896875e+01  1.43017802e+03  1.44357162e+03
0.048 9.68239378e+00  1.42813418e+03  1.43909639e+03
0.054 7.37067300e+00  1.42605845e+03  1.43457752e+03
0.06 5.11614957e+00  1.42399916e+03  1.43012784e+03
0.066 2.96960154e+00  1.42199640e+03  1.42584107e+03
0.072 9.70718712e-01  1.42008219e+03  1.42179167e+03
0.078 -8.51247423e-01  1.41828139e+03  1.41803631e+03
0.084 -2.47622934e+00  1.41661293e+03  1.41461625e+03
0.09 -3.89176438e+00  1.41509121e+03  1.41156034e+03
0.096 -5.03681813e+00  1.41376911e+03  1.40898681e+03
0.108 -6.78379448e+00  1.41155278e+03  1.40483911e+03
0.12 -7.67845197e+00  1.41005538e+03  1.40231109e+03
0.132 -7.76373208e+00  1.40930819e+03  1.40139172e+03
0.144 -7.10712687e+00  1.40930911e+03  1.40200766e+03
0.156 -5.80858629e+00  1.41000800e+03  1.40400212e+03
0.168 -4.01041521e+00  1.41129830e+03  1.40711784e+03
0.18 -1.89951219e+00  1.41302086e+03  1.41100028e+03
0.192 2.69239932e-01  1.41498903e+03  1.41520211e+03
0.216 3.96669888e+00  1.41873567e+03  1.42278771e+03
0.24 5.83000214e+00  1.42137841e+03  1.42742821e+03
0.264 5.57393159e+00  1.42238084e+03  1.42826860e+03
0.288 3.89192406e+00  1.42191095e+03  1.42614654e+03
0.312 1.79455739e+00  1.42050650e+03  1.42261073e+03
0.336 4.82383183e-02  1.41879172e+03  1.41907708e+03
0.36 -9.81724704e-01  1.41730086e+03  1.41647673e+03
0.384 -1.12586714e+00  1.41648417e+03  1.41545336e+03
0.432 -4.76288533e-01  1.41605800e+03  1.41559501e+03
0.48 2.38723847e-01  1.41660626e+03  1.41684244e+03
0.528 2.94898355e-01  1.41712598e+03  1.41744690e+03
0.576 2.95105061e-01  1.41747548e+03  1.41785642e+03
0.624 4.13278993e-01  1.41766875e+03  1.41823302e+03
0.672 3.71430881e-01  1.41753179e+03  1.41806663e+03
0.72 7.52753355e-02  1.41705310e+03  1.41723939e+03
0.768 -1.05144829e-01  1.41671391e+03  1.41667318e+03
0.864 9.48135919e-02  1.41691853e+03  1.41710685e+03
0.96 1.03402663e-01  1.41704380e+03  1.41727077e+03
1.056 -4.39249147e-02  1.41676872e+03  1.41680324e+03
1.152 4.39592229e-02  1.41687256e+03  1.41701289e+03
1.248 8.36673892e-04  1.41678840e+03  1.41687156e+03
1.344 2.14219988e-02  1.41679606e+03  1.41689812e+03
1.44 1.96116128e-02  1.41677565e+03  1.41687245e+03
1.536 2.64177175e-02  1.41674714e+03  1.41684521e+03
1.728 4.70459980e-02  1.41671914e+03  1.41682206e+03
1.92 6.37148224e-02  1.41669748e+03  1.41680260e+03
2.112 8.41792637e-02  1.41667078e+03  1.41678781e+03
2.304 9.17688190e-02  1.41665724e+03  1.41677576e+03
2.496 1.00966892e-01  1.41665417e+03  1.41677391e+03
2.688 1.02013585e-01  1.41663761e+03  1.41675807e+03
2.88 9.95621035e-02  1.41664346e+03  1.41675942e+03
3.072 9.30801971e-02  1.41663113e+03  1.41674269e+03
3.456 7.60980411e-02  1.41662136e+03  1.41672100e+03
3.84 6.26483718e-02  1.41661500e+03  1.41669883e+03
4.224 5.42982750e-02  1.41660823e+03  1.41668833e+03
4.608 5.02214142e-02  1.41659250e+03  1.41666336e+03
4.992 4.55132994e-02  1.41658200e+03  1.41664393e+03
5.376 4.51440473e-02  1.41657009e+03  1.41663080e+03
5.76 4.42399388e-02  1.41656075e+03  1.41661916e+03
6.144 4.18843324e-02  1.41655427e+03  1.41660781e+03
6.912 3.48896162e-02  1.41654660e+03  1.41659214e+03
7.68 3.27030357e-02  1.41653259e+03  1.41657543e+03
8.448 2.82646993e-02  1.41652926e+03  1.41657006e+03
9.216 2.81643924e-02  1.41652141e+03  1.41655877e+03
9.984 2.29477613e-02  1.41651783e+03  1.41654637e+03
10.752 2.25012594e-02  1.41651229e+03  1.41653895e+03
11.52 1.99383345e-02  1.41650500e+03  1.41653257e+03
12.288 1.84966063e-02  1.41649739e+03  1.41652442e+03
13.824 1.73167012e-02  1.41649943e+03  1.41652196e+03
15.36 1.40523504e-02  1.41649398e+03  1.41651370e+03
16.896 1.11583163e-02  1.41648971e+03  1.41650397e+03
18.432 1.03459384e-02  1.41648666e+03  1.41649991e+03
19.968 9.41462621e-03  1.41649163e+03  1.41650313e+03
21.504 9.48887943e-03  1.41648328e+03  1.41649620e+03
23.04 8.34842044e-03  1.41648702e+03  1.41649694e+03
24.576 7.51045310e-03  1.41648446e+03  1.41649388e+03
27.648 5.33337791e-03  1.41648838e+03  1.41649573e+03
30.72 4.93089050e-03  1.41648078e+03  1.41648594e+03
33.792 4.04053991e-03  1.41648658e+03  1.41649104e+03
36.864 3.56861671e-03  1.41648265e+03  1.41648826e+03
39.936 3.72289499e-03  1.41648481e+03  1.41648964e+03
43.008 2.50277928e-03  1.41648531e+03  1.41648791e+03
46.08 1.72193685e-03  1.41648701e+03  1.41648928e+03
49.152 1.25766968e-03  1.41648675e+03  1.41648662e+03
55.296 6.17603913e-04  1.41648508e+03  1.41648573e+03
61.44 1.40378255e-03  1.41648584e+03  1.41648867e+03
67.584 7.45670950e-04  1.41648659e+03  1.41648908e+03
73.728 -4.06031513e-04  1.41648705e+03  1.41648638e+03
79.872 5.76384360e-04  1.41648424e+03  1.41648332e+03
86.016 -4.51038158e-04  1.41648689e+03  1.41648626e+03
92.16 2.75540448e-04  1.41648388e+03  1.41648506e+03
98.304 1.32036623e-04  1.41648727e+03  1.41648804e+03
110.592 6.01500628e-04  1.41648724e+03  1.41648684e+03
122.88 -6.78834698e-05  1.41648968e+03  1.41648836e+03
135.168 8.33430277e-04  1.41648773e+03  1.41648843e+03
147.456 -2.31823251e-04  1.41648521e+03  1.41648555e+03
159.744 8.31652676e-04  1.41648783e+03  1.41648923e+03
172.032 6.22637450e-04  1.41648608e+03  1.41648570e+03
184.32 -5.49069620e-04  1.41648391e+03  1.41648246e+03
196.608 -3.88105698e-04  1.41648550e+03  1.41648469e+03
221.184 -1.76171179e-04  1.41648305e+03  1.41648230e+03
245.76 -2.00271465e-04  1.41648770e+03  1.41648660e+03
270.336 8.32207346e-04  1.41648750e+03  1.41648896e+03
294.912 2.10648515e-04  1.41648238e+03  1.41648308e+03
319.488 3.65940839e-04  1.41648505e+03  1.41648472e+03
344.064 -2.35165047e-04  1.41648813e+03  1.41648841e+03
368.64 -3.26634251e-04  1.41648568e+03  1.41648554e+03
393.216 -5.17632611e-04  1.41649124e+03  1.41649059e+03
442.368 4.00073659e-04  1.41649293e+03  1.41649349e+03
491.52 -1.41719201e-04  1.41649380e+03  1.41649365e+03
540.672 4.87422906e-04  1.41649656e+03  1.41649636e+03
589.824 3.46177768e-04  1.41650046e+03  1.41649964e+03
638.976 -3.17615201e-04  1.41650063e+03  1.41650074e+03
688.128 1.90276499e-04  1.41650250e+03  1.41650315e+03
737.28 -4.91735370e-05  1.41649967e+03  1.41649948e+03
786.432 1.11090179e-04  1.41649493e+03  1.41649528e+03
884.736 6.22584603e-04  1.41649081e+03  1.41649172e+03
983.04 3.91045549e-04  1.41648969e+03  1.41649013e+03
1081.34 1.03998940e-04  1.41649028e+03  1.41649049e+03
1179.65 -1.49176511e-05  1.41648935e+03  1.41648910e+03
1277.95 -3.52788091e-04  1.41648967e+03  1.41648906e+03
1376.26 -4.01468407e-04  1.41648834e+03  1.41648775e+03
1474.56 3.43164723e-05  1.41648966e+03  1.41648948e+03
1572.86 1.95982486e-04  1.41649508e+03  1.41649526e+03
1769.47 -3.70172170e-04  1.41649239e+03  1.41649196e+03
1966.08 -9.51101278e-05  1.41649325e+03  1.41649342e+03
2162.69 -2.49240040e-04  1.41649269e+03  1.41649295e+03
2359.3 1.87515211e-04  1.41648835e+03  1.41648884e+03
2555.9 -2.49823737e-05  1.41648400e+03  1.41648401e+03
2752.51 8.44514088e-05  1.41647684e+03  1.41647659e+03
2949.12 2.61684234e-04  1.41647909e+03  1.41647947e+03
3145.73 4.22171441e-05  1.41648290e+03  1.41648290e+03
3538.94 -7.54888390e-06  1.41648447e+03  1.41648453e+03
3932.16 1.72735632e-04  1.41649119e+03  1.41649147e+03
4325.38 -1.71064522e-04  1.41649095e+03  1.41649094e+03
4718.59 -5.25705163e-05  1.41650320e+03  1.41650327e+03
5111.81 -6.87691459e-05  1.41650660e+03  1.41650694e+03
5505.02 -1.59874620e-04  1.41649851e+03  1.41649843e+03
5898.24 1.19991685e-04  1.41650304e+03  1.41650350e+03
6291.46 -3.99179926e-05  1.41650583e+03  1.41650598e+03
7077.89 2.08463117e-05  1.41650931e+03  1.41650948e+03
7864.32 1.05428246e-04  1.41650258e+03  1.41650292e+03
8650.75 1.79292745e-05  1.41649673e+03  1.41649708e+03
9437.18 -1.46106605e-04  1.41649127e+03  1.41649095e+03
10223.6 9.51160139e-05  1.41648903e+03  1.41648948e+03
11010 9.17040296e-05  1.41648659e+03  1.41648662e+03
11796.5 9.47045819e-05  1.41649377e+03  1.41649391e+03
12582.9 3.81065957e-05  1.41649271e+03  1.41649271e+03
14155.8 -5.05039129e-05  1.41648939e+03  1.41648941e+03
15728.6 7.49282995e-05  1.41649580e+03  1.41649595e+03
17301.5 -1.79482765e-06  1.41649015e+03  1.41649018e+03
18874.4 8.00212267e-06  1.41646737e+03  1.41646737e+03
20447.2 2.76494881e-05  1.41644401e+03  1.41644404e+03
22020.1 -3.56046930e-05  1.41644336e+03  1.41644335e+03
23593 3.45418439e-05  1.41645431e+03  1.41645437e+03
25165.8 8.39300621e-06  1.41644297e+03  1.41644297e+03
28311.6 7.43723864e-05  1.41645569e+03  1.41645585e+03
31457.3 -4.18203158e-05  1.41642347e+03  1.41642347e+03
34603 1.05481443e-05  1.41641930e+03  1.41641939e+03
37748.7 -6.99239469e-05  1.41643898e+03  1.41643881e+03
40894.5 2.48972506e-05  1.41642395e+03  1.41642391e+03
44040.2 -6.47360521e-06  1.41641569e+03  1.41641558e+03
47185.9 6.00240465e-05  1.41642214e+03  1.41642224e+03
50331.6 -2.10671905e-05  1.41645247e+03  1.41645245e+03
56623.1 3.67402396e-05  1.41644220e+03  1.41644221e+03
62914.6 -3.83832682e-05  1.41649489e+03  1.41649488e+03
69206 -2.51567613e-05  1.41648815e+03  1.41648810e+03
75497.5 -9.72070174e-06  1.41645411e+03  1.41645417e+03
81788.9 2.69430877e-05  1.41644790e+03  1.41644792e+03
88080.4 2.53384351e-07  1.41647795e+03  1.41647797e+03
94371.8 1.78225000e-06  1.41648614e+03  1.41648613e+03
100663 1.91959693e-05  1.41645532e+03  1.41645534e+03
113246 -4.55013272e-05  1.41651523e+03  1.41651523e+03
125829 -9.55452911e-06  1.41648107e+03  1.41648104e+03
138412 -2.33665232e-05  1.41640229e+03  1.41640214e+03
150995 -1.11169987e-05  1.41646714e+03  1.41646715e+03
163578 1.68546381e-05  1.41654722e+03  1.41654731e+03
176161 7.15371743e-05  1.41647596e+03  1.41647608e+03
188744 1.20623620e-06  1.41651165e+03  1.41651162e+03
201327 7.69844426e-06  1.41632355e+03  1.41632354e+03
226492 3.63098666e-05  1.41631720e+03  1.41631727e+03
251658 -1.52439684e-05  1.41643733e+03  1.41643729e+03
276824 2.19455630e-05  1.41628111e+03  1.41628117e+03
301990 -1.04961730e-04  1.41645340e+03  1.41645309e+03
327156 4.96061053e-05  1.41652204e+03  1.41652220e+03
352322 2.51846874e-05  1.41658829e+03  1.41658843e+03

