1 0.026986506746626688
2 0.018490754622688656
3 0.010494752623688156
4 0.0079960019990005
5 0.0079960019990005
6 0.0029985007496251873
7 0.0034982508745627187
8 0.0009995002498750624
10 0.0004997501249375312
11 0.0004997501249375312
12 0.0009995002498750624
16 0.0004997501249375312
984 0.0004997501249375312
988 0.0009995002498750624
989 0.0004997501249375312
990 0.0004997501249375312
992 0.0009995002498750624
993 0.0034982508745627187
994 0.0029985007496251873
995 0.0079960019990005
996 0.0079960019990005
997 0.011494252873563218
998 0.017491254372813594
999 0.025987006496751622
1000 0.9190404797601199
