1 10.817091454272864
2 1.72063968015992
3 0.41879060469765117
4 0.13143428285857073
5 0.03548225887056472
6 0.01899050474762619
7 0.005497251374312844
8 0.0024987506246876563
9 0.001999000499750125
10 0.0014992503748125937
963 0.0009995002498750624
964 0.0009995002498750624
966 0.0004997501249375312
968 0.0009995002498750624
969 0.0034982508745627187
970 0.0034982508745627187
971 0.006496751624187906
972 0.010994502748625687
973 0.013493253373313344
974 0.01649175412293853
975 0.013993003498250875
976 0.025487256371814093
977 0.02848575712143928
978 0.035982008995502246
979 0.041979010494752625
980 0.050474762618690654
981 0.059470264867566215
982 0.06946526736631684
983 0.0734632683658171
984 0.08195902048975512
985 0.08295852073963018
986 0.07946026986506746
987 0.06746626686656672
988 0.05897051474262868
989 0.051974012993503245
990 0.04297851074462768
991 0.03398300849575212
992 0.018490754622688656
993 0.015492253873063468
994 0.0074962518740629685
995 0.0004997501249375312
996 0.0014992503748125937
