1 3.4612693653173414
2 1.4267866066966517
3 0.6031984007996002
4 0.2478760619690155
5 0.11294352823588207
6 0.05247376311844078
7 0.0239880059970015
8 0.008995502248875561
9 0.004497751124437781
10 0.0014992503748125937
11 0.0024987506246876563
12 0.0004997501249375312
13 0.0004997501249375312
14 0.0014992503748125937
948 0.0004997501249375312
967 0.0004997501249375312
969 0.0004997501249375312
970 0.0009995002498750624
971 0.0009995002498750624
972 0.0014992503748125937
973 0.0024987506246876563
974 0.0009995002498750624
975 0.0029985007496251873
976 0.004497751124437781
977 0.005997001499250375
978 0.005497251374312844
979 0.010494752623688156
980 0.01199400299850075
981 0.01199400299850075
982 0.02498750624687656
983 0.022988505747126436
984 0.03498250874562719
985 0.0384807596201899
986 0.04847576211894053
987 0.06346826586706647
988 0.06546726636681659
989 0.07846076961519241
990 0.08395802098950525
991 0.08295852073963018
992 0.08245877061469266
993 0.07946026986506746
994 0.07796101949025487
995 0.05297351324337831
996 0.04247876061969016
997 0.031484257871064465
998 0.015992003998001
999 0.00849575212393803
1000 0.0024987506246876563
