0.000000000000000000e+00 1.240506383254521516e+01 1.059622930000000088e+04 1.061147669999999925e+04
6.000000000000000125e-03 1.219037583254521451e+01 1.059601679999999942e+04 1.061102139999999963e+04
1.200000000000000025e-02 1.157702753254521433e+01 1.059540879999999925e+04 1.060971769999999924e+04
1.799999999999999864e-02 1.064615813254521548e+01 1.059448309999999947e+04 1.060773099999999977e+04
2.400000000000000050e-02 9.505748712545214474e+00 1.059334549999999945e+04 1.060528470000000016e+04
2.999999999999999889e-02 8.267065312545215150e+00 1.059210750000000007e+04 1.060261280000000079e+04
3.599999999999999728e-02 7.028023402545215959e+00 1.059086919999999918e+04 1.059992530000000079e+04
4.200000000000000261e-02 5.864314532545216174e+00 1.058970950000000084e+04 1.059738789999999972e+04
4.800000000000000100e-02 4.826378342545216249e+00 1.058868189999999959e+04 1.059511340000000018e+04
5.399999999999999939e-02 3.940315562545215755e+00 1.058781459999999970e+04 1.059316330000000016e+04
5.999999999999999778e-02 3.211569792545216018e+00 1.058711419999999998e+04 1.059155429999999978e+04
6.600000000000000311e-02 2.630381132545215994e+00 1.058657079999999951e+04 1.059026920000000064e+04
7.199999999999999456e-02 2.177788042545215852e+00 1.058616400000000067e+04 1.058926970000000074e+04
7.799999999999999989e-02 1.830983652545215890e+00 1.058586900000000060e+04 1.058850749999999971e+04
8.400000000000000522e-02 1.567280172545215899e+00 1.058566079999999965e+04 1.058793339999999989e+04
8.999999999999999667e-02 1.366519532545215965e+00 1.058551729999999952e+04 1.058750289999999950e+04
9.600000000000000200e-02 1.220602212545215837e+00 1.058542849999999999e+04 1.058719880000000012e+04
1.079999999999999988e-01 9.998557525452158590e-01 1.058532010000000082e+04 1.058675690000000031e+04
1.199999999999999956e-01 8.554698475452158224e-01 1.058528470000000016e+04 1.058649699999999939e+04
1.320000000000000062e-01 7.566765495452159040e-01 1.058529409999999916e+04 1.058634959999999955e+04
1.439999999999999891e-01 6.894362325452159102e-01 1.058533590000000004e+04 1.058628130000000056e+04
1.559999999999999998e-01 6.452517165452158476e-01 1.058540149999999994e+04 1.058627039999999943e+04
1.680000000000000104e-01 6.163192225452158723e-01 1.058548099999999977e+04 1.058629609999999957e+04
1.799999999999999933e-01 5.946287205452158720e-01 1.058556339999999909e+04 1.058633710000000065e+04
1.920000000000000040e-01 5.713416925452158290e-01 1.058563409999999931e+04 1.058636870000000090e+04
2.159999999999999976e-01 5.062638325452158972e-01 1.058572860000000037e+04 1.058636980000000040e+04
2.399999999999999911e-01 4.077680375452159001e-01 1.058573949999999968e+04 1.058625599999999940e+04
2.640000000000000124e-01 2.926035245452158762e-01 1.058568610000000081e+04 1.058606339999999909e+04
2.879999999999999782e-01 1.886370975452158483e-01 1.058560640000000058e+04 1.058585930000000008e+04
3.119999999999999996e-01 1.146516645452158589e-01 1.058553299999999945e+04 1.058569609999999921e+04
3.360000000000000209e-01 7.310858674521586442e-02 1.058548430000000008e+04 1.058559519999999975e+04
3.599999999999999867e-01 5.546383064521585859e-02 1.058546260000000075e+04 1.058555010000000038e+04
3.840000000000000080e-01 5.229110174521585386e-02 1.058546030000000064e+04 1.058554160000000047e+04
4.319999999999999951e-01 4.918500354521585655e-02 1.058545739999999932e+04 1.058553119999999944e+04
4.799999999999999822e-01 3.773520214521585564e-02 1.058543440000000010e+04 1.058549409999999989e+04
5.280000000000000249e-01 2.332127704521585673e-02 1.058539420000000064e+04 1.058543480000000091e+04
5.759999999999999565e-01 1.227832094521585579e-02 1.058535330000000067e+04 1.058537769999999909e+04
6.239999999999999991e-01 5.395611135215854816e-03 1.058532200000000012e+04 1.058533510000000024e+04
6.720000000000000417e-01 5.021362655215855231e-03 1.058529080000000067e+04 1.058530420000000049e+04
7.199999999999999734e-01 7.148035045215855865e-03 1.058526239999999962e+04 1.058527779999999984e+04
7.680000000000000160e-01 7.763117425215855516e-03 1.058523370000000068e+04 1.058524690000000010e+04
8.639999999999999902e-01 5.023971105215855465e-03 1.058517809999999918e+04 1.058518800000000010e+04
9.599999999999999645e-01 5.000703265215854926e-03 1.058513060000000041e+04 1.058514069999999992e+04
1.056000000000000050e+00 -4.378935178414448178e-05 1.058508029999999962e+04 1.058508710000000065e+04
1.151999999999999913e+00 1.145768905215855532e-03 1.058503210000000036e+04 1.058503869999999915e+04
1.247999999999999998e+00 -9.729236347841445148e-04 1.058498970000000008e+04 1.058499409999999989e+04
1.344000000000000083e+00 -1.944498754784144490e-03 1.058494880000000012e+04 1.058495019999999931e+04
1.439999999999999947e+00 4.805796452158554288e-04 1.058491049999999996e+04 1.058491560000000027e+04
1.536000000000000032e+00 -2.721710664784144848e-03 1.058488019999999960e+04 1.058488069999999971e+04
1.727999999999999980e+00 -3.276526154784144794e-03 1.058481719999999950e+04 1.058481650000000081e+04
1.919999999999999929e+00 1.654920975215855598e-03 1.058476809999999932e+04 1.058477249999999913e+04
2.112000000000000099e+00 -1.154930456784144556e-03 1.058471520000000055e+04 1.058471620000000075e+04
2.303999999999999826e+00 -4.462671814784144320e-03 1.058467469999999958e+04 1.058466779999999926e+04
2.495999999999999996e+00 -1.578723834784144563e-03 1.058463539999999921e+04 1.058463260000000082e+04
2.688000000000000167e+00 -1.301586994784144575e-03 1.058460670000000027e+04 1.058461000000000058e+04
2.879999999999999893e+00 -3.930391704784144333e-03 1.058457589999999982e+04 1.058457630000000063e+04
3.072000000000000064e+00 -1.506729809784144525e-03 1.058455570000000080e+04 1.058455589999999938e+04
3.455999999999999961e+00 -3.940764877841445506e-04 1.058451510000000053e+04 1.058451480000000083e+04
3.839999999999999858e+00 -2.088583484784144444e-03 1.058448509999999987e+04 1.058448860000000059e+04
4.224000000000000199e+00 4.715018852158555165e-04 1.058446390000000065e+04 1.058446889999999985e+04
4.607999999999999652e+00 -2.137669824784144655e-03 1.058444180000000051e+04 1.058444180000000051e+04
4.991999999999999993e+00 1.204192475215855361e-03 1.058443180000000029e+04 1.058443310000000019e+04
5.376000000000000334e+00 2.265106982158554376e-04 1.058441849999999977e+04 1.058441810000000078e+04
5.759999999999999787e+00 -1.225720978784144467e-03 1.058441289999999935e+04 1.058441270000000077e+04
6.144000000000000128e+00 -1.260089259784144544e-03 1.058440580000000045e+04 1.058440689999999995e+04
6.911999999999999922e+00 -6.480399320841445611e-04 1.058439559999999983e+04 1.058439300000000003e+04
7.679999999999999716e+00 -1.780533394784144553e-03 1.058439010000000053e+04 1.058439090000000033e+04
8.448000000000000398e+00 1.110709775215855356e-03 1.058438440000000082e+04 1.058438659999999982e+04
9.215999999999999304e+00 8.302419552158554240e-04 1.058438299999999981e+04 1.058438550000000032e+04
9.983999999999999986e+00 7.219298352158555216e-04 1.058438129999999910e+04 1.058438119999999981e+04
1.075200000000000067e+01 1.448984965215855325e-03 1.058438229999999930e+04 1.058438440000000082e+04
1.151999999999999957e+01 1.030682605215855509e-03 1.058437930000000051e+04 1.058437980000000061e+04
1.228800000000000026e+01 -6.580953578841445542e-04 1.058437969999999950e+04 1.058438049999999930e+04
1.382399999999999984e+01 5.247085215855421501e-06 1.058438179999999920e+04 1.058438199999999961e+04
1.535999999999999943e+01 2.615856622158554447e-04 1.058438040000000001e+04 1.058438299999999981e+04
1.689600000000000080e+01 -6.764325009841445002e-04 1.058438349999999991e+04 1.058438229999999930e+04
1.843199999999999861e+01 6.970282621585543407e-05 1.058438609999999971e+04 1.058438709999999992e+04
1.996799999999999997e+01 4.704938552158553777e-04 1.058438060000000041e+04 1.058438110000000052e+04
2.150400000000000134e+01 -8.132527578414458329e-05 1.058438110000000052e+04 1.058438420000000042e+04
2.303999999999999915e+01 9.107054552158553966e-04 1.058437980000000061e+04 1.058438210000000072e+04
2.457600000000000051e+01 1.008576195215855377e-03 1.058438309999999910e+04 1.058438700000000063e+04
2.764799999999999969e+01 1.568185032158554617e-04 1.058438030000000072e+04 1.058438080000000082e+04
3.071999999999999886e+01 -3.867189557841445172e-04 1.058437980000000061e+04 1.058437980000000061e+04
3.379200000000000159e+01 2.949994262158553600e-04 1.058438140000000021e+04 1.058438229999999930e+04
3.686399999999999721e+01 -1.146442527841445369e-04 1.058438080000000082e+04 1.058438099999999940e+04
3.993599999999999994e+01 2.763133362158555397e-04 1.058437750000000051e+04 1.058437720000000081e+04
4.300800000000000267e+01 1.429550522158555027e-04 1.058437980000000061e+04 1.058438160000000062e+04
4.607999999999999829e+01 -1.866619457841445446e-04 1.058437759999999980e+04 1.058437769999999909e+04
4.915200000000000102e+01 3.297096621585548452e-05 1.058437650000000031e+04 1.058437759999999980e+04
5.529599999999999937e+01 7.613655821585546112e-05 1.058437470000000030e+04 1.058437500000000000e+04
6.143999999999999773e+01 2.758472192158553920e-04 1.058437900000000081e+04 1.058437999999999920e+04
6.758400000000000318e+01 -1.847452167841445031e-04 1.058437889999999970e+04 1.058437900000000081e+04
7.372799999999999443e+01 -3.771110077841445464e-04 1.058437960000000021e+04 1.058437930000000051e+04
7.987199999999999989e+01 3.099536252158553978e-04 1.058438700000000063e+04 1.058438800000000083e+04
8.601600000000000534e+01 5.029854252158554289e-04 1.058438470000000052e+04 1.058438550000000032e+04
9.215999999999999659e+01 -8.892810778414451077e-05 1.058439029999999912e+04 1.058439019999999982e+04
9.830400000000000205e+01 4.328146852158555255e-04 1.058439220000000023e+04 1.058439350000000013e+04
1.105919999999999987e+02 -2.687588317841445090e-04 1.058438750000000073e+04 1.058438800000000083e+04
1.228799999999999955e+02 -2.804777487841445568e-04 1.058438669999999911e+04 1.058438680000000022e+04
1.351680000000000064e+02 2.046877012158555094e-04 1.058438600000000042e+04 1.058438680000000022e+04
1.474559999999999889e+02 -4.413557517841445316e-04 1.058438709999999992e+04 1.058438769999999931e+04
1.597439999999999998e+02 -1.463406078414455913e-05 1.058438960000000043e+04 1.058439010000000053e+04
1.720320000000000107e+02 -2.379900167841445392e-04 1.058438830000000053e+04 1.058438860000000022e+04
1.843199999999999932e+02 4.323691052158554985e-04 1.058439110000000073e+04 1.058439249999999993e+04
1.966080000000000041e+02 1.375370962158554543e-04 1.058439309999999932e+04 1.058439420000000064e+04
2.211839999999999975e+02 -3.320980907841445426e-04 1.058439509999999973e+04 1.058439480000000003e+04
2.457599999999999909e+02 2.297796482158555005e-04 1.058439530000000013e+04 1.058439630000000034e+04
2.703360000000000127e+02 -1.988050878414448705e-05 1.058439489999999932e+04 1.058439539999999943e+04
2.949119999999999777e+02 -1.956976067841445163e-04 1.058439619999999923e+04 1.058439689999999973e+04
3.194879999999999995e+02 1.028116112158554505e-04 1.058439600000000064e+04 1.058439660000000003e+04
3.440640000000000214e+02 -1.413564417841445655e-04 1.058439049999999952e+04 1.058439060000000063e+04
3.686399999999999864e+02 -9.346869978414456496e-05 1.058439689999999973e+04 1.058439780000000064e+04
3.932160000000000082e+02 -6.826754878414454004e-05 1.058439550000000054e+04 1.058439600000000064e+04
4.423679999999999950e+02 2.391382842158554537e-04 1.058440159999999923e+04 1.058440270000000055e+04
4.915199999999999818e+02 -1.513649687841445634e-04 1.058440489999999954e+04 1.058440519999999924e+04
5.406720000000000255e+02 -3.219637607841445382e-04 1.058440660000000025e+04 1.058440680000000066e+04
5.898239999999999554e+02 -2.680714167841445118e-04 1.058440990000000056e+04 1.058441029999999955e+04
6.389759999999999991e+02 9.561617521585547008e-05 1.058440400000000045e+04 1.058440469999999914e+04
6.881280000000000427e+02 2.154802821585546490e-05 1.058441129999999976e+04 1.058441159999999945e+04
7.372799999999999727e+02 -3.686742678414458955e-05 1.058440350000000035e+04 1.058440400000000045e+04
7.864320000000000164e+02 3.072066721585551326e-05 1.058440899999999965e+04 1.058440940000000046e+04
8.847359999999999900e+02 2.594550521585546176e-05 1.058441560000000027e+04 1.058441660000000047e+04
9.830399999999999636e+02 1.113983721585541566e-05 1.058442350000000079e+04 1.058442369999999937e+04
1.081339999999999918e+03 -1.005926157841445295e-04 1.058442369999999937e+04 1.058442410000000018e+04
1.179650000000000091e+03 1.414621802158554445e-04 1.058442180000000008e+04 1.058442259999999987e+04
1.277950000000000045e+03 4.497627421585549158e-05 1.058441970000000038e+04 1.058442040000000088e+04
1.376259999999999991e+03 1.771062342158554858e-04 1.058442640000000029e+04 1.058442729999999938e+04
1.474559999999999945e+03 -2.852054078414454751e-05 1.058440040000000045e+04 1.058440079999999944e+04
1.572859999999999900e+03 -1.483094827841444823e-04 1.058440420000000086e+04 1.058440439999999944e+04
1.769470000000000027e+03 2.144151712158554306e-04 1.058440229999999974e+04 1.058440329999999994e+04
1.966079999999999927e+03 -7.146345278414450476e-05 1.058442259999999987e+04 1.058442319999999927e+04
2.162690000000000055e+03 3.908515921585546150e-05 1.058442929999999978e+04 1.058443009999999958e+04
2.359300000000000182e+03 7.543874215855460134e-06 1.058442449999999917e+04 1.058442510000000038e+04
2.555900000000000091e+03 -6.145286878414448622e-05 1.058442740000000049e+04 1.058442770000000019e+04
2.752510000000000218e+03 1.203344721585543776e-05 1.058442129999999997e+04 1.058442200000000048e+04
2.949119999999999891e+03 2.108949215855453890e-06 1.058441769999999997e+04 1.058441840000000047e+04
3.145730000000000018e+03 -6.652528878414449686e-05 1.058442029999999977e+04 1.058442079999999987e+04
3.538940000000000055e+03 -7.165537578414458292e-05 1.058439509999999973e+04 1.058439559999999983e+04
3.932159999999999854e+03 -1.074227617841445838e-04 1.058440999999999985e+04 1.058441049999999996e+04
4.325380000000000109e+03 -4.051622678414451301e-05 1.058439960000000065e+04 1.058440010000000075e+04
4.718590000000000146e+03 -1.865959578414453854e-05 1.058441280000000006e+04 1.058441320000000087e+04
5.111810000000000400e+03 5.363012421585541551e-05 1.058442300000000068e+04 1.058442369999999937e+04
5.505020000000000437e+03 1.727802021585548523e-05 1.058442350000000079e+04 1.058442400000000089e+04
5.898239999999999782e+03 5.270077321585541798e-05 1.058442720000000008e+04 1.058442770000000019e+04
6.291460000000000036e+03 1.799928921585546276e-05 1.058440469999999914e+04 1.058440530000000035e+04
7.077890000000000327e+03 -4.212893578414450991e-05 1.058438279999999941e+04 1.058438320000000022e+04
7.864319999999999709e+03 -1.215281178414454565e-05 1.058438199999999961e+04 1.058438249999999971e+04
8.650750000000000000e+03 1.247016621585541815e-05 1.058437130000000070e+04 1.058437190000000010e+04
9.437180000000000291e+03 -2.265930178414450949e-05 1.058432979999999952e+04 1.058433029999999962e+04
1.022360000000000036e+04 4.728776121585545524e-05 1.058432179999999971e+04 1.058432239999999911e+04
1.101000000000000000e+04 -2.231919178414458298e-05 1.058433200000000033e+04 1.058433259999999973e+04
1.179650000000000000e+04 -3.610667478414451848e-05 1.058436959999999999e+04 1.058437000000000080e+04
1.258289999999999964e+04 -1.057000578414454134e-05 1.058439160000000084e+04 1.058439209999999912e+04
1.415579999999999927e+04 -2.499744378414454210e-05 1.058441560000000027e+04 1.058441610000000037e+04
1.572860000000000036e+04 1.098268921585548660e-05 1.058441630000000077e+04 1.058441690000000017e+04
1.730150000000000000e+04 -2.906209784144485331e-06 1.058442050000000017e+04 1.058442109999999957e+04
1.887440000000000146e+04 4.368092158554912757e-07 1.058445880000000034e+04 1.058445939999999973e+04
2.044720000000000073e+04 8.551203215855472661e-06 1.058447190000000046e+04 1.058447249999999985e+04
2.202009999999999854e+04 -4.809988784144555996e-06 1.058452789999999914e+04 1.058452850000000035e+04
2.359300000000000000e+04 4.438458215855504638e-06 1.058458760000000075e+04 1.058458810000000085e+04
2.516579999999999927e+04 -2.021085578414450173e-05 1.058461670000000049e+04 1.058461729999999989e+04
2.831159999999999854e+04 -1.896224784144568895e-06 1.058472680000000037e+04 1.058472730000000047e+04
3.145729999999999927e+04 -1.952371678414454009e-05 1.058485729999999967e+04 1.058485779999999977e+04
3.460300000000000000e+04 -1.749960578414455712e-05 1.058497539999999935e+04 1.058497580000000016e+04
3.774869999999999709e+04 -5.576754784144557185e-06 1.058504379999999946e+04 1.058504429999999957e+04
4.089450000000000000e+04 -2.577474078414453054e-05 1.058502720000000045e+04 1.058502770000000055e+04
4.404019999999999709e+04 6.446511215855467436e-06 1.058514689999999973e+04 1.058514749999999913e+04
4.718590000000000146e+04 1.748729121585541630e-05 1.058509660000000076e+04 1.058509720000000016e+04
5.033159999999999854e+04 8.879069215855426266e-06 1.058517419999999947e+04 1.058517480000000069e+04
5.662309999999999854e+04 -3.912651478414456985e-05 1.058536080000000038e+04 1.058536130000000048e+04
6.291459999999999854e+04 2.357958221585541424e-05 1.058555260000000089e+04 1.058555309999999918e+04
6.920600000000000000e+04 3.001686321585546324e-05 1.058579390000000058e+04 1.058579449999999997e+04
7.549750000000000000e+04 1.604314721585548172e-05 1.058614179999999942e+04 1.058614240000000063e+04
8.178889999999999418e+04 1.722326721585547542e-05 1.058628210000000036e+04 1.058628269999999975e+04
8.808039999999999418e+04 1.462024221585546489e-05 1.058639860000000044e+04 1.058639919999999984e+04
9.437180000000000291e+04 -2.201046784144553015e-06 1.058643900000000031e+04 1.058643959999999970e+04
1.006630000000000000e+05 -2.281709784144572879e-06 1.058614359999999942e+04 1.058614409999999953e+04
1.132460000000000000e+05 1.158985321585549819e-05 1.058625180000000000e+04 1.058625239999999940e+04
1.258290000000000000e+05 5.386742215855418528e-06 1.058597899999999936e+04 1.058597960000000057e+04
1.384120000000000000e+05 1.455831821585548604e-05 1.058558920000000035e+04 1.058558970000000045e+04
1.509950000000000000e+05 5.670092158554379536e-07 1.058482710000000043e+04 1.058482760000000053e+04
1.635780000000000000e+05 1.447776621585545632e-05 1.058418980000000010e+04 1.058419039999999950e+04
1.761610000000000000e+05 -5.382414784144487485e-06 1.058407190000000082e+04 1.058407250000000022e+04
1.887440000000000000e+05 -6.373234784144547228e-06 1.058384439999999995e+04 1.058384499999999935e+04
2.013270000000000000e+05 -2.695394578414449412e-05 1.058321999999999935e+04 1.058322049999999945e+04
2.264920000000000000e+05 -1.972827978414452670e-05 1.058236449999999968e+04 1.058236499999999978e+04
2.516580000000000000e+05 -2.136297378414449624e-05 1.057919540000000052e+04 1.057919590000000062e+04
2.768240000000000000e+05 -2.775097078414458327e-05 1.057634389999999985e+04 1.057634439999999995e+04
3.019900000000000000e+05 -3.326969778414453488e-05 1.057437880000000041e+04 1.057437930000000051e+04
3.271560000000000000e+05 4.950226215855494348e-06 1.057469349999999940e+04 1.057469399999999951e+04
3.523220000000000000e+05 2.253870221585545751e-05 1.057404910000000018e+04 1.057404969999999958e+04
