0.000000000000000000e+00 1.542929184191732972e+01 1.504797040000000015e+04 1.506710959999999977e+04
3.000000000000000062e-03 1.534231154191732927e+01 1.504788479999999981e+04 1.506692469999999958e+04
6.000000000000000125e-03 1.508606994191732831e+01 1.504763229999999930e+04 1.506637960000000021e+04
8.999999999999999320e-03 1.467386744191732895e+01 1.504722570000000087e+04 1.506550109999999950e+04
1.200000000000000025e-02 1.412576274191732928e+01 1.504668389999999999e+04 1.506433009999999922e+04
1.499999999999999944e-02 1.346622524191732850e+01 1.504603069999999934e+04 1.506291690000000017e+04
1.799999999999999864e-02 1.272178384191732903e+01 1.504529240000000027e+04 1.506131689999999981e+04
2.100000000000000130e-02 1.191902364191732921e+01 1.504449550000000090e+04 1.505958640000000014e+04
2.400000000000000050e-02 1.108307954191732847e+01 1.504366599999999926e+04 1.505777920000000086e+04
2.699999999999999969e-02 1.023662514191732953e+01 1.504282719999999972e+04 1.505594479999999930e+04
2.999999999999999889e-02 9.399276061917328562e+00 1.504200000000000000e+04 1.505412620000000061e+04
3.300000000000000155e-02 8.587305131917329248e+00 1.504120149999999921e+04 1.505235980000000018e+04
3.599999999999999728e-02 7.813574331917328308e+00 1.504044559999999910e+04 1.505067469999999958e+04
3.899999999999999994e-02 7.087618911917328290e+00 1.503974259999999958e+04 1.504909259999999995e+04
4.200000000000000261e-02 6.415844981917327772e+00 1.503909929999999986e+04 1.504762860000000001e+04
4.499999999999999833e-02 5.801821501917327595e+00 1.503851970000000074e+04 1.504629169999999976e+04
4.800000000000000100e-02 5.261131401917327644e+00 1.503802089999999953e+04 1.504511739999999918e+04
5.399999999999999939e-02 4.320490781917327716e+00 1.503717820000000029e+04 1.504308389999999963e+04
5.999999999999999778e-02 3.585398741917328103e+00 1.503656129999999939e+04 1.504151389999999992e+04
6.600000000000000311e-02 3.020639401917327937e+00 1.503612930000000051e+04 1.504033120000000054e+04
7.199999999999999456e-02 2.588752991917327773e+00 1.503583859999999913e+04 1.503945210000000043e+04
7.799999999999999989e-02 2.256024311917327996e+00 1.503564919999999984e+04 1.503879919999999947e+04
8.400000000000000522e-02 1.995094231917327932e+00 1.503552889999999934e+04 1.503830889999999999e+04
8.999999999999999667e-02 1.785354911917327980e+00 1.503545399999999972e+04 1.503793289999999979e+04
9.600000000000000200e-02 1.618816091917328004e+00 1.503541280000000006e+04 1.503765109999999913e+04
1.079999999999999988e-01 1.343074591917327920e+00 1.503536850000000049e+04 1.503720889999999963e+04
1.199999999999999956e-01 1.133843551917327996e+00 1.503536280000000079e+04 1.503690370000000075e+04
1.320000000000000062e-01 9.704749409173281105e-01 1.503537960000000021e+04 1.503668870000000061e+04
1.439999999999999891e-01 8.416116069173280589e-01 1.503540970000000016e+04 1.503653729999999996e+04
1.559999999999999998e-01 7.385013939173280528e-01 1.503544499999999971e+04 1.503642840000000069e+04
1.680000000000000104e-01 6.535336709173280578e-01 1.503547819999999956e+04 1.503634439999999995e+04
1.799999999999999933e-01 5.804525589173280542e-01 1.503550419999999940e+04 1.503627200000000084e+04
1.920000000000000040e-01 5.158327469173280555e-01 1.503551820000000043e+04 1.503620199999999932e+04
2.159999999999999976e-01 3.969290199173280964e-01 1.503552330000000075e+04 1.503605550000000039e+04
2.399999999999999911e-01 2.948969009173281197e-01 1.503549779999999919e+04 1.503590020000000004e+04
2.640000000000000124e-01 2.133638629173280621e-01 1.503545579999999973e+04 1.503575339999999960e+04
2.879999999999999782e-01 1.521231549173280573e-01 1.503541259999999966e+04 1.503563190000000031e+04
3.119999999999999996e-01 1.084466519173280796e-01 1.503537659999999960e+04 1.503553820000000087e+04
3.360000000000000209e-01 8.098225581732808320e-02 1.503534829999999965e+04 1.503546990000000005e+04
3.599999999999999867e-01 6.498865111732808619e-02 1.503532710000000043e+04 1.503542389999999978e+04
3.840000000000000080e-01 5.502988181732807599e-02 1.503530709999999999e+04 1.503538869999999952e+04
4.319999999999999951e-01 4.118094151732807490e-02 1.503525979999999981e+04 1.503532059999999910e+04
4.799999999999999822e-01 3.130295571732807230e-02 1.503520579999999973e+04 1.503524879999999939e+04
5.280000000000000249e-01 2.542402851732807750e-02 1.503515740000000005e+04 1.503519280000000072e+04
5.759999999999999565e-01 1.898771361732807736e-02 1.503510039999999935e+04 1.503513450000000012e+04
6.239999999999999991e-01 1.110553921732807502e-02 1.503504949999999917e+04 1.503507899999999972e+04
6.720000000000000417e-01 5.957859647328074201e-03 1.503500430000000051e+04 1.503502419999999984e+04
7.199999999999999734e-01 1.196029537328075192e-03 1.503496429999999964e+04 1.503497580000000016e+04
7.680000000000000160e-01 2.413555473280751783e-04 1.503491630000000077e+04 1.503492660000000069e+04
8.639999999999999902e-01 -3.785303926719246759e-04 1.503481960000000072e+04 1.503482699999999932e+04
9.599999999999999645e-01 -6.079790267192464182e-05 1.503474129999999968e+04 1.503474010000000089e+04
1.056000000000000050e+00 2.161242897328074977e-03 1.503466599999999926e+04 1.503467519999999968e+04
1.151999999999999913e+00 3.447674807328075016e-03 1.503460000000000036e+04 1.503460900000000038e+04
1.247999999999999998e+00 5.513434777328074521e-03 1.503454149999999936e+04 1.503455210000000079e+04
1.344000000000000083e+00 6.973232557328075398e-03 1.503447170000000006e+04 1.503448780000000079e+04
1.439999999999999947e+00 1.682959097328075217e-03 1.503440639999999985e+04 1.503441760000000068e+04
1.536000000000000032e+00 -6.951348126719247931e-04 1.503435870000000068e+04 1.503436919999999918e+04
1.727999999999999980e+00 -1.136723162671924615e-03 1.503427490000000034e+04 1.503428260000000046e+04
1.919999999999999929e+00 -1.245124267192478443e-05 1.503420080000000053e+04 1.503420399999999972e+04
2.112000000000000099e+00 1.456782707328075233e-03 1.503412240000000020e+04 1.503412759999999980e+04
2.303999999999999826e+00 2.299164473280753372e-04 1.503406019999999990e+04 1.503406960000000072e+04
2.495999999999999996e+00 -2.242028232671924772e-03 1.503400180000000000e+04 1.503400499999999920e+04
2.688000000000000167e+00 6.295904673280752935e-04 1.503395370000000003e+04 1.503395689999999922e+04
2.879999999999999893e+00 -7.410277226719246945e-04 1.503391610000000037e+04 1.503392369999999937e+04
3.072000000000000064e+00 7.947737273280752919e-04 1.503387520000000040e+04 1.503388539999999921e+04
3.455999999999999961e+00 -4.801181522671924690e-03 1.503380980000000091e+04 1.503380780000000050e+04
3.839999999999999858e+00 1.116852187328075136e-03 1.503376549999999952e+04 1.503377050000000054e+04
4.224000000000000199e+00 1.365085967328075103e-03 1.503372999999999956e+04 1.503373159999999916e+04
4.607999999999999652e+00 -3.694241026719249227e-04 1.503369880000000012e+04 1.503370199999999932e+04
4.991999999999999993e+00 -3.594912182671924916e-03 1.503368319999999949e+04 1.503368209999999999e+04
5.376000000000000334e+00 -2.938453624671924589e-03 1.503366729999999916e+04 1.503366849999999977e+04
5.759999999999999787e+00 -4.323136982671924727e-03 1.503365560000000005e+04 1.503365339999999924e+04
6.144000000000000128e+00 -9.001899267192456366e-05 1.503364589999999953e+04 1.503365309999999954e+04
6.911999999999999922e+00 -5.700113267192476185e-05 1.503362880000000041e+04 1.503363600000000042e+04
7.679999999999999716e+00 4.363786297328075062e-03 1.503362000000000080e+04 1.503362910000000011e+04
8.448000000000000398e+00 1.203163037328075242e-03 1.503360299999999916e+04 1.503361000000000058e+04
9.215999999999999304e+00 1.368141457328075385e-03 1.503360349999999926e+04 1.503360950000000048e+04
9.983999999999999986e+00 -6.364627267192463772e-05 1.503359350000000086e+04 1.503359649999999965e+04
1.075200000000000067e+01 9.430857373280750883e-04 1.503359540000000015e+04 1.503360369999999966e+04
1.151999999999999957e+01 -4.727512671924821025e-06 1.503359779999999955e+04 1.503360310000000027e+04
1.228800000000000026e+01 1.010406673280753349e-04 1.503359599999999955e+04 1.503360059999999976e+04
1.382399999999999984e+01 -2.283400876671924824e-03 1.503359360000000015e+04 1.503359419999999955e+04
1.535999999999999943e+01 -3.698701726719245096e-04 1.503358380000000034e+04 1.503358790000000045e+04
1.689600000000000080e+01 1.564055797328075485e-03 1.503357990000000063e+04 1.503358790000000045e+04
1.843199999999999861e+01 -4.803787426719246644e-04 1.503358330000000024e+04 1.503358539999999994e+04
1.996799999999999997e+01 4.384585573280752602e-04 1.503358059999999932e+04 1.503358679999999913e+04
2.150400000000000134e+01 -1.329887322671924636e-03 1.503357970000000023e+04 1.503358020000000033e+04
2.303999999999999915e+01 -9.729260826719246871e-04 1.503358100000000013e+04 1.503358020000000033e+04
2.457600000000000051e+01 2.230890573280751125e-04 1.503357639999999992e+04 1.503358139999999912e+04
2.764799999999999969e+01 1.726856827328075109e-03 1.503358120000000054e+04 1.503358840000000055e+04
3.071999999999999886e+01 2.983872173280754589e-04 1.503357330000000002e+04 1.503357680000000073e+04
3.379200000000000159e+01 1.524795557328075413e-03 1.503357029999999941e+04 1.503357580000000053e+04
3.686399999999999721e+01 2.569287673280752290e-04 1.503356929999999920e+04 1.503357370000000083e+04
3.993599999999999994e+01 -1.832124649671924843e-03 1.503356309999999939e+04 1.503356660000000011e+04
4.300800000000000267e+01 1.893504973280754448e-04 1.503357610000000022e+04 1.503358280000000013e+04
4.607999999999999829e+01 -6.233887267192463055e-05 1.503357680000000073e+04 1.503358319999999912e+04
4.915200000000000102e+01 1.043605847328075292e-03 1.503358339999999953e+04 1.503359100000000035e+04
5.529599999999999937e+01 -5.417244226719247421e-04 1.503359209999999985e+04 1.503359499999999935e+04
6.143999999999999773e+01 -5.004149267192475881e-05 1.503359439999999995e+04 1.503360020000000077e+04
6.758400000000000318e+01 -3.202095226719245229e-04 1.503358760000000075e+04 1.503358979999999974e+04
7.372799999999999443e+01 1.989255573280751532e-04 1.503358679999999913e+04 1.503359300000000076e+04
7.987199999999999989e+01 -1.569815029671924652e-03 1.503360529999999926e+04 1.503360729999999967e+04
8.601600000000000534e+01 -1.429711267192466245e-05 1.503360390000000007e+04 1.503360750000000007e+04
9.215999999999999659e+01 -2.538402626719245443e-04 1.503361739999999918e+04 1.503362050000000090e+04
9.830400000000000205e+01 -4.107460526719245754e-04 1.503360930000000008e+04 1.503361249999999927e+04
1.105919999999999987e+02 -1.804218267192469333e-05 1.503360740000000078e+04 1.503361150000000089e+04
1.228799999999999955e+02 6.587850673280752460e-04 1.503359399999999914e+04 1.503359970000000067e+04
1.351680000000000064e+02 -1.077964372671924619e-03 1.503359909999999945e+04 1.503360180000000037e+04
1.474559999999999889e+02 3.912080273280752266e-04 1.503359859999999935e+04 1.503360250000000087e+04
1.597439999999999998e+02 1.075714847328075076e-03 1.503359890000000087e+04 1.503360419999999976e+04
1.720320000000000107e+02 3.724964573280750875e-04 1.503359360000000015e+04 1.503359870000000046e+04
1.843199999999999932e+02 4.586893673280754806e-04 1.503360299999999916e+04 1.503360790000000088e+04
1.966080000000000041e+02 -1.761270126719245883e-04 1.503360750000000007e+04 1.503361210000000028e+04
2.211839999999999975e+02 7.301415732807519862e-05 1.503358519999999953e+04 1.503358940000000075e+04
2.457599999999999909e+02 -1.421976826719247890e-04 1.503357799999999952e+04 1.503358179999999993e+04
2.703360000000000127e+02 2.213412073280751798e-04 1.503358909999999923e+04 1.503359439999999995e+04
2.949119999999999777e+02 -4.330800826719246113e-04 1.503360410000000047e+04 1.503360820000000058e+04
3.194879999999999995e+02 -4.879580426719247292e-04 1.503360709999999926e+04 1.503361080000000038e+04
3.440640000000000214e+02 -4.431982671924787620e-06 1.503362000000000080e+04 1.503362429999999949e+04
3.686399999999999864e+02 -2.407786726719247580e-04 1.503363049999999930e+04 1.503363479999999981e+04
3.932160000000000082e+02 7.596886732807528811e-05 1.503363650000000052e+04 1.503364060000000063e+04
4.423679999999999950e+02 3.882385773280754883e-04 1.503361460000000079e+04 1.503361989999999969e+04
4.915199999999999818e+02 3.420891473280753686e-04 1.503361009999999987e+04 1.503361520000000019e+04
5.406720000000000255e+02 2.009004773280754531e-04 1.503365480000000025e+04 1.503365899999999965e+04
5.898239999999999554e+02 2.068716732807514280e-05 1.503367499999999927e+04 1.503367929999999978e+04
6.389759999999999991e+02 2.633748873280754126e-04 1.503364329999999973e+04 1.503364819999999963e+04
6.881280000000000427e+02 8.869187732807532268e-05 1.503362999999999920e+04 1.503363440000000082e+04
7.372799999999999727e+02 -1.909231226719246624e-04 1.503364810000000034e+04 1.503365229999999974e+04
7.864320000000000164e+02 -3.243968026719248193e-04 1.503364170000000013e+04 1.503364580000000024e+04
8.847359999999999900e+02 5.050661732807545240e-05 1.503366289999999935e+04 1.503366749999999956e+04
9.830399999999999636e+02 -2.354021226719247087e-04 1.503363889999999992e+04 1.503364300000000003e+04
1.081339999999999918e+03 1.004660873280753368e-04 1.503361629999999968e+04 1.503362060000000019e+04
1.179650000000000091e+03 2.857388773280754302e-04 1.503361659999999938e+04 1.503362139999999999e+04
1.277950000000000045e+03 2.448196732807508824e-05 1.503358669999999984e+04 1.503359109999999964e+04
1.376259999999999991e+03 -1.263555226719247082e-04 1.503362520000000040e+04 1.503362930000000051e+04
1.474559999999999945e+03 2.741117473280753510e-04 1.503363570000000072e+04 1.503364019999999982e+04
1.572859999999999900e+03 2.305057773280753779e-04 1.503363669999999911e+04 1.503364129999999932e+04
1.769470000000000027e+03 2.377953373280754755e-04 1.503369700000000012e+04 1.503370149999999921e+04
1.966079999999999927e+03 8.896793732807509181e-05 1.503374890000000050e+04 1.503375380000000041e+04
2.162690000000000055e+03 2.961827573280751205e-04 1.503377130000000034e+04 1.503377620000000024e+04
2.359300000000000182e+03 -9.959467267192483042e-05 1.503378700000000026e+04 1.503379119999999966e+04
2.555900000000000091e+03 -9.739033267192487991e-05 1.503379329999999936e+04 1.503379789999999957e+04
2.752510000000000218e+03 -5.115553267192457509e-05 1.503374610000000030e+04 1.503375029999999970e+04
2.949119999999999891e+03 1.925827273280751074e-04 1.503373580000000038e+04 1.503374049999999988e+04
3.145730000000000018e+03 1.568052473280754332e-04 1.503364060000000063e+04 1.503364500000000044e+04
3.538940000000000055e+03 -1.074892671924874282e-06 1.503365480000000025e+04 1.503365910000000076e+04
3.932159999999999854e+03 2.025263373280753766e-04 1.503361779999999999e+04 1.503362249999999949e+04
4.325380000000000109e+03 6.764964732807517839e-05 1.503364300000000003e+04 1.503364719999999943e+04
4.718590000000000146e+03 -5.805462671924863788e-06 1.503361379999999917e+04 1.503361800000000039e+04
5.111810000000000400e+03 1.686979073280752903e-04 1.503366400000000067e+04 1.503366829999999936e+04
5.505020000000000437e+03 1.100854473280754066e-04 1.503370689999999922e+04 1.503371130000000085e+04
5.898239999999999782e+03 1.459317873280753172e-04 1.503368510000000060e+04 1.503368970000000081e+04
6.291460000000000036e+03 7.965189732807515313e-05 1.503377449999999953e+04 1.503377889999999934e+04
7.077890000000000327e+03 9.161987732807545456e-05 1.503367380000000048e+04 1.503367820000000029e+04
7.864319999999999709e+03 1.002955473280754684e-04 1.503374710000000050e+04 1.503375170000000071e+04
8.650750000000000000e+03 4.128263732807542150e-05 1.503380500000000029e+04 1.503380949999999939e+04
9.437180000000000291e+03 1.984286473280753166e-04 1.503380489999999918e+04 1.503380949999999939e+04
1.022360000000000036e+04 1.646675773280753888e-04 1.503384130000000005e+04 1.503384579999999914e+04
1.101000000000000000e+04 8.811517732807512202e-05 1.503394939999999951e+04 1.503395399999999972e+04
1.179650000000000000e+04 1.378579173280753897e-04 1.503393790000000081e+04 1.503394260000000031e+04
1.258289999999999964e+04 1.139437973280751221e-04 1.503396739999999954e+04 1.503397190000000046e+04
1.415579999999999927e+04 1.220360273280754124e-04 1.503398869999999988e+04 1.503399320000000080e+04
1.572860000000000036e+04 1.373921473280751565e-04 1.503411659999999938e+04 1.503412099999999919e+04
1.730150000000000000e+04 1.441929973280751780e-04 1.503403050000000076e+04 1.503403490000000056e+04
1.887440000000000146e+04 1.189567773280750945e-04 1.503419089999999960e+04 1.503419540000000052e+04
2.044720000000000073e+04 1.763239373280753308e-04 1.503423500000000058e+04 1.503423940000000039e+04
2.202009999999999854e+04 1.318254573280754939e-04 1.503425419999999940e+04 1.503425859999999921e+04
2.359300000000000000e+04 2.139166873280752904e-04 1.503423049999999967e+04 1.503423519999999917e+04
2.516579999999999927e+04 1.768313173280753985e-04 1.503425430000000051e+04 1.503425890000000072e+04
2.831159999999999854e+04 1.880432873280751122e-04 1.503431170000000020e+04 1.503431619999999930e+04
3.145729999999999927e+04 1.342092673280751922e-04 1.503428609999999935e+04 1.503429069999999956e+04
3.460300000000000000e+04 1.491798073280752035e-04 1.503453529999999955e+04 1.503453980000000047e+04
3.774869999999999709e+04 1.743072973280752024e-04 1.503431279999999970e+04 1.503431739999999991e+04
4.089450000000000000e+04 1.667232473280752525e-04 1.503441719999999987e+04 1.503442180000000008e+04
4.404019999999999709e+04 1.889795573280753267e-04 1.503410230000000047e+04 1.503410679999999957e+04
4.718590000000000146e+04 2.372933773280754347e-04 1.503406420000000071e+04 1.503406890000000021e+04
5.033159999999999854e+04 1.287998073280752394e-04 1.503398379999999997e+04 1.503398830000000089e+04
5.662309999999999854e+04 1.496261973280752465e-04 1.503411900000000060e+04 1.503412349999999969e+04
6.291459999999999854e+04 1.618461573280752588e-04 1.503428379999999925e+04 1.503428830000000016e+04
6.920600000000000000e+04 1.297686073280751411e-04 1.503426469999999972e+04 1.503426909999999953e+04
7.549750000000000000e+04 1.163678573280753185e-04 1.503453249999999935e+04 1.503453689999999915e+04
8.178889999999999418e+04 1.441587973280752250e-04 1.503482860000000073e+04 1.503483309999999983e+04
8.808039999999999418e+04 1.387635273280753839e-04 1.503433179999999993e+04 1.503433619999999974e+04
9.437180000000000291e+04 1.194654373280752517e-04 1.503373509999999987e+04 1.503373960000000079e+04
1.006630000000000000e+05 2.524937732807522664e-05 1.503382079999999951e+04 1.503382519999999931e+04
1.132460000000000000e+05 -3.808624267192476515e-05 1.503295960000000014e+04 1.503296399999999994e+04
1.258290000000000000e+05 -8.430206267192458247e-05 1.503335169999999925e+04 1.503335599999999977e+04
1.384120000000000000e+05 -5.597866267192464287e-05 1.503435610000000088e+04 1.503436039999999957e+04
1.509950000000000000e+05 -2.628613726719246542e-04 1.503385100000000057e+04 1.503385499999999956e+04
1.635780000000000000e+05 -3.671066526719246083e-04 1.503193519999999990e+04 1.503193870000000061e+04
1.761610000000000000e+05 -3.057107726719245425e-04 1.503004060000000027e+04 1.503004500000000007e+04
