1.783364452739137165e-05 1.265464606229937727e+00
2.136548308856212695e-05 5.120502232910848051e+00
2.559677955375326230e-05 8.010295023724728125e+00
3.066605706070808129e-05 6.061807719889062085e+00
3.673927236337478215e-05 1.172730805917848063e+00
4.401524888309428025e-05 3.569791509126925444e+00
5.273218574062059995e-05 5.005717911787751495e-01
6.317545586005619612e-05 3.658035144157803398e+00
7.568694843709958882e-05 1.083482714481827980e+00
9.067626162302277646e-05 4.075856455238262011e-01
1.086341118476983703e-04 1.095503086509634683e+00
1.301483987727815751e-04 8.988265275362727902e-01
1.559234518055101096e-04 9.738706244644630416e-01
1.868030882607348551e-04 1.283196513814511608e+00
2.237982380435905231e-04 1.391734642608865702e+00
2.681200392228388451e-04 1.127317352189476374e+00
3.212194879695813837e-04 8.741716614523311613e-01
3.848349409112377262e-04 8.777385432985325142e-01
4.610490250211105056e-04 6.851143633043176306e-01
5.523568181454331779e-04 7.782214518790414592e-01
6.617475322451373595e-04 7.846593855185773903e-01
7.928023734781332972e-04 6.530562017233408900e-01
9.498117828412663702e-04 6.582651158092918120e-01
1.137915895567115452e-03 7.060479656248034308e-01
1.363272817600649301e-03 8.337872454588916016e-01
1.633260228149434551e-03 8.655753158697236938e-01
1.956716908321835553e-03 5.684642185213752974e-01
2.344232102958094654e-03 6.730384256751721361e-01
2.808492188710344766e-03 7.201487567526114741e-01
3.364695997505505291e-03 6.786563932219852324e-01
4.031052392147918551e-03 7.236901558966215564e-01
4.829376383568766834e-03 6.981885502082951778e-01
5.785803305261514803e-03 6.628699972647615901e-01
6.931644425369398385e-03 7.273248004428063407e-01
8.304412007242075594e-03 7.259275119778605401e-01
9.949047376640537260e-03 6.529793390907894235e-01
1.191939219975077582e-02 6.231958960495195265e-01
1.427995113834232450e-02 7.371003529442341495e-01
1.710800358744030483e-02 7.187297281956578354e-01
2.049613362905708044e-02 6.874755846549372995e-01
2.455526102698339305e-02 7.172685865046963816e-01
2.941827249059695074e-02 6.786869143995462039e-01
3.524437208710595043e-02 6.994300116997813621e-01
4.222429322494752890e-02 6.922160824986395289e-01
5.058654283696582821e-02 7.074621836159306065e-01
6.060488218389501608e-02 7.061469723460085390e-01
7.260728918284178879e-02 6.957160037578585809e-01
8.698669566726323354e-02 6.961536444605611607e-01
1.042138510922011874e-01 7.063364700295585719e-01
1.248527338135775461e-01 7.057663572177683697e-01
1.495790144721999004e-01 7.015336619039358457e-01
1.792021759321816288e-01 6.985416892388741639e-01
2.146920139308514941e-01 7.068246658935529725e-01
2.572103860118786778e-01 6.988619400879348964e-01
3.081492481303358955e-01 7.031573647413796868e-01
3.691762241626821428e-01 7.155486644878193969e-01
4.422892001650091109e-01 7.101641070133757339e-01
5.298817306728854648e-01 7.083777044577770354e-01
6.348213982980841497e-01 7.175989109460300108e-01
7.605436919392877249e-01 7.106876673751799656e-01
9.111644769684296152e-01 7.076344029639195510e-01
1.091614739413848678e+00 7.129726211241610434e-01
1.307802015361988701e+00 7.072244424984180933e-01
1.566803790413518138e+00 7.137858248773603087e-01
1.877099200657428302e+00 7.091947103824626231e-01
2.248846620532375162e+00 7.020807021122212888e-01
2.694216225177998414e+00 7.000249591776467328e-01
3.227788414620279767e+00 6.874951221325289463e-01
3.867031143303493401e+00 6.807380212654460250e-01
4.632871781664883670e+00 6.621300135153834754e-01
5.550382231215015061e+00 6.422497482656729373e-01
6.649599722251863909e+00 6.218284588195122087e-01
7.966510165281469824e+00 5.960054467542433843e-01
9.544226248860709916e+00 5.664972417056493015e-01
1.143439885213818208e+01 5.371224873244991871e-01
1.369890797856829856e+01 5.106104951266980940e-01
1.641188856816823005e+01 4.987501944125068976e-01
1.966215750885866242e+01 5.164072298769872837e-01
2.355612130178607799e+01 5.619962032494056903e-01
2.822125957105455996e+01 5.797807297744803634e-01
3.381029846014812534e+01 5.210607816130280456e-01
4.050621054266346022e+01 4.423465026767260944e-01
4.852820493319574524e+01 3.823411463054469106e-01
5.813890370114581430e+01 3.230616074027019557e-01
6.965293952711030556e+01 2.612435726728458696e-01
8.344725606980564692e+01 2.051735203855314105e-01
9.997344825439016347e+01 1.603773799249417487e-01
1.197725464754935416e+02 1.292054684497594141e-01
1.434927287165400287e+02 1.050420462150298412e-01
1.719105404403459829e+02 8.594311568705613469e-02
2.059563169425278772e+02 7.122372403158609699e-02
2.467446404384391201e+02 5.880574126054909090e-02
2.956108289802248805e+02 4.916978443973520074e-02
3.541546517691353984e+02 4.069348528903155016e-02
4.242927020041872765e+02 3.384861626786844768e-02
5.083211418365539203e+02 2.837726883324000887e-02
6.089908735584803026e+02 2.357704806930465552e-02
7.295975979625329728e+02 1.962965445049690352e-02
8.740897081794768155e+02 1.634538416703659042e-02
1.047197551196597942e+03 1.372007059892644057e-02
