0.06 0.0025184798176359643
0.138 0.011197645361663905
0.24 0.027559332384434445
0.372 0.05388450316208341
0.542 0.08917747562430073
0.766 0.13533400766426137
1.054 0.19286387195330798
1.432 0.26646859469718354
1.92 0.362868050310411
2.5580000000000003 0.487330487966786
3.384 0.6484048444873562
4.46 0.8528435565936808
5.8580000000000005 1.1124698687846821
7.674 1.4374365270159712
10.038 1.867372526003578
13.108 2.4191538484538544
17.1 3.112509047778771
22.292 4.022312216260311
29.038 5.217271819820535
37.81 6.771886746076934
49.212 8.784302307556441
64.036 11.352975694405705
83.308 14.694865224113196
108.36 19.052719977652966
140.928 24.79591368407
183.266 32.17558576476539
238.306 41.62973051816712
309.858 54.144496437801536
402.87600000000003 70.3080842994195
523.8 91.31646883009498
680.998 118.75874701522255
885.3580000000001 154.2666172950361
1151.026 199.89494370272786
1496.394 259.8690718355631
1945.372 336.8838661946688
2529.044 438.8481662176813
3287.8160000000003 571.5136283545805
4274.222 743.9647454423805
5556.548 969.8116071186097
5556.7480000000005 969.8613821160551
11113.496000000001 1938.589701441085
16670.244 2907.6927190951105
22226.992000000002 3876.690293718858
27783.74 4841.527771855195
33340.488 5807.014645875383
38897.236000000004 6772.308346940357
44453.984000000004 7734.782110452517
50010.732 8694.756303142452
55567.48 9659.399190068261
61124.228 10626.502214651842
66680.976 11595.843936352194
72237.724 12571.975133433654
77794.47200000001 13545.252873041294
83351.22 14521.354843368657
88907.96800000001 15490.620688415032
94464.716 16469.599085444264
100021.464 17444.51338870226
105578.212 18415.334125610974
111134.96 19386.14789342571
116691.708 20366.118968234205
122248.456 21349.632449458124
127805.204 22331.60381312192
133361.952 23321.533492647373
138918.7 24312.949156021976
144475.448 25303.184024411126
150032.196 26282.94054621386
155588.94400000002 27262.695763587926
161145.692 28248.409435487694
166702.44 29239.57479291022
172259.188 30225.78999604411
177815.93600000002 31205.2427012199
183372.684 32204.752676655276
188929.432 33203.40108521355
194486.18 34202.927105135655
200042.928 35180.25678074037
205599.676 36161.98327694771
211156.424 37143.47031111103
216713.172 38117.00918109523
222269.92 39072.193776050415
227826.668 40022.21451851223
233383.416 40953.82972036014
238940.16400000002 41867.242602487975
244496.912 42781.679747040136
250053.66 43712.086758441896
255610.408 44611.230295233516
261167.15600000002 45505.0902137045
266723.904 46418.064558493184
272280.652 47346.42222331612
277837.4 48264.98139118582
283394.148 49166.54885599717
288950.896 50092.86492846253
294507.64400000003 51030.72951773585
300064.392 51933.67497189909
305621.14 52852.355678755
311177.88800000004 53771.047834065896
316734.636 54709.57312778379
322291.384 55608.43292644655
327848.132 56479.65868025493
333404.88 57350.52968267617
338961.628 58219.6946387524
344518.376 59092.02801583875
350075.124 60022.04553388557
355631.87200000003 61001.462738121896
361188.62 61995.95618565301
366745.368 62987.96725225694
372302.116 64050.33880495946
377858.864 65174.68582026565
383415.612 66186.27863817388
388972.36 67284.52142946525
394529.108 68335.83909791964
