1 0.21689155422288856
2 0.10344827586206896
3 0.04597701149425287
4 0.015992003998001
5 0.0079960019990005
6 0.005997001499250375
7 0.0029985007496251873
8 0.0009995002498750624
9 0.0004997501249375312
10 0.0004997501249375312
990 0.0004997501249375312
991 0.0009995002498750624
992 0.0024987506246876563
993 0.004997501249375313
994 0.0074962518740629685
995 0.01249375312343828
996 0.02348825587206397
997 0.047476261869065464
998 0.09045477261369315
999 0.14642678660669664
1000 0.663168415792104
