0.06 0.00906327596671733
0.138 0.0412226886454009
0.24 0.10070716217310484
0.372 0.18986790298464773
0.542 0.3135271887760089
0.766 0.4834500491198745
1.054 0.7133846355536737
1.432 1.023345468539956
1.92 1.4394001821476643
2.5580000000000003 1.994316690805524
3.384 2.727893931055928
4.46 3.690549036244576
5.8580000000000005 4.945098542887197
7.674 6.588556583250654
10.038 8.73737889356283
13.108 11.490321076112924
17.1 15.129814713223782
22.292 19.941498148928638
29.038 26.063602258089503
37.81 34.098420192786364
49.212 44.45642890435113
64.036 57.92437190567806
83.308 75.52190347148222
108.36 98.09745235936816
140.928 127.62170393352254
183.266 166.12679172783422
238.306 215.4945475039804
309.858 280.4256325474235
402.87600000000003 365.8754084481352
523.8 474.36267716099326
680.998 617.0641520182526
885.3580000000001 798.5216503052962
1151.026 1040.2293178851553
1496.394 1350.8593670762193
1945.372 1759.5782902557587
2529.044 2283.7774147069285
3287.8160000000003 2970.325582268117
4274.222 3870.081197134824
5556.548 5031.28203390832
5556.7480000000005 5031.533629891991
11113.496000000001 10092.569799077955
16670.244 15147.423317656881
22226.992000000002 20211.959172425708
27783.74 25284.738444943643
33340.488 30347.2530964765
38897.236000000004 35386.07176897684
44453.984000000004 40360.99864561458
50010.732 45329.7805930659
55567.48 50331.57889525369
61124.228 55275.53003576608
66680.976 60227.140222449634
72237.724 65229.07749646086
77794.47200000001 70270.55431564039
83351.22 75287.25679275095
88907.96800000001 80265.46598582882
94464.716 85234.95233337082
100021.464 90193.5830574964
105578.212 95184.89233941349
111134.96 100166.36631030786
116691.708 105150.74414626932
122248.456 110143.9855049826
127805.204 115096.29136370031
133361.952 119999.64258778002
138918.7 124884.58247336722
144475.448 129768.91241733578
150032.196 134671.72065585054
155588.94400000002 139564.7638991597
161145.692 144486.1086434052
166702.44 149467.40518844104
172259.188 154385.1765010693
177815.93600000002 159324.67929898697
183372.684 164246.17544486982
188929.432 169222.77583742345
194486.18 174174.24841063886
200042.928 179150.2432399866
205599.676 184108.93645126064
211156.424 189009.72940551513
216713.172 193874.88839238771
222269.92 198757.40703876578
227826.668 203609.261707413
233383.416 208427.287145894
238940.16400000002 213249.6197002728
244496.912 218031.80047415683
250053.66 222746.4256644508
255610.408 227555.67974154284
261167.15600000002 232294.36653246533
266723.904 237102.8105141515
272280.652 241954.5397730718
277837.4 246701.47559625117
283394.148 251406.26367802953
288950.896 256146.47450907255
294507.64400000003 260911.5435623543
300064.392 265702.3398861929
305621.14 270368.4533697021
311177.88800000004 275062.43030079594
316734.636 279820.78644755896
322291.384 284621.1543423822
327848.132 289361.2373632026
333404.88 294116.26929654425
338961.628 298730.72074406076
344518.376 303553.7604057591
350075.124 308659.80304309377
355631.87200000003 313873.501041278
361188.62 319308.2208023201
366745.368 324478.1028701446
372302.116 329034.6505264597
377858.864 332907.19522145455
383415.612 337208.53702070814
388972.36 342587.618970226
394529.108 346396.3102864693
