1 12.78360819590205
2 3.679160419790105
3 1.2813593203398301
4 0.4877561219390305
5 0.2048975512243878
6 0.10644677661169415
7 0.05647176411794103
8 0.02448775612193903
9 0.011494252873563218
10 0.0074962518740629685
11 0.004997501249375313
12 0.001999000499750125
14 0.0014992503748125937
15 0.0004997501249375312
16 0.0004997501249375312
936 0.0004997501249375312
940 0.0004997501249375312
943 0.0009995002498750624
944 0.0004997501249375312
946 0.0004997501249375312
947 0.0014992503748125937
948 0.0009995002498750624
949 0.0014992503748125937
950 0.0024987506246876563
951 0.00399800099950025
952 0.0029985007496251873
953 0.005997001499250375
954 0.0029985007496251873
955 0.006496751624187906
956 0.009995002498750625
957 0.009495252373813094
958 0.010994502748625687
959 0.011494252873563218
960 0.010994502748625687
961 0.017491254372813594
962 0.01899050474762619
963 0.022488755622188907
964 0.030484757621189407
965 0.035982008995502246
966 0.035982008995502246
967 0.04147926036981509
968 0.03948025987006497
969 0.04397801099450275
970 0.04097951024487756
971 0.050974512743628186
972 0.05647176411794103
973 0.0544727636181909
974 0.047976011994003
975 0.04997501249375312
976 0.05347326336831584
977 0.0399800099950025
978 0.041979010494752625
979 0.04847576211894053
980 0.03498250874562719
981 0.026986506746626688
982 0.01699150424787606
983 0.01899050474762619
984 0.013993003498250875
985 0.011494252873563218
986 0.0074962518740629685
987 0.004997501249375313
988 0.001999000499750125
989 0.0034982508745627187
990 0.0014992503748125937
991 0.0004997501249375312
992 0.0004997501249375312
