1 55.70214892553723
2 13.213893053473264
3 4.849575212393803
4 2.208895552223888
5 1.1574212893553224
6 0.6766616691654173
7 0.39930034982508744
8 0.28835582208895555
9 0.1854072963518241
10 0.12393803098450774
11 0.08845577211394302
12 0.06196901549225387
13 0.04047976011994003
14 0.025987006496751622
15 0.01699150424787606
16 0.017991004497751123
17 0.009995002498750625
18 0.01249375312343828
19 0.00849575212393803
20 0.008995502248875561
21 0.0029985007496251873
22 0.00399800099950025
23 0.00399800099950025
24 0.0024987506246876563
25 0.0009995002498750624
26 0.0029985007496251873
27 0.0009995002498750624
28 0.0004997501249375312
30 0.0009995002498750624
31 0.0009995002498750624
35 0.0004997501249375312
36 0.0004997501249375312
45 0.0004997501249375312
769 0.0004997501249375312
774 0.0009995002498750624
787 0.0009995002498750624
791 0.0004997501249375312
794 0.0004997501249375312
797 0.0004997501249375312
799 0.0004997501249375312
805 0.0004997501249375312
806 0.0009995002498750624
808 0.0004997501249375312
810 0.0014992503748125937
811 0.0004997501249375312
812 0.0004997501249375312
813 0.0009995002498750624
814 0.0014992503748125937
815 0.0009995002498750624
816 0.0009995002498750624
817 0.0004997501249375312
818 0.0009995002498750624
819 0.0009995002498750624
820 0.0024987506246876563
821 0.0004997501249375312
822 0.0009995002498750624
823 0.0009995002498750624
824 0.0014992503748125937
825 0.0034982508745627187
826 0.001999000499750125
827 0.0014992503748125937
828 0.0024987506246876563
829 0.0009995002498750624
830 0.001999000499750125
831 0.004997501249375313
832 0.0024987506246876563
833 0.0034982508745627187
834 0.001999000499750125
835 0.004497751124437781
836 0.0034982508745627187
837 0.005997001499250375
838 0.006496751624187906
839 0.005497251374312844
840 0.006496751624187906
841 0.0014992503748125937
842 0.0074962518740629685
843 0.0079960019990005
844 0.00849575212393803
845 0.005497251374312844
846 0.005997001499250375
847 0.006496751624187906
848 0.009495252373813094
849 0.0079960019990005
850 0.0079960019990005
851 0.008995502248875561
852 0.011494252873563218
853 0.009495252373813094
854 0.008995502248875561
855 0.009495252373813094
856 0.009495252373813094
857 0.013493253373313344
858 0.014492753623188406
859 0.01899050474762619
860 0.013493253373313344
861 0.013493253373313344
862 0.014992503748125937
863 0.015492253873063468
864 0.020989505247376312
865 0.01249375312343828
866 0.014492753623188406
867 0.02048975512243878
868 0.017491254372813594
869 0.017491254372813594
870 0.015992003998001
871 0.025487256371814093
872 0.01649175412293853
873 0.021989005497251374
874 0.022988505747126436
875 0.019490254872563718
876 0.02048975512243878
877 0.01999000499750125
878 0.01899050474762619
879 0.015492253873063468
880 0.017491254372813594
881 0.020989505247376312
882 0.020989505247376312
883 0.015992003998001
884 0.01699150424787606
885 0.01899050474762619
886 0.01699150424787606
887 0.017491254372813594
888 0.017991004497751123
889 0.014492753623188406
890 0.011494252873563218
891 0.009495252373813094
892 0.014992503748125937
893 0.011494252873563218
894 0.01199400299850075
895 0.013493253373313344
896 0.01199400299850075
897 0.013493253373313344
898 0.01199400299850075
899 0.011494252873563218
900 0.00849575212393803
901 0.010994502748625687
902 0.005997001499250375
903 0.004497751124437781
904 0.0079960019990005
905 0.0069965017491254375
906 0.006496751624187906
907 0.0029985007496251873
908 0.0074962518740629685
909 0.0034982508745627187
910 0.0004997501249375312
911 0.0029985007496251873
912 0.001999000499750125
913 0.0029985007496251873
914 0.001999000499750125
915 0.001999000499750125
916 0.0004997501249375312
917 0.0024987506246876563
918 0.0009995002498750624
919 0.0024987506246876563
921 0.0004997501249375312
922 0.0004997501249375312
923 0.0004997501249375312
928 0.0004997501249375312
929 0.0004997501249375312
