1 30.638680659670165
2 16.547226386806596
3 9.128935532233884
4 5.4032983508245875
5 3.261869065467266
6 2.031984007996002
7 1.327336331834083
8 0.9515242378810594
9 0.7146426786606697
10 0.49375312343828087
11 0.37831084457771114
12 0.2753623188405797
13 0.2178910544727636
14 0.18590704647676162
15 0.13693153423288357
16 0.11744127936031984
17 0.1024487756121939
18 0.06946526736631684
19 0.06996501749125437
20 0.04297851074462768
21 0.0384807596201899
22 0.03698150924537731
23 0.028985507246376812
24 0.028985507246376812
25 0.02348825587206397
26 0.01999000499750125
27 0.014992503748125937
28 0.011494252873563218
29 0.014492753623188406
30 0.009495252373813094
31 0.010494752623688156
32 0.008995502248875561
33 0.009995002498750625
34 0.005997001499250375
35 0.006496751624187906
36 0.001999000499750125
37 0.0034982508745627187
38 0.0029985007496251873
39 0.004997501249375313
40 0.0079960019990005
41 0.001999000499750125
42 0.0014992503748125937
43 0.001999000499750125
44 0.0034982508745627187
45 0.0004997501249375312
46 0.0004997501249375312
47 0.0004997501249375312
48 0.0009995002498750624
49 0.0024987506246876563
50 0.0009995002498750624
51 0.0004997501249375312
52 0.0009995002498750624
53 0.0009995002498750624
54 0.0004997501249375312
55 0.0004997501249375312
56 0.0004997501249375312
57 0.0009995002498750624
61 0.0004997501249375312
62 0.0004997501249375312
67 0.0009995002498750624
68 0.0004997501249375312
69 0.0009995002498750624
86 0.0004997501249375312
596 0.0004997501249375312
658 0.0004997501249375312
663 0.0004997501249375312
682 0.0004997501249375312
686 0.0014992503748125937
690 0.0004997501249375312
693 0.0004997501249375312
694 0.0004997501249375312
696 0.0009995002498750624
698 0.0004997501249375312
700 0.0004997501249375312
704 0.0004997501249375312
707 0.0004997501249375312
708 0.0004997501249375312
711 0.0014992503748125937
712 0.0004997501249375312
713 0.0009995002498750624
714 0.0004997501249375312
715 0.0004997501249375312
716 0.0004997501249375312
717 0.0004997501249375312
719 0.0009995002498750624
721 0.001999000499750125
722 0.0009995002498750624
723 0.0014992503748125937
724 0.0014992503748125937
725 0.0004997501249375312
726 0.0004997501249375312
727 0.0009995002498750624
728 0.0014992503748125937
729 0.0009995002498750624
730 0.0014992503748125937
731 0.0014992503748125937
732 0.0009995002498750624
733 0.0009995002498750624
734 0.001999000499750125
736 0.001999000499750125
737 0.0004997501249375312
738 0.00399800099950025
739 0.0029985007496251873
740 0.0024987506246876563
741 0.0009995002498750624
742 0.00399800099950025
743 0.0024987506246876563
744 0.004997501249375313
745 0.0024987506246876563
746 0.0029985007496251873
747 0.001999000499750125
748 0.00399800099950025
749 0.004497751124437781
750 0.001999000499750125
751 0.0034982508745627187
752 0.0024987506246876563
753 0.00399800099950025
754 0.0029985007496251873
755 0.0069965017491254375
756 0.00399800099950025
757 0.00399800099950025
758 0.005997001499250375
759 0.0074962518740629685
760 0.005497251374312844
761 0.004497751124437781
762 0.0024987506246876563
763 0.0069965017491254375
764 0.009995002498750625
765 0.006496751624187906
766 0.0069965017491254375
767 0.0074962518740629685
768 0.005497251374312844
769 0.00849575212393803
770 0.00849575212393803
771 0.0029985007496251873
772 0.0074962518740629685
773 0.009995002498750625
774 0.009495252373813094
775 0.011494252873563218
776 0.009995002498750625
777 0.006496751624187906
778 0.010494752623688156
779 0.0069965017491254375
780 0.0069965017491254375
781 0.009995002498750625
782 0.0069965017491254375
783 0.005497251374312844
784 0.00849575212393803
785 0.014992503748125937
786 0.012993503248375811
787 0.0074962518740629685
788 0.010494752623688156
789 0.013993003498250875
790 0.01199400299850075
791 0.00849575212393803
792 0.010494752623688156
793 0.010994502748625687
794 0.013993003498250875
795 0.01249375312343828
796 0.012993503248375811
797 0.010494752623688156
798 0.01249375312343828
799 0.012993503248375811
800 0.011494252873563218
801 0.010494752623688156
802 0.014492753623188406
803 0.013493253373313344
804 0.009495252373813094
805 0.013993003498250875
806 0.0079960019990005
807 0.00849575212393803
808 0.01199400299850075
809 0.015492253873063468
810 0.009495252373813094
811 0.009995002498750625
812 0.014492753623188406
813 0.013993003498250875
814 0.0069965017491254375
815 0.013993003498250875
816 0.013993003498250875
817 0.009495252373813094
818 0.011494252873563218
819 0.0079960019990005
820 0.009495252373813094
821 0.010994502748625687
822 0.010994502748625687
823 0.009995002498750625
824 0.01649175412293853
825 0.005997001499250375
826 0.009995002498750625
827 0.008995502248875561
828 0.010494752623688156
829 0.011494252873563218
830 0.009995002498750625
831 0.01199400299850075
832 0.0079960019990005
833 0.009995002498750625
834 0.0079960019990005
835 0.00399800099950025
836 0.008995502248875561
837 0.005497251374312844
838 0.0074962518740629685
839 0.004997501249375313
840 0.004497751124437781
841 0.004497751124437781
842 0.0074962518740629685
843 0.0024987506246876563
844 0.0079960019990005
845 0.005497251374312844
846 0.005497251374312844
847 0.005497251374312844
848 0.001999000499750125
849 0.0034982508745627187
850 0.0034982508745627187
851 0.0034982508745627187
852 0.0034982508745627187
853 0.0034982508745627187
854 0.0034982508745627187
855 0.0024987506246876563
856 0.0029985007496251873
857 0.00399800099950025
858 0.0014992503748125937
859 0.004497751124437781
860 0.0029985007496251873
861 0.0014992503748125937
862 0.00399800099950025
863 0.0029985007496251873
864 0.0014992503748125937
865 0.0014992503748125937
867 0.0029985007496251873
868 0.0004997501249375312
869 0.0014992503748125937
870 0.0004997501249375312
871 0.0009995002498750624
873 0.0009995002498750624
877 0.0004997501249375312
878 0.0004997501249375312
879 0.0004997501249375312
880 0.0004997501249375312
881 0.0004997501249375312
882 0.0004997501249375312
