1 0.45177411294352826
2 0.3313343328335832
3 0.25987006496751625
4 0.19590204897551225
5 0.15892053973013492
6 0.12543728135932034
7 0.09545227386306847
8 0.06296851574212893
9 0.04897551224387806
10 0.037481259370314844
11 0.025987006496751622
12 0.017491254372813594
13 0.014492753623188406
14 0.014992503748125937
15 0.011494252873563218
16 0.006496751624187906
17 0.0034982508745627187
18 0.0034982508745627187
19 0.0029985007496251873
20 0.001999000499750125
21 0.0009995002498750624
22 0.0009995002498750624
23 0.0004997501249375312
24 0.0004997501249375312
25 0.0009995002498750624
26 0.0009995002498750624
27 0.0004997501249375312
958 0.0004997501249375312
960 0.0009995002498750624
961 0.0004997501249375312
962 0.0004997501249375312
963 0.0004997501249375312
964 0.0009995002498750624
965 0.0004997501249375312
966 0.0009995002498750624
967 0.001999000499750125
968 0.0014992503748125937
969 0.001999000499750125
970 0.0014992503748125937
971 0.00399800099950025
972 0.0009995002498750624
973 0.005497251374312844
974 0.005497251374312844
975 0.0024987506246876563
976 0.0034982508745627187
977 0.009495252373813094
978 0.008995502248875561
979 0.009995002498750625
980 0.01249375312343828
981 0.010994502748625687
982 0.013993003498250875
983 0.01999000499750125
984 0.017991004497751123
985 0.022488755622188907
986 0.034482758620689655
987 0.02798600699650175
988 0.03248375812093953
989 0.03498250874562719
990 0.0384807596201899
991 0.04047976011994003
992 0.04397801099450275
993 0.0559720139930035
994 0.054972513743128434
995 0.05897051474262868
996 0.07196401799100449
997 0.06496751624187906
998 0.06896551724137931
999 0.063968015992004
1000 0.14642678660669664
