0.03 0.002104407322911264
0.069 0.010600210122524689
0.12 0.029190329994086345
0.186 0.0614149082166604
0.271 0.11081079086641053
0.383 0.18238445676660786
0.527 0.27914331131530834
0.716 0.41260759161086713
0.96 0.5930160481862345
1.2790000000000001 0.835039754064454
1.692 1.15496307915065
2.23 1.5834063161540266
2.9290000000000003 2.1511699432171834
3.837 2.9029058423245546
5.019 3.889034974773377
6.554 5.151794221102122
8.55 6.79513640973992
11.146 8.994543411420109
14.519 11.811485516114553
18.905 15.50184733003393
24.606 20.33994826944363
32.018 26.481811108797203
41.654 34.562401254984664
54.18 45.02359407862106
70.464 58.66007141644934
91.633 76.44372429031255
119.153 99.64888464052109
154.929 129.51556000235428
201.43800000000002 168.2372617750222
261.9 218.99998922714906
340.499 284.59993982344554
442.67900000000003 370.2586069067408
575.513 482.201924124177
748.197 625.9493706343605
972.686 813.671260713687
1264.522 1061.3427906211846
1643.9080000000001 1376.5658638101306
2137.111 1785.0104988585736
2778.274 2323.3230202269106
2778.3740000000003 2323.4048355007994
5556.7480000000005 4654.370817564646
8335.122 6977.4156462854335
11113.496000000001 9312.289189142086
13891.87 11654.312429543847
16670.244 14005.065801216148
19448.618000000002 16354.521500024224
22226.992000000002 18697.021574774608
25005.366 21029.537315367594
27783.74 23373.947863486323
30562.114 25712.379043616176
33340.488 28063.574964668536
36118.862 30438.376766853118
38897.236000000004 32831.06169306324
41675.61 35246.17220664075
44453.984000000004 37655.559703749605
47232.358 40064.40109533711
50010.732 42497.21467940054
52789.106 44942.88341786044
55567.48 47370.36541601675
58345.854 49805.53917395007
61124.228 52241.90595782531
63902.602 54706.4183382693
66680.976 57186.893449805095
69459.35 59680.09408775974
72237.724 62178.03062835711
75016.098 64649.67553382375
77794.47200000001 67136.38056934228
80572.846 69633.67167028952
83351.22 72130.26698678978
86129.594 74646.56107288582
88907.96800000001 77164.49293530556
91686.342 79703.9552489351
94464.716 82253.66193403986
97243.09 84798.14206252154
100021.464 87337.43516988296
102799.838 89855.41142615084
105578.212 92378.97685662354
108356.586 94924.31143563172
111134.96 97466.15404225
113913.334 100045.67388901864
116691.708 102594.79958529516
119470.08200000001 105154.46602528376
122248.456 107676.14156075273
125026.83 110181.95688082905
127805.204 112694.14898257742
130583.57800000001 115105.85364816835
133361.952 117450.40641345644
136140.326 119753.74703311572
138918.7 122055.56551938319
141697.074 124320.35957355754
144475.448 126602.67892957432
147253.82200000001 128863.81280725593
150032.196 131071.17675124432
152810.57 133360.75120952568
155588.94400000002 135620.53812171612
158367.318 137923.59353461518
161145.692 140225.60067566432
163924.066 142508.3917610843
166702.44 144741.3746417801
169480.814 147036.07334740038
172259.188 149395.69652723178
175037.562 151820.60130141632
177815.93600000002 154194.96761986788
180594.31 156567.16793414412
183372.684 159177.36045951123
186151.058 161615.28230043786
188929.432 164029.34792205266
191707.806 166895.29477717564
194486.18 169867.1958067789
197264.554 172540.84546514408
